0 0.0756 0.6383 0.1289 0.2367 
0 0.1878 0.705 0.1533 0.3033 
0 0.3511 0.4633 0.1022 0.2 
0 0.3233 0.2817 0.0556 0.1167 
0 0.2944 0.2867 0.0333 0.08 
0 0.39 0.3 0.0511 0.0867 
0 0.4267 0.37 0.0711 0.1267 
0 0.4967 0.3067 0.0511 0.1 
0 0.4756 0.2633 0.0356 0.0733 
0 0.4489 0.2567 0.0311 0.0733 
0 0.6144 0.325 0.06 0.1233 
0 0.7011 0.3217 0.0467 0.11 
0 0.7722 0.2733 0.0467 0.0933 
0 0.8078 0.2083 0.0289 0.0633 
0 0.7044 0.235 0.0356 0.07 
0 0.5367 0.2133 0.0378 0.08 
0 0.5889 0.2417 0.0444 0.0767 
0 0.5811 0.185 0.0333 0.07 
0 0.6544 0.1867 0.0289 0.06 
0 0.6111 0.1933 0.0222 0.0467 
0 0.6956 0.1733 0.0222 0.0467 
0 0.7578 0.1533 0.0222 0.0467 
0 0.7178 0.1967 0.0267 0.0467 
0 0.8567 0.1567 0.0289 0.06 
0 0.6278 0.1767 0.0244 0.0467 
0 0.8167 0.1417 0.02 0.0367 
