0 0.0894 0.3665 0.0813 0.1499 
0 0.1956 0.423 0.0712 0.1273 
0 0.195 0.3183 0.07 0.1191 
0 0.2888 0.386 0.065 0.1355 
0 0.3256 0.4127 0.0387 0.1027 
0 0.3456 0.4014 0.0413 0.117 
0 0.3981 0.4261 0.0638 0.1211 
0 0.4487 0.4569 0.05 0.1088 
0 0.6044 0.4127 0.0462 0.1109 
0 0.6275 0.3665 0.06 0.1211 
0 0.6725 0.3624 0.0475 0.1088 
0 0.7256 0.384 0.0537 0.1068 
0 0.7638 0.3758 0.0425 0.0986 
0 0.8425 0.4374 0.05 0.1027 
0 0.8862 0.4261 0.05 0.0965 
0 0.9344 0.4312 0.0437 0.0986 
1 0.5331 0.4025 0.0612 0.1109 
1 0.0213 0.4333 0.04 0.1027 
0 0.2569 0.3758 0.0413 0.0986 
