0 0.0586 0.8012 0.1141 0.2163 
0 0.1305 0.6605 0.0453 0.0837 
0 0.2195 0.6244 0.0328 0.0535 
0 0.2289 0.6837 0.0578 0.1163 
0 0.3031 0.6826 0.075 0.1093 
0 0.0719 0.5465 0.0187 0.0326 
0 0.4172 0.6593 0.0531 0.1047 
0 0.4734 0.7035 0.0656 0.1279 
0 0.5453 0.7605 0.1031 0.1767 
0 0.5492 0.6233 0.0359 0.0465 
0 0.6117 0.6221 0.0359 0.0535 
0 0.7109 0.75 0.0969 0.1651 
0 0.7844 0.8686 0.2 0.2628 
0 0.6758 0.6756 0.0641 0.0953 
0 0.732 0.636 0.0328 0.0581 
0 0.8398 0.7012 0.0797 0.1326 
0 0.9148 0.714 0.0703 0.1395 
0 0.7156 0.6035 0.0219 0.0395 
0 0.7828 0.6244 0.0344 0.0535 
0 0.8336 0.6105 0.0297 0.0442 
0 0.3266 0.7767 0.1187 0.1674 
0 0.3484 0.6535 0.0406 0.0791 
0 0.1828 0.55 0.0156 0.0256 
0 0.5141 0.6419 0.0344 0.0605 
1 0.9539 0.6 0.0266 0.0372 
1 0.9172 0.6233 0.0281 0.0419 
0 0.9406 0.6477 0.05 0.0674 
1 0.7469 0.5988 0.0187 0.0256 
1 0.6617 0.6058 0.0234 0.0302 
1 0.7922 0.593 0.0187 0.0279 
1 0.8734 0.5953 0.0156 0.0279 
0 0.8523 0.593 0.0297 0.0372 
0 0.9922 0.6174 0.0156 0.0488 
0 0.9313 0.5907 0.0187 0.0233 
0 0.9711 0.6012 0.0172 0.0349 
