0 0.0782 0.5628 0.0655 0.1093 
0 0.5409 0.5328 0.06 0.0929 
0 0.7527 0.3593 0.0291 0.0519 
0 0.8173 0.3702 0.0236 0.041 
0 0.6264 0.4918 0.0527 0.0984 
1 0.4582 0.6421 0.0618 0.1093 
1 0.6227 0.5984 0.06 0.1093 
1 0.6973 0.5137 0.0527 0.0874 
1 0.7782 0.5656 0.0436 0.0929 
1 0.8836 0.6161 0.0691 0.1066 
1 0.9182 0.5437 0.0655 0.0984 
1 0.9845 0.4604 0.0309 0.0792 
1 0.6964 0.4549 0.04 0.0519 
1 0.7455 0.4549 0.0291 0.0574 
1 0.7927 0.418 0.0364 0.0492 
1 0.31 0.6038 0.0709 0.1311 
1 0.1582 0.6352 0.0618 0.112 
1 0.3545 0.582 0.0436 0.082 
1 0.4655 0.526 0.04 0.0956 
1 0.4391 0.485 0.0382 0.0683 
1 0.4991 0.4495 0.0273 0.041 
