0 0.0963 0.4192 0.0325 0.0564 
0 0.1163 0.4248 0.0225 0.0526 
0 0.1663 0.4211 0.0325 0.0526 
0 0.1888 0.4154 0.0225 0.0489 
0 0.2412 0.4079 0.0325 0.0564 
0 0.3038 0.4173 0.0275 0.0526 
0 0.3825 0.4079 0.03 0.0564 
0 0.4037 0.4286 0.0225 0.0451 
0 0.4387 0.4117 0.0325 0.0639 
0 0.4813 0.4361 0.0275 0.0451 
0 0.5487 0.4154 0.0325 0.0564 
0 0.6025 0.4323 0.03 0.0526 
0 0.6338 0.4267 0.0225 0.0564 
0 0.6525 0.4323 0.03 0.0677 
0 0.7113 0.4248 0.0425 0.0902 
0 0.7525 0.4229 0.035 0.0714 
0 0.7875 0.4417 0.035 0.0714 
0 0.8237 0.4492 0.0625 0.109 
0 0.94 0.4323 0.06 0.1053 
0 0.9862 0.4417 0.0275 0.1541 
1 0.34 0.4211 0.035 0.0602 
1 0.8812 0.4549 0.0725 0.1203 
1 0.515 0.4342 0.025 0.0414 
