1 0.1385 0.5344 0.0435 0.0802 
1 0.2361 0.341 0.0171 0.0315 
1 0.2592 0.3926 0.0239 0.0401 
1 0.2882 0.3825 0.0239 0.0516 
1 0.2907 0.3216 0.0188 0.033 
1 0.3478 0.3617 0.0256 0.0501 
1 0.3291 0.3374 0.0188 0.0387 
1 0.3645 0.3324 0.0196 0.0315 
1 0.3645 0.3037 0.0162 0.0287 
1 0.4007 0.2658 0.0171 0.0301 
1 0.422 0.3403 0.0239 0.0387 
1 0.393 0.3496 0.0256 0.0458 
1 0.4565 0.3381 0.0213 0.043 
1 0.4425 0.3116 0.0205 0.033 
1 0.4199 0.3037 0.0196 0.0344 
1 0.4211 0.2744 0.0171 0.0301 
1 0.4395 0.2643 0.0145 0.0301 
1 0.4514 0.2837 0.0179 0.0401 
1 0.4821 0.3181 0.023 0.043 
1 0.4855 0.2722 0.0196 0.0372 
1 0.4791 0.2428 0.0153 0.0301 
1 0.5243 0.2658 0.0222 0.0387 
1 0.5158 0.3403 0.0273 0.0444 
1 0.5413 0.2808 0.0171 0.043 
1 0.5635 0.2572 0.0153 0.0387 
1 0.5759 0.288 0.0162 0.0344 
1 0.5955 0.2693 0.0179 0.0315 
1 0.5729 0.2264 0.0119 0.0258 
1 0.5874 0.2221 0.0136 0.0315 
1 0.5916 0.2457 0.0171 0.0301 
1 0.6206 0.2543 0.0171 0.0301 
1 0.6334 0.212 0.0136 0.0315 
1 0.6483 0.212 0.0145 0.0315 
1 0.6556 0.255 0.0188 0.0344 
1 0.6436 0.2378 0.0171 0.0287 
1 0.6927 0.2113 0.0162 0.0244 
1 0.6986 0.2421 0.0179 0.0315 
1 0.7097 0.2256 0.0162 0.033 
1 0.6927 0.2765 0.0162 0.0344 
1 0.4949 0.414 0.0332 0.0659 
1 0.5558 0.3632 0.029 0.053 
1 0.549 0.4334 0.0375 0.0645 
1 0.6108 0.457 0.035 0.0716 
1 0.6586 0.4613 0.0401 0.0774 
1 0.63 0.3718 0.0307 0.0559 
1 0.6206 0.3274 0.0239 0.0473 
1 0.6539 0.3016 0.0222 0.0473 
1 0.6679 0.3496 0.0213 0.043 
1 0.6799 0.3675 0.0281 0.0559 
1 0.7038 0.3173 0.0179 0.0415 
1 0.7268 0.3066 0.0196 0.0401 
1 0.7289 0.2557 0.0153 0.0358 
1 0.7131 0.3646 0.023 0.0501 
1 0.7464 0.4069 0.0298 0.0544 
1 0.7263 0.5387 0.0392 0.0745 
1 0.8363 0.5881 0.0375 0.0817 
1 0.7975 0.4277 0.0332 0.0616 
1 0.87 0.4699 0.0332 0.063 
1 0.7617 0.255 0.0179 0.0344 
1 0.772 0.245 0.0128 0.0315 
1 0.8039 0.2858 0.0171 0.0387 
1 0.7984 0.2686 0.0145 0.0301 
1 0.8116 0.2686 0.0153 0.0358 
1 0.8073 0.2471 0.0136 0.0301 
1 0.8372 0.2479 0.0171 0.0372 
1 0.8517 0.2758 0.0188 0.0387 
1 0.8423 0.298 0.0153 0.0315 
1 0.8581 0.341 0.0196 0.043 
1 0.8444 0.3646 0.0247 0.053 
1 0.8883 0.404 0.0307 0.0573 
1 0.9395 0.457 0.0307 0.0659 
1 0.9544 0.366 0.0213 0.053 
1 0.9552 0.3266 0.0162 0.0401 
1 0.965 0.308 0.0171 0.0372 
1 0.9714 0.2915 0.0162 0.033 
1 0.9105 0.2622 0.0136 0.0315 
1 0.8738 0.2643 0.0153 0.033 
1 0.8883 0.2787 0.0188 0.0387 
1 0.8738 0.3331 0.0222 0.0444 
1 0.9011 0.3453 0.0205 0.0487 
1 0.9182 0.3274 0.0188 0.0415 
1 0.9275 0.3044 0.0171 0.033 
