1 0.1568 0.3659 0.0353 0.0772 
1 0.3255 0.2317 0.0217 0.0447 
1 0.3438 0.1961 0.0148 0.0427 
1 0.3558 0.2134 0.0182 0.0366 
1 0.4168 0.2053 0.0194 0.0407 
1 0.4265 0.1809 0.0182 0.0407 
1 0.4527 0.2154 0.0205 0.0447 
1 0.488 0.2287 0.0205 0.0508 
1 0.4835 0.185 0.016 0.0366 
1 0.4504 0.1524 0.016 0.0325 
1 0.4738 0.1484 0.0125 0.0325 
1 0.4818 0.1341 0.0148 0.0285 
1 0.4989 0.1514 0.0171 0.0305 
1 0.5103 0.1402 0.0125 0.0244 
1 0.5165 0.1585 0.016 0.0285 
1 0.52 0.1199 0.0114 0.0244 
1 0.5371 0.1494 0.016 0.0305 
1 0.5587 0.122 0.0114 0.0285 
1 0.5496 0.188 0.0182 0.0467 
1 0.5553 0.1636 0.016 0.0386 
1 0.5707 0.1606 0.0148 0.0325 
1 0.5912 0.1758 0.0171 0.0386 
1 0.5895 0.1169 0.0137 0.0346 
1 0.6066 0.1402 0.0137 0.0325 
1 0.6112 0.0996 0.0114 0.0285 
1 0.6437 0.1199 0.0125 0.0244 
1 0.6368 0.1453 0.0125 0.0264 
1 0.6534 0.1494 0.016 0.0346 
1 0.6613 0.1311 0.0137 0.0305 
1 0.6665 0.1148 0.0148 0.0305 
1 0.6522 0.1067 0.0114 0.0224 
1 0.6944 0.123 0.0137 0.0264 
1 0.7104 0.1291 0.0114 0.0264 
1 0.5291 0.2713 0.0251 0.0508 
1 0.5941 0.2876 0.0205 0.0508 
1 0.6055 0.31 0.0296 0.0671 
1 0.6579 0.3394 0.0296 0.0772 
1 0.6032 0.2358 0.0251 0.0528 
1 0.6351 0.251 0.0228 0.0467 
1 0.6334 0.2063 0.0194 0.0427 
1 0.6716 0.2246 0.0205 0.0549 
1 0.6739 0.1799 0.0182 0.0386 
1 0.7081 0.1799 0.0182 0.0386 
1 0.7246 0.2317 0.0217 0.0447 
1 0.6938 0.3974 0.0331 0.0711 
1 0.7457 0.1707 0.0182 0.0407 
1 0.76 0.1301 0.0148 0.0407 
1 0.7702 0.1463 0.0148 0.0366 
1 0.7862 0.1433 0.0171 0.0346 
1 0.7816 0.1809 0.0171 0.0407 
1 0.801 0.2033 0.0194 0.0528 
1 0.8022 0.1687 0.0125 0.0285 
1 0.8187 0.1931 0.016 0.0407 
1 0.8369 0.1738 0.0137 0.0305 
1 0.8466 0.1596 0.0125 0.0305 
1 0.8552 0.188 0.016 0.0427 
1 0.8461 0.2185 0.0182 0.0467 
1 0.8204 0.2591 0.0217 0.0549 
1 0.7805 0.2774 0.0262 0.063 
1 0.8181 0.3679 0.0353 0.0691 
1 0.8455 0.2988 0.0285 0.061 
1 0.8774 0.2734 0.0239 0.0549 
1 0.8894 0.2266 0.0182 0.0427 
1 0.8712 0.186 0.0137 0.0305 
1 0.8751 0.1646 0.0125 0.0244 
1 0.8803 0.1514 0.0137 0.0264 
1 0.9002 0.1961 0.0171 0.0386 
1 0.9219 0.1809 0.0125 0.0366 
1 0.9304 0.2785 0.0228 0.0488 
1 0.9151 0.3343 0.0239 0.0508 
1 0.9151 0.3984 0.0285 0.0732 
1 0.9265 0.2398 0.0171 0.0407 
1 0.9401 0.2337 0.0171 0.0366 
1 0.9555 0.186 0.016 0.0386 
1 0.687 0.2815 0.0285 0.0508 
