1 0.0818 0.4522 0.0288 0.0683 
1 0.1368 0.5708 0.0337 0.0734 
1 0.0583 0.3771 0.0247 0.0614 
1 0.0575 0.2065 0.0214 0.0375 
1 0.092 0.0981 0.0148 0.0256 
1 0.1163 0.1886 0.0173 0.0358 
1 0.1598 0.1246 0.014 0.0375 
1 0.1915 0.1724 0.0148 0.0375 
1 0.1754 0.2338 0.0156 0.041 
1 0.2412 0.2415 0.0222 0.0563 
1 0.2149 0.3148 0.0222 0.0529 
1 0.2136 0.4488 0.0279 0.0546 
1 0.5501 0.442 0.0271 0.0751 
1 0.4569 0.2577 0.023 0.0444 
1 0.4873 0.1988 0.0181 0.0392 
1 0.5185 0.1451 0.0148 0.0444 
1 0.5571 0.2713 0.023 0.0546 
1 0.6988 0.3234 0.0205 0.0529 
1 0.364 0.1988 0.0197 0.0392 
1 0.3176 0.2073 0.0173 0.0324 
1 0.2962 0.1724 0.0156 0.0375 
1 0.2983 0.1365 0.0181 0.0375 
1 0.2625 0.0998 0.0156 0.0324 
1 0.2297 0.1237 0.0156 0.029 
1 0.3714 0.0631 0.0115 0.0307 
1 0.401 0.07 0.0115 0.0307 
1 0.4339 0.1425 0.0164 0.0358 
1 0.3882 0.1493 0.0156 0.0324 
1 0.4417 0.064 0.0123 0.0256 
1 0.4725 0.1058 0.0148 0.0307 
1 0.4762 0.1433 0.0156 0.0307 
1 0.4938 0.1015 0.0131 0.029 
1 0.5185 0.0819 0.0099 0.0239 
1 0.4955 0.0512 0.0115 0.0273 
1 0.5551 0.0606 0.014 0.0324 
1 0.585 0.1724 0.0181 0.0444 
1 0.6237 0.2082 0.0181 0.041 
1 0.6056 0.1007 0.0131 0.0307 
1 0.5855 0.0768 0.0123 0.0307 
1 0.636 0.0904 0.0148 0.0273 
1 0.6693 0.1305 0.0156 0.0427 
1 0.7206 0.1852 0.0148 0.0392 
1 0.7424 0.1877 0.014 0.0341 
1 0.7251 0.2415 0.0173 0.0563 
1 0.7946 0.3353 0.0279 0.0631 
1 0.7896 0.1792 0.0131 0.041 
1 0.827 0.2022 0.0173 0.0461 
1 0.871 0.2423 0.0164 0.041 
1 0.8919 0.2756 0.0156 0.0461 
1 0.9458 0.3328 0.0164 0.0512 
