1 0.2053 0.3637 0.0438 0.0953 
1 0.2561 0.2893 0.0168 0.0368 
1 0.2872 0.2709 0.014 0.0368 
1 0.297 0.2642 0.0205 0.0401 
1 0.3087 0.2366 0.0196 0.0351 
1 0.3259 0.2659 0.0149 0.0301 
1 0.3399 0.2784 0.0186 0.0452 
1 0.3706 0.2166 0.0186 0.0351 
1 0.3818 0.2232 0.0149 0.0385 
1 0.3855 0.2023 0.0186 0.0334 
1 0.4036 0.2341 0.0214 0.0435 
1 0.4227 0.2826 0.0261 0.0468 
1 0.4078 0.1756 0.0168 0.0268 
1 0.4316 0.2023 0.0177 0.0368 
1 0.4427 0.2283 0.0196 0.0385 
1 0.4679 0.2349 0.0251 0.0452 
1 0.453 0.1823 0.0177 0.0401 
1 0.4604 0.1572 0.0121 0.0301 
1 0.4674 0.1614 0.0168 0.0351 
1 0.4804 0.1781 0.0168 0.0284 
1 0.534 0.1982 0.0214 0.0351 
1 0.5209 0.1697 0.0158 0.0318 
1 0.5126 0.153 0.0158 0.0284 
1 0.4851 0.1321 0.0149 0.0301 
1 0.5303 0.1288 0.0158 0.0268 
1 0.5484 0.1421 0.0149 0.0301 
1 0.5535 0.1271 0.0121 0.0268 
1 0.5601 0.1196 0.014 0.0284 
1 0.5894 0.1229 0.0168 0.0318 
1 0.5605 0.1739 0.0186 0.0368 
1 0.575 0.1589 0.0158 0.0334 
1 0.608 0.1296 0.013 0.0251 
1 0.6043 0.1012 0.013 0.0284 
1 0.621 0.1438 0.0168 0.0334 
1 0.6238 0.1037 0.013 0.0268 
1 0.6476 0.1037 0.014 0.0268 
1 0.648 0.1221 0.0149 0.0268 
1 0.6629 0.1221 0.0149 0.0334 
1 0.6867 0.1054 0.014 0.0368 
1 0.5405 0.3127 0.0289 0.0602 
1 0.4935 0.3018 0.0317 0.0619 
1 0.575 0.2416 0.0233 0.0452 
1 0.6043 0.2166 0.0223 0.0485 
1 0.6108 0.2651 0.0261 0.0518 
1 0.5894 0.3687 0.0335 0.0753 
1 0.6727 0.3378 0.0307 0.0769 
1 0.6615 0.2651 0.0251 0.0518 
1 0.6564 0.2174 0.0242 0.0502 
1 0.6434 0.1848 0.0186 0.0351 
1 0.6792 0.1672 0.0196 0.0401 
1 0.7025 0.1831 0.0196 0.0452 
1 0.6872 0.2283 0.0298 0.0552 
1 0.7034 0.1421 0.0177 0.0368 
1 0.7379 0.148 0.0214 0.0351 
1 0.737 0.1137 0.0158 0.0334 
1 0.7267 0.2007 0.0214 0.0401 
1 0.7435 0.2375 0.0233 0.0535 
1 0.7528 0.1865 0.0196 0.0385 
1 0.7556 0.138 0.0158 0.0318 
1 0.7751 0.1246 0.0158 0.0318 
1 0.7905 0.138 0.0168 0.0318 
1 0.8091 0.1196 0.013 0.0284 
1 0.7984 0.1781 0.0177 0.0418 
1 0.8194 0.2391 0.0186 0.0502 
1 0.7784 0.2943 0.0261 0.0635 
1 0.7249 0.311 0.0289 0.0569 
1 0.9153 0.2968 0.0317 0.0619 
1 0.8655 0.2299 0.0196 0.0585 
1 0.8389 0.194 0.0205 0.0468 
1 0.8315 0.148 0.0168 0.0385 
1 0.8561 0.1538 0.014 0.0401 
1 0.871 0.1798 0.0158 0.0385 
1 0.8864 0.2032 0.0149 0.0418 
1 0.8939 0.1722 0.0186 0.0401 
1 0.8873 0.1329 0.0168 0.0351 
1 0.9185 0.2082 0.0233 0.0452 
1 0.9218 0.1764 0.0168 0.0318 
1 0.9195 0.1538 0.0158 0.0234 
