1 0.0814 0.4131 0.0519 0.0657 
1 0.1268 0.4853 0.0968 0.1279 
1 0.1888 0.3633 0.0467 0.0646 
1 0.2487 0.3815 0.0467 0.0681 
1 0.368 0.4495 0.0651 0.0962 
1 0.3715 0.3674 0.0352 0.0587 
1 0.4221 0.392 0.0379 0.0563 
1 0.4573 0.3486 0.0273 0.0493 
1 0.5092 0.4055 0.0484 0.0669 
1 0.5013 0.3797 0.029 0.0434 
1 0.4749 0.5505 0.0995 0.1714 
1 0.6835 0.4413 0.0625 0.1009 
1 0.6215 0.3944 0.0423 0.0657 
1 0.5629 0.3779 0.0414 0.0446 
1 0.6206 0.355 0.0246 0.034 
1 0.6677 0.3744 0.0273 0.0446 
1 0.7271 0.3539 0.0317 0.0528 
1 0.7694 0.4114 0.0493 0.0763 
1 0.8041 0.3944 0.0379 0.0563 
1 0.842 0.3885 0.0379 0.0469 
1 0.8556 0.3691 0.0335 0.0552 
1 0.8688 0.6191 0.1232 0.2077 
1 0.9604 0.4894 0.0792 0.1056 
1 0.9375 0.4032 0.0563 0.0599 
1 0.9516 0.3809 0.0317 0.0575 
