1 0.0594 0.2993 0.0604 0.0931 
1 0.0255 0.359 0.049 0.0681 
1 0.0859 0.3639 0.0385 0.0611 
1 0.1187 0.3688 0.0458 0.0653 
1 0.1417 0.3583 0.0271 0.0583 
1 0.1568 0.375 0.0219 0.0417 
1 0.1672 0.3819 0.0219 0.0528 
1 0.2214 0.3847 0.0281 0.0444 
1 0.2458 0.3847 0.0333 0.0556 
1 0.2734 0.3847 0.0281 0.0389 
1 0.313 0.3833 0.0219 0.0389 
1 0.3286 0.3833 0.026 0.05 
1 0.3698 0.3812 0.0312 0.0486 
1 0.3964 0.3757 0.0281 0.0403 
1 0.4188 0.3465 0.0417 0.0625 
1 0.5219 0.375 0.0542 0.075 
1 0.6755 0.3778 0.024 0.05 
1 0.6995 0.391 0.024 0.0431 
1 0.7339 0.3347 0.0323 0.0528 
1 0.7797 0.3729 0.0448 0.0653 
1 0.8375 0.3236 0.0437 0.0806 
1 0.8698 0.3111 0.0646 0.0972 
1 0.9604 0.3187 0.0604 0.1181 
