1 0.212 0.4713 0.0439 0.0784 
1 0.3811 0.2361 0.0153 0.0331 
1 0.4069 0.243 0.0229 0.0436 
1 0.4513 0.2544 0.0181 0.0348 
1 0.3758 0.1986 0.0124 0.0314 
1 0.393 0.2082 0.0162 0.0261 
1 0.425 0.2082 0.0172 0.0296 
1 0.4436 0.2003 0.0124 0.0279 
1 0.4733 0.2317 0.0201 0.0418 
1 0.4241 0.1568 0.0134 0.0244 
1 0.4269 0.1821 0.0115 0.0226 
1 0.4365 0.1551 0.0115 0.0314 
1 0.4508 0.1594 0.0115 0.0261 
1 0.457 0.1707 0.0124 0.0279 
1 0.4747 0.1768 0.0153 0.0331 
1 0.4656 0.1455 0.0124 0.0226 
1 0.4752 0.1507 0.0124 0.0226 
1 0.4904 0.1402 0.0105 0.0261 
1 0.4976 0.1193 0.0115 0.0192 
1 0.5138 0.169 0.0134 0.0244 
1 0.5062 0.203 0.0172 0.0296 
1 0.5306 0.2012 0.0181 0.0331 
1 0.5549 0.1655 0.0153 0.0314 
1 0.5874 0.1707 0.0153 0.0314 
1 0.5759 0.1402 0.0134 0.0331 
1 0.5458 0.1333 0.0105 0.0226 
1 0.532 0.1429 0.0134 0.0209 
1 0.5974 0.1516 0.0143 0.0279 
1 0.6141 0.1298 0.0115 0.0261 
1 0.6246 0.122 0.0134 0.0244 
1 0.5998 0.1132 0.0134 0.0279 
1 0.606 0.0915 0.0124 0.0226 
1 0.5583 0.27 0.0201 0.0453 
1 0.6218 0.3206 0.0306 0.0557 
1 0.67 0.351 0.0315 0.061 
1 0.6117 0.2578 0.0258 0.0557 
1 0.6347 0.2256 0.0239 0.0505 
1 0.6671 0.2099 0.0162 0.0366 
1 0.6619 0.1437 0.0153 0.0366 
1 0.66 0.1124 0.0134 0.0331 
1 0.6781 0.1202 0.0134 0.0279 
1 0.702 0.1176 0.0153 0.0296 
1 0.6948 0.1577 0.0124 0.0296 
1 0.7082 0.189 0.0162 0.0366 
1 0.7197 0.1568 0.0105 0.0279 
1 0.7326 0.1733 0.0134 0.0296 
1 0.756 0.1585 0.0124 0.0314 
1 0.7598 0.1394 0.0124 0.0279 
1 0.7775 0.1402 0.0115 0.0296 
1 0.7918 0.1638 0.0134 0.0348 
1 0.7765 0.1925 0.0153 0.0331 
1 0.7469 0.2021 0.0134 0.0314 
1 0.7521 0.2456 0.0201 0.0453 
1 0.7378 0.2822 0.022 0.0523 
1 0.8157 0.2901 0.0229 0.0505 
1 0.7951 0.2169 0.0143 0.0366 
1 0.8286 0.1646 0.0124 0.0331 
1 0.8415 0.1594 0.0115 0.0366 
1 0.861 0.1934 0.0143 0.0279 
1 0.8453 0.2221 0.0172 0.0331 
1 0.841 0.3153 0.022 0.0523 
1 0.8763 0.2883 0.0162 0.0505 
1 0.9303 0.311 0.0191 0.047 
1 0.8902 0.2578 0.0134 0.0314 
1 0.8916 0.2326 0.0143 0.0331 
1 0.8964 0.1995 0.0124 0.0366 
1 0.8749 0.1794 0.0134 0.0279 
1 0.9408 0.2378 0.0153 0.0331 
1 0.9451 0.203 0.0143 0.0296 
1 0.9322 0.1725 0.0153 0.0314 
