1 0.1686 0.4799 0.0653 0.1284 
1 0.3116 0.2385 0.0214 0.0441 
1 0.3442 0.2011 0.0225 0.0536 
1 0.4149 0.2021 0.0203 0.0479 
1 0.4111 0.1628 0.0171 0.0383 
1 0.4309 0.1762 0.0139 0.0345 
1 0.4513 0.1992 0.0246 0.0498 
1 0.4813 0.2299 0.0225 0.046 
1 0.4502 0.1446 0.0182 0.0364 
1 0.5268 0.2059 0.0257 0.0632 
1 0.568 0.2529 0.0289 0.0536 
1 0.5594 0.1791 0.0161 0.0364 
1 0.5096 0.137 0.015 0.0287 
1 0.4668 0.1533 0.0128 0.0307 
1 0.4909 0.1676 0.0182 0.0326 
1 0.47 0.1858 0.0171 0.0345 
1 0.4706 0.1341 0.0118 0.0268 
1 0.4893 0.1437 0.0128 0.0268 
1 0.5423 0.1389 0.0139 0.0287 
1 0.5353 0.1207 0.0128 0.023 
1 0.5519 0.1216 0.0139 0.0287 
1 0.5621 0.1389 0.015 0.0287 
1 0.5883 0.1571 0.0203 0.0345 
1 0.6247 0.1408 0.0161 0.0326 
1 0.6558 0.1389 0.0161 0.0326 
1 0.6349 0.1964 0.0193 0.0479 
1 0.6221 0.2423 0.0257 0.0479 
1 0.629 0.3056 0.031 0.067 
1 0.6622 0.2797 0.0225 0.0613 
1 0.6649 0.2241 0.0236 0.0536 
1 0.666 0.1839 0.0214 0.046 
1 0.7007 0.16 0.0139 0.0402 
1 0.7179 0.2385 0.0225 0.0556 
1 0.7034 0.1973 0.0193 0.0421 
1 0.7355 0.1801 0.0193 0.0421 
1 0.7548 0.1494 0.0171 0.0421 
1 0.7511 0.1226 0.0182 0.0383 
1 0.7794 0.1284 0.0171 0.0383 
1 0.7725 0.1753 0.0161 0.0364 
1 0.7982 0.1705 0.0161 0.0345 
1 0.7869 0.2184 0.0193 0.0498 
1 0.8314 0.1686 0.0161 0.0421 
1 0.8089 0.1992 0.0161 0.0421 
1 0.8051 0.2912 0.0236 0.0613 
1 0.6943 0.3515 0.031 0.0747 
1 0.8474 0.3467 0.0246 0.0651 
1 0.8683 0.2845 0.0236 0.0632 
1 0.8512 0.2136 0.0171 0.0441 
1 0.8153 0.2625 0.0246 0.0575 
1 0.8271 0.2251 0.0182 0.0402 
1 0.8694 0.1753 0.015 0.0402 
1 0.8833 0.2251 0.0193 0.0594 
1 0.8897 0.1954 0.0171 0.0421 
1 0.9052 0.1954 0.0182 0.0421 
1 0.9304 0.2366 0.0236 0.0556 
1 0.9234 0.296 0.0246 0.0594 
1 0.9069 0.3602 0.03 0.0766 
1 0.9138 0.4473 0.0332 0.0824 
