1 0.1701 0.4849 0.0403 0.0702 
1 0.261 0.24 0.0178 0.0351 
1 0.299 0.2492 0.015 0.0334 
1 0.3144 0.2575 0.0234 0.0401 
1 0.3215 0.2391 0.0206 0.0368 
1 0.3144 0.214 0.0159 0.0301 
1 0.3538 0.204 0.0159 0.0334 
1 0.3636 0.2132 0.0169 0.0318 
1 0.3679 0.2425 0.0216 0.0401 
1 0.3955 0.2667 0.0262 0.0485 
1 0.3964 0.2099 0.0187 0.0351 
1 0.3866 0.1814 0.0178 0.0351 
1 0.3772 0.1798 0.0122 0.0385 
1 0.4208 0.1789 0.015 0.0334 
1 0.4316 0.2291 0.0216 0.0468 
1 0.4489 0.1789 0.0169 0.0301 
1 0.4667 0.143 0.015 0.0284 
1 0.4761 0.1522 0.015 0.0234 
1 0.4888 0.1898 0.0197 0.0351 
1 0.4803 0.2249 0.0197 0.0351 
1 0.5351 0.1831 0.0225 0.0385 
1 0.5164 0.1597 0.0169 0.0351 
1 0.5009 0.1488 0.0159 0.0368 
1 0.4878 0.1296 0.0141 0.0318 
1 0.5487 0.1547 0.0141 0.0351 
1 0.5628 0.1438 0.0122 0.0268 
1 0.5769 0.1405 0.0141 0.0301 
1 0.5651 0.112 0.015 0.0268 
1 0.5825 0.1605 0.0159 0.0334 
1 0.5872 0.1196 0.0122 0.0284 
1 0.6045 0.1229 0.0131 0.0251 
1 0.6125 0.1087 0.0122 0.0234 
1 0.6148 0.1405 0.015 0.0334 
1 0.6298 0.1288 0.0131 0.0268 
1 0.6448 0.107 0.0112 0.0334 
1 0.6649 0.1271 0.0122 0.0234 
1 0.5206 0.2843 0.0253 0.0502 
1 0.5455 0.3002 0.0281 0.0552 
1 0.553 0.2441 0.0244 0.0569 
1 0.6232 0.2441 0.0262 0.0535 
1 0.6289 0.3018 0.03 0.0518 
1 0.6256 0.1973 0.0234 0.0435 
1 0.6612 0.2048 0.0216 0.0385 
1 0.6706 0.2425 0.0272 0.0535 
1 0.7029 0.2709 0.0281 0.0535 
1 0.7081 0.2124 0.0253 0.0401 
1 0.6945 0.1839 0.0225 0.0435 
1 0.6898 0.1421 0.0187 0.0401 
1 0.6579 0.1722 0.0169 0.0368 
1 0.7067 0.1463 0.015 0.0351 
1 0.7202 0.1647 0.0197 0.0385 
1 0.739 0.1873 0.0178 0.0435 
1 0.7348 0.1171 0.015 0.0301 
1 0.7427 0.1371 0.0178 0.0334 
1 0.7587 0.1229 0.0178 0.0351 
1 0.7648 0.1547 0.0169 0.0385 
1 0.7802 0.1789 0.0178 0.0401 
1 0.7755 0.2241 0.0216 0.0468 
1 0.768 0.2625 0.0234 0.0535 
1 0.8458 0.2876 0.0272 0.0602 
1 0.8543 0.2333 0.0253 0.0518 
1 0.8365 0.1931 0.0178 0.0385 
1 0.7999 0.1564 0.0159 0.0351 
1 0.7905 0.1405 0.0141 0.0301 
1 0.8425 0.1355 0.0169 0.0334 
1 0.8454 0.1664 0.015 0.0318 
1 0.8622 0.1455 0.015 0.0368 
1 0.888 0.1572 0.0141 0.0368 
1 0.8899 0.2057 0.0122 0.0368 
1 0.9124 0.2333 0.0253 0.0418 
1 0.9358 0.255 0.0234 0.0619 
