1 0.825 0.4244 0.206 0.3344 
1 0.758 0.2267 0.096 0.1318 
1 0.638 0.2942 0.124 0.209 
1 0.563 0.3151 0.066 0.1543 
1 0.344 0.3521 0.068 0.1318 
1 0.36 0.2315 0.06 0.1029 
1 0.42 0.2203 0.04 0.0804 
1 0.471 0.2749 0.066 0.1318 
1 0.549 0.2154 0.05 0.1029 
1 0.507 0.2058 0.046 0.0772 
1 0.609 0.1222 0.03 0.045 
1 0.591 0.0868 0.026 0.045 
1 0.295 0.0884 0.026 0.0418 
1 0.283 0.0322 0.026 0.0386 
1 0.325 0.0241 0.018 0.0354 
1 0.338 0.0691 0.02 0.0547 
1 0.362 0.1125 0.024 0.0514 
1 0.301 0.2203 0.034 0.074 
1 0.321 0.1367 0.03 0.0418 
1 0.416 0.1141 0.028 0.0482 
1 0.449 0.0949 0.022 0.0418 
1 0.488 0.1125 0.024 0.045 
1 0.558 0.0547 0.024 0.0386 
1 0.562 0.0145 0.024 0.0225 
1 0.528 0.0338 0.02 0.0482 
1 0.491 0.0482 0.022 0.0386 
1 0.503 0.0241 0.018 0.0289 
1 0.481 0.0177 0.018 0.0289 
1 0.457 0.037 0.022 0.0418 
1 0.417 0.0691 0.018 0.0418 
1 0.408 0.0563 0.016 0.0354 
1 0.38 0.0225 0.02 0.0322 
1 0.36 0.0531 0.016 0.0354 
1 0.342 0.0145 0.02 0.0225 
1 0.441 0.0193 0.022 0.0322 
1 0.41 0.164 0.036 0.0579 
1 0.466 0.1463 0.024 0.0482 
1 0.512 0.1559 0.028 0.0482 
1 0.521 0.1286 0.034 0.045 
