1 0.1022 0.5284 0.0479 0.1102 
1 0.228 0.2593 0.0184 0.0389 
1 0.2416 0.2618 0.02 0.047 
1 0.2608 0.2488 0.0184 0.047 
1 0.3159 0.2407 0.02 0.0438 
1 0.3139 0.2042 0.024 0.0454 
1 0.3423 0.2342 0.0232 0.0502 
1 0.3542 0.2139 0.0184 0.0519 
1 0.3794 0.2569 0.0192 0.0438 
1 0.373 0.1961 0.0176 0.0421 
1 0.4062 0.2374 0.02 0.0405 
1 0.4169 0.1742 0.0144 0.0373 
1 0.4377 0.1888 0.016 0.0438 
1 0.4385 0.2982 0.0224 0.0583 
1 0.4828 0.2326 0.02 0.0535 
1 0.4569 0.1669 0.0144 0.0357 
1 0.4692 0.1596 0.0168 0.047 
1 0.4796 0.171 0.02 0.0438 
1 0.4952 0.1491 0.016 0.0389 
1 0.5048 0.2026 0.016 0.0389 
1 0.5575 0.218 0.0176 0.0373 
1 0.5232 0.1629 0.0176 0.0502 
1 0.5399 0.1637 0.0144 0.0421 
1 0.5595 0.137 0.0152 0.0308 
1 0.5583 0.1629 0.0176 0.0373 
1 0.5807 0.1969 0.016 0.0405 
1 0.5787 0.1378 0.0152 0.0324 
1 0.5875 0.1686 0.0136 0.0357 
1 0.603 0.1256 0.0144 0.034 
1 0.6078 0.1459 0.016 0.0292 
1 0.6134 0.1783 0.0128 0.0389 
1 0.6266 0.1961 0.0168 0.0421 
1 0.6366 0.1232 0.0144 0.0357 
1 0.6562 0.1507 0.0152 0.0389 
1 0.6633 0.1361 0.0152 0.0292 
1 0.6621 0.1791 0.0144 0.0308 
1 0.6909 0.1596 0.0144 0.0405 
1 0.6945 0.1386 0.012 0.034 
1 0.7153 0.1507 0.0136 0.0357 
1 0.7057 0.2123 0.0168 0.0421 
1 0.6657 0.2358 0.0216 0.06 
1 0.619 0.2885 0.0272 0.0583 
1 0.6026 0.3647 0.028 0.0681 
1 0.5747 0.3314 0.0232 0.0567 
1 0.6589 0.3898 0.0272 0.0632 
1 0.7312 0.3849 0.0248 0.0632 
1 0.726 0.2593 0.0224 0.0551 
1 0.7476 0.2253 0.0176 0.0454 
1 0.7636 0.1985 0.016 0.0373 
1 0.7796 0.1977 0.0144 0.0389 
1 0.7903 0.1694 0.0184 0.0405 
1 0.8139 0.1888 0.016 0.0405 
1 0.8255 0.2229 0.02 0.0438 
1 0.8007 0.2439 0.0168 0.0502 
1 0.7688 0.278 0.02 0.0438 
1 0.8179 0.3039 0.0224 0.0567 
1 0.8035 0.4457 0.0335 0.0746 
1 0.865 0.4862 0.0304 0.081 
1 0.8794 0.4076 0.0256 0.0697 
1 0.8658 0.3314 0.0208 0.0502 
1 0.8758 0.231 0.012 0.0438 
1 0.903 0.222 0.0136 0.0357 
1 0.8974 0.278 0.0168 0.0438 
1 0.9034 0.2561 0.016 0.0389 
1 0.9365 0.265 0.0168 0.0438 
1 0.9561 0.2472 0.0144 0.0405 
1 0.9261 0.3379 0.0184 0.0535 
1 0.9481 0.3712 0.0224 0.0713 
1 0.9481 0.436 0.0288 0.0778 
1 0.9796 0.3574 0.02 0.06 
1 0.9692 0.3055 0.0152 0.0502 
1 0.98 0.3039 0.0144 0.0373 
1 0.9908 0.2569 0.012 0.0405 
