1 0.1975 0.2376 0.0583 0.097 
1 0.4392 0.3706 0.0383 0.0647 
1 0.4925 0.3781 0.035 0.0697 
1 0.535 0.3843 0.0433 0.0672 
1 0.5625 0.3719 0.025 0.0473 
1 0.585 0.4154 0.0433 0.0896 
1 0.6142 0.3794 0.035 0.0572 
1 0.6833 0.3731 0.0267 0.0448 
1 0.715 0.3694 0.03 0.0473 
1 0.7492 0.4005 0.035 0.0597 
1 0.765 0.357 0.0233 0.0423 
1 0.8025 0.3706 0.0283 0.0498 
1 0.8292 0.3582 0.0217 0.0398 
1 0.8167 0.449 0.0533 0.097 
1 0.8658 0.3881 0.0317 0.0547 
1 0.8925 0.3719 0.025 0.0423 
1 0.9367 0.4701 0.06 0.1144 
1 0.9575 0.4366 0.045 0.0821 
1 0.9533 0.3831 0.03 0.0448 
1 0.9783 0.3532 0.02 0.0398 
