1 0.0445 0.2214 0.0129 0.0359 
1 0.1188 0.2043 0.0178 0.0359 
1 0.1532 0.1487 0.0121 0.0342 
1 0.1584 0.1769 0.0129 0.0325 
1 0.1823 0.194 0.0154 0.0359 
1 0.1734 0.2607 0.0186 0.0462 
1 0.0534 0.4051 0.0194 0.0684 
1 0.0744 0.4761 0.0226 0.0632 
1 0.1314 0.588 0.0299 0.0718 
1 0.2049 0.4709 0.0234 0.0564 
1 0.2086 0.335 0.021 0.0547 
1 0.2409 0.2872 0.0194 0.0513 
1 0.2086 0.1188 0.0146 0.0325 
1 0.253 0.1214 0.0146 0.0308 
1 0.2947 0.1479 0.0137 0.0393 
1 0.2878 0.1923 0.0146 0.0427 
1 0.306 0.2239 0.0154 0.041 
1 0.3541 0.2179 0.0162 0.0427 
1 0.3597 0.0821 0.0113 0.0308 
1 0.3888 0.0932 0.0129 0.0291 
1 0.3775 0.1709 0.0146 0.0376 
1 0.4276 0.0761 0.0113 0.0325 
1 0.4216 0.1726 0.0137 0.0308 
1 0.4636 0.1325 0.0137 0.0325 
1 0.4794 0.1231 0.0162 0.0308 
1 0.464 0.165 0.0129 0.0291 
1 0.4733 0.2111 0.0154 0.0427 
1 0.5061 0.1692 0.0129 0.0376 
1 0.5542 0.1564 0.0154 0.0393 
1 0.504 0.0974 0.0105 0.0239 
1 0.4806 0.0744 0.0121 0.0256 
1 0.5392 0.0761 0.0113 0.0291 
1 0.4547 0.2692 0.0186 0.0496 
1 0.5473 0.2923 0.0178 0.0547 
1 0.5307 0.453 0.0218 0.0718 
1 0.5707 0.194 0.0146 0.0393 
1 0.6108 0.2325 0.0137 0.041 
1 0.6823 0.335 0.0178 0.0479 
1 0.7013 0.259 0.017 0.0393 
1 0.5719 0.0957 0.0121 0.0274 
1 0.5845 0.1205 0.0113 0.0325 
1 0.6196 0.112 0.0121 0.0291 
1 0.6528 0.1496 0.0137 0.0291 
1 0.7049 0.2009 0.0129 0.0359 
1 0.728 0.2162 0.017 0.0325 
1 0.7741 0.2026 0.0137 0.0325 
1 0.8116 0.2214 0.0146 0.0359 
1 0.8541 0.2675 0.0154 0.0393 
1 0.8694 0.2915 0.0154 0.0393 
1 0.9248 0.3581 0.0162 0.0496 
1 0.7838 0.359 0.0218 0.0479 
