1 0.225 0.5049 0.1311 0.2961 
1 0.3959 0.8107 0.1378 0.2524 
1 0.3108 0.3252 0.0946 0.2039 
1 0.2466 0.0874 0.0608 0.1408 
1 0.1453 0.3556 0.1122 0.2209 
1 0.1135 0.1129 0.0568 0.1092 
1 0.1824 0.2743 0.0784 0.1602 
1 0.3885 0.2633 0.077 0.1626 
1 0.3432 0.057 0.0703 0.1092 
1 0.4426 0.051 0.0608 0.0971 
1 0.4892 0.2876 0.0622 0.1335 
1 0.6351 0.2087 0.0622 0.1359 
1 0.6608 0.1201 0.0486 0.0898 
1 0.6324 0.0425 0.0459 0.0801 
1 0.7392 0.0522 0.0514 0.0947 
1 0.8189 0.2063 0.0595 0.1456 
1 0.8709 0.1735 0.0635 0.1432 
1 0.8257 0.0583 0.0432 0.0971 
1 0.9257 0.0619 0.0486 0.1044 
1 0.9628 0.1626 0.0527 0.1262 
