1 0.1955 0.4475 0.043 0.085 
1 0.3157 0.2442 0.0196 0.035 
1 0.3494 0.1992 0.0178 0.0383 
1 0.4139 0.17 0.0159 0.0333 
1 0.4172 0.2083 0.0168 0.0367 
1 0.4364 0.175 0.0159 0.0267 
1 0.45 0.23 0.0225 0.0433 
1 0.4822 0.2317 0.0234 0.0467 
1 0.4738 0.1942 0.0196 0.0283 
1 0.4645 0.1708 0.0178 0.0283 
1 0.45 0.1592 0.015 0.0283 
1 0.4701 0.1458 0.0178 0.0317 
1 0.4935 0.1408 0.014 0.0283 
1 0.4944 0.1708 0.0178 0.0317 
1 0.5117 0.1433 0.0168 0.0333 
1 0.5182 0.1217 0.015 0.03 
1 0.5557 0.1908 0.0187 0.0417 
1 0.5463 0.1483 0.0168 0.0333 
1 0.5449 0.1008 0.014 0.025 
1 0.5734 0.14 0.015 0.0333 
1 0.5996 0.1442 0.0168 0.035 
1 0.6263 0.1342 0.0178 0.035 
1 0.5051 0.285 0.0262 0.0567 
1 0.5702 0.2983 0.029 0.07 
1 0.5674 0.2542 0.0215 0.0417 
1 0.5959 0.26 0.0281 0.06 
1 0.6282 0.3067 0.0271 0.0667 
1 0.6876 0.3417 0.0299 0.0733 
1 0.6731 0.2825 0.0271 0.0517 
1 0.637 0.2033 0.0225 0.0467 
1 0.6646 0.2267 0.0196 0.0467 
1 0.6623 0.1925 0.0206 0.045 
1 0.6978 0.18 0.0225 0.04 
1 0.7063 0.2075 0.0225 0.045 
1 0.7156 0.2417 0.0262 0.0533 
1 0.7371 0.1875 0.0187 0.0383 
1 0.7184 0.1742 0.015 0.035 
1 0.7699 0.175 0.0225 0.0367 
1 0.7694 0.1458 0.0178 0.035 
1 0.8134 0.3 0.029 0.0633 
1 0.812 0.2642 0.0206 0.045 
1 0.7961 0.2175 0.0206 0.045 
1 0.8045 0.1792 0.0168 0.045 
1 0.7942 0.18 0.0112 0.0367 
1 0.8274 0.175 0.0178 0.0367 
1 0.8447 0.1908 0.0168 0.0383 
1 0.8475 0.225 0.0187 0.04 
1 0.8485 0.3283 0.0299 0.0567 
1 0.9107 0.37 0.0271 0.07 
1 0.8962 0.4575 0.0318 0.085 
1 0.8653 0.3025 0.0243 0.0517 
1 0.8835 0.2317 0.0215 0.0567 
1 0.8686 0.1867 0.0178 0.04 
1 0.892 0.1983 0.0178 0.0533 
1 0.9266 0.2375 0.0215 0.0517 
1 0.9205 0.2992 0.0206 0.0483 
1 0.9621 0.1425 0.0178 0.045 
