1 0.0946 0.4179 0.0575 0.1995 
1 0.0342 0.2879 0.0467 0.1717 
1 0.0975 0.2146 0.0517 0.1667 
1 0.0196 0.0909 0.0292 0.1212 
1 0.195 0.0606 0.03 0.1061 
1 0.3333 0.0593 0.0417 0.1136 
1 0.16 0.6439 0.0667 0.2222 
1 0.2492 0.4937 0.065 0.2045 
1 0.4842 0.3598 0.0883 0.3056 
1 0.6771 0.3838 0.0458 0.202 
1 0.6625 0.274 0.0483 0.1439 
1 0.6329 0.1654 0.0408 0.154 
1 0.6342 0.0871 0.0383 0.1136 
1 0.6042 0.0606 0.035 0.1061 
1 0.7429 0.221 0.0408 0.1591 
1 0.7092 0.1225 0.04 0.149 
1 0.7617 0.0682 0.03 0.096 
1 0.8433 0.1982 0.04 0.149 
1 0.8817 0.2374 0.0433 0.1414 
1 0.8179 0.3788 0.0425 0.1717 
1 0.8596 0.1073 0.0292 0.1237 
1 0.9454 0.1263 0.0358 0.1515 
1 0.9292 0.0404 0.0283 0.0758 
1 0.9808 0.0833 0.0383 0.1111 
1 0.8279 0.7096 0.0875 0.303 
1 0.9025 0.8889 0.1067 0.2222 
1 0.9625 0.5859 0.0667 0.2576 
