1 0.318 0.2342 0.0157 0.0332 
1 0.3513 0.2193 0.0216 0.0399 
1 0.3562 0.2616 0.0255 0.0449 
1 0.4156 0.2724 0.0245 0.0498 
1 0.4078 0.2068 0.0186 0.0349 
1 0.448 0.255 0.0245 0.0382 
1 0.4794 0.1628 0.0167 0.0299 
1 0.4936 0.2101 0.0196 0.0382 
1 0.5348 0.2068 0.0177 0.0382 
1 0.5289 0.1553 0.0216 0.0349 
1 0.5677 0.1487 0.0186 0.0349 
1 0.5731 0.1836 0.0177 0.0382 
1 0.5981 0.1653 0.0245 0.0449 
1 0.5746 0.2949 0.0304 0.0548 
1 0.6168 0.2591 0.0245 0.0631 
1 0.6678 0.3173 0.0324 0.0698 
1 0.6634 0.2633 0.0255 0.0482 
1 0.6624 0.2259 0.0216 0.0399 
1 0.6737 0.1769 0.0186 0.0349 
1 0.7154 0.2317 0.0236 0.0482 
1 0.7365 0.2591 0.0265 0.0532 
1 0.7718 0.2359 0.0265 0.0532 
1 0.7409 0.1719 0.0196 0.0382 
1 0.7684 0.1761 0.0216 0.0399 
1 0.7758 0.1337 0.0206 0.0282 
1 0.79 0.2027 0.0216 0.0432 
1 0.816 0.2849 0.0304 0.0548 
1 0.8288 0.245 0.0245 0.0482 
1 0.84 0.2276 0.0255 0.0399 
1 0.8229 0.1836 0.0186 0.0349 
1 0.8189 0.1503 0.0128 0.0249 
1 0.866 0.191 0.0206 0.0399 
1 0.8876 0.2492 0.0226 0.0498 
1 0.896 0.2284 0.0216 0.0382 
1 0.8916 0.2002 0.0147 0.0316 
1 0.8955 0.1337 0.0167 0.0382 
1 0.9568 0.1113 0.0157 0.0332 
