1 0.055 0.544 0.0433 0.0573 
1 0.0917 0.5225 0.0367 0.0511 
1 0.1367 0.5225 0.0433 0.0634 
1 0.1683 0.5215 0.0333 0.0491 
1 0.185 0.4928 0.0333 0.0409 
1 0.2217 0.4857 0.0367 0.047 
1 0.2567 0.5164 0.04 0.047 
1 0.2025 0.5419 0.035 0.0491 
1 0.2167 0.6145 0.0433 0.0552 
1 0.3042 0.5194 0.035 0.045 
1 0.3333 0.4888 0.03 0.045 
1 0.365 0.5266 0.0367 0.0634 
1 0.33 0.6309 0.04 0.047 
1 0.4033 0.4949 0.0333 0.0491 
1 0.4133 0.546 0.03 0.0491 
1 0.4283 0.6196 0.04 0.0491 
1 0.4567 0.5102 0.04 0.0511 
1 0.4817 0.5378 0.0333 0.0491 
1 0.5358 0.5419 0.035 0.0532 
1 0.5417 0.6247 0.0467 0.0634 
1 0.56 0.4918 0.0333 0.0511 
1 0.6167 0.4693 0.0367 0.0511 
1 0.595 0.545 0.0367 0.0511 
1 0.6442 0.6207 0.0417 0.0593 
1 0.6575 0.5327 0.035 0.047 
1 0.6775 0.5092 0.035 0.0532 
1 0.7167 0.5399 0.0433 0.0573 
1 0.7558 0.5061 0.035 0.0511 
1 0.7608 0.5542 0.035 0.0491 
1 0.735 0.6309 0.04 0.0593 
1 0.8217 0.5521 0.04 0.0532 
1 0.7983 0.5143 0.0367 0.0511 
1 0.8525 0.5174 0.0383 0.0491 
1 0.8833 0.5603 0.04 0.0491 
1 0.9067 0.5215 0.0367 0.045 
1 0.9333 0.5368 0.04 0.0511 
1 0.8933 0.637 0.0433 0.0634 
