1 0.8335 0.2578 0.0122 0.0285 
1 0.8424 0.2813 0.0138 0.0328 
1 0.8518 0.2678 0.013 0.0313 
1 0.8709 0.2607 0.0106 0.0313 
1 0.8884 0.2785 0.0147 0.0356 
1 0.9304 0.3162 0.0122 0.0285 
1 0.9308 0.2856 0.0098 0.0271 
1 0.9255 0.3504 0.0138 0.0427 
1 0.8827 0.3369 0.0147 0.0385 
1 0.8644 0.334 0.0138 0.0413 
1 0.9072 0.4808 0.0244 0.067 
1 0.842 0.4637 0.0244 0.0556 
1 0.8294 0.396 0.0204 0.0541 
1 0.8147 0.5107 0.0252 0.067 
1 0.8029 0.2443 0.0098 0.0299 
1 0.816 0.2728 0.0114 0.0299 
1 0.798 0.292 0.0147 0.0342 
1 0.818 0.344 0.0171 0.0442 
1 0.8074 0.3597 0.0236 0.0499 
1 0.7704 0.4366 0.0244 0.0641 
1 0.7374 0.2543 0.0138 0.0328 
1 0.7594 0.2571 0.0122 0.0299 
1 0.763 0.2856 0.013 0.0413 
1 0.7765 0.2386 0.0122 0.0242 
1 0.6979 0.2593 0.013 0.0313 
1 0.706 0.2991 0.0163 0.0427 
1 0.7142 0.4145 0.0244 0.0598 
1 0.6914 0.5278 0.0309 0.0755 
1 0.6266 0.4822 0.0285 0.0698 
1 0.6633 0.3668 0.022 0.047 
1 0.6372 0.3533 0.0171 0.0427 
1 0.5941 0.3996 0.022 0.0499 
1 0.5733 0.4601 0.0277 0.0655 
1 0.6755 0.3205 0.0204 0.037 
1 0.684 0.359 0.0195 0.0484 
1 0.6621 0.2094 0.0098 0.0199 
1 0.6763 0.2172 0.0122 0.0242 
1 0.6637 0.2813 0.0147 0.0385 
1 0.6331 0.2229 0.0122 0.0271 
1 0.6055 0.208 0.009 0.0228 
1 0.5936 0.2521 0.0114 0.0285 
1 0.5981 0.2315 0.0106 0.0271 
1 0.5594 0.2187 0.0098 0.0242 
1 0.5672 0.2479 0.0138 0.037 
1 0.5448 0.2457 0.0114 0.0356 
1 0.5493 0.2756 0.0138 0.0385 
1 0.5033 0.2699 0.013 0.0299 
1 0.5147 0.2799 0.0163 0.0385 
1 0.4967 0.3276 0.0147 0.0427 
1 0.5269 0.3846 0.0212 0.0513 
1 0.5395 0.4103 0.0269 0.057 
1 0.4686 0.4131 0.0285 0.0627 
1 0.4385 0.2642 0.0122 0.0299 
1 0.4572 0.2479 0.0138 0.0285 
1 0.454 0.2778 0.0155 0.0342 
1 0.4617 0.3205 0.0195 0.0399 
1 0.4442 0.3511 0.0204 0.0413 
1 0.4047 0.3348 0.0179 0.037 
1 0.4287 0.3141 0.0171 0.0442 
1 0.3872 0.2678 0.0155 0.0342 
1 0.3481 0.2999 0.0122 0.0271 
1 0.3815 0.3397 0.0138 0.0385 
1 0.4015 0.302 0.0114 0.0285 
1 0.3135 0.391 0.0228 0.047 
1 0.2834 0.3162 0.0147 0.0313 
1 0.2936 0.3604 0.0187 0.0456 
1 0.2573 0.3625 0.0179 0.0442 
1 0.226 0.3447 0.0138 0.0342 
1 0.1429 0.5434 0.0334 0.0755 
