1 0.1443 0.7727 0.0969 0.1731 
1 0.0271 0.6181 0.0521 0.1491 
1 0.0391 0.4403 0.0365 0.0713 
1 0.1352 0.5042 0.0391 0.0769 
1 0.1714 0.4042 0.025 0.0546 
1 0.1516 0.4208 0.0219 0.0361 
1 0.2008 0.4144 0.0318 0.0731 
1 0.2656 0.4213 0.0344 0.05 
1 0.251 0.5394 0.0396 0.0713 
1 0.2768 0.5088 0.0307 0.0528 
1 0.3029 0.6231 0.0474 0.0759 
1 0.4643 0.6602 0.0547 0.087 
1 0.4849 0.588 0.0437 0.0593 
1 0.3693 0.513 0.0417 0.0611 
1 0.3484 0.4972 0.0344 0.0611 
1 0.3865 0.3926 0.0312 0.0519 
1 0.4096 0.3898 0.0266 0.0426 
1 0.4378 0.3787 0.0193 0.0426 
1 0.4596 0.3907 0.0286 0.0556 
1 0.4799 0.4157 0.0286 0.0463 
1 0.4924 0.3833 0.0193 0.0426 
1 0.5323 0.3755 0.0219 0.0435 
1 0.3599 0.313 0.0187 0.0426 
1 0.3404 0.3093 0.0234 0.0352 
1 0.5693 0.4759 0.0385 0.0741 
1 0.5797 0.4407 0.025 0.0426 
1 0.5805 0.4019 0.0214 0.0407 
1 0.5828 0.381 0.0177 0.038 
1 0.5648 0.4046 0.0172 0.037 
1 0.612 0.3981 0.0208 0.0426 
1 0.632 0.4352 0.0307 0.0556 
1 0.6562 0.394 0.0271 0.0417 
1 0.5924 0.6495 0.0578 0.0972 
1 0.8016 0.7264 0.0823 0.1417 
1 0.8292 0.6019 0.0531 0.1 
1 0.9052 0.594 0.0448 0.0731 
1 0.9167 0.537 0.0312 0.0722 
1 0.9432 0.4639 0.0385 0.063 
1 0.8432 0.5463 0.0385 0.0556 
1 0.7948 0.4968 0.0375 0.0528 
1 0.8279 0.4458 0.0339 0.0657 
1 0.7701 0.3245 0.0318 0.0639 
1 0.7409 0.4769 0.0432 0.0907 
1 0.7151 0.419 0.025 0.0472 
1 0.6937 0.437 0.0208 0.05 
1 0.6458 0.4931 0.0354 0.0769 
