1 0.0155 0.4385 0.027 0.0986 
1 0.042 0.4088 0.042 0.0743 
1 0.034 0.3777 0.03 0.05 
1 0.053 0.3689 0.026 0.0486 
1 0.0665 0.3932 0.023 0.0405 
1 0.1175 0.3946 0.027 0.0486 
1 0.1275 0.4108 0.025 0.0432 
1 0.258 0.423 0.046 0.0541 
1 0.289 0.4088 0.03 0.05 
1 0.271 0.3872 0.024 0.0338 
1 0.3385 0.4311 0.041 0.0649 
1 0.4505 0.4892 0.065 0.1054 
1 0.4245 0.4115 0.019 0.0365 
1 0.45 0.4196 0.024 0.0284 
1 0.4805 0.427 0.027 0.0432 
1 0.4935 0.4034 0.015 0.0257 
1 0.517 0.4331 0.028 0.05 
1 0.5115 0.4027 0.019 0.0297 
1 0.5525 0.4405 0.027 0.0405 
1 0.5605 0.4162 0.017 0.0324 
1 0.598 0.4615 0.032 0.05 
1 0.602 0.4277 0.024 0.0338 
1 0.6535 0.45 0.023 0.0432 
1 0.6905 0.4818 0.033 0.0527 
1 0.694 0.4486 0.028 0.0378 
1 0.737 0.4824 0.04 0.0541 
1 0.7475 0.4628 0.031 0.05 
1 0.859 0.5061 0.05 0.0716 
1 0.8485 0.475 0.039 0.0608 
1 0.934 0.498 0.038 0.0608 
1 0.9735 0.5209 0.049 0.0932 
