1 0.0661 0.2462 0.0204 0.0423 
1 0.0984 0.2558 0.0226 0.0423 
1 0.2113 0.2529 0.0247 0.0519 
1 0.293 0.2298 0.0247 0.0558 
1 0.3118 0.226 0.0215 0.0442 
1 0.3516 0.1894 0.0151 0.0327 
1 0.3984 0.2115 0.029 0.0577 
1 0.4161 0.1962 0.0194 0.05 
1 0.4398 0.2558 0.0258 0.0462 
1 0.4457 0.2231 0.0204 0.0423 
1 0.4532 0.175 0.0183 0.0385 
1 0.4624 0.1356 0.0172 0.0365 
1 0.4892 0.1615 0.0194 0.0385 
1 0.4903 0.2163 0.0194 0.0481 
1 0.5591 0.1808 0.0172 0.0346 
1 0.5468 0.1692 0.0161 0.0346 
1 0.6317 0.1163 0.0161 0.0327 
1 0.629 0.2125 0.0237 0.0519 
1 0.6194 0.2548 0.0258 0.0519 
1 0.6382 0.3029 0.0355 0.0712 
1 0.6715 0.2183 0.0226 0.0481 
1 0.6672 0.1827 0.0226 0.0462 
1 0.7027 0.1567 0.0204 0.0404 
1 0.7532 0.1615 0.0226 0.0385 
1 0.7328 0.2154 0.0226 0.0423 
1 0.6715 0.2885 0.0226 0.05 
1 0.6812 0.3625 0.0333 0.075 
1 0.8086 0.2875 0.028 0.0596 
1 0.8027 0.2365 0.0226 0.0462 
1 0.8489 0.3096 0.029 0.0615 
1 0.8661 0.2827 0.0247 0.0462 
1 0.928 0.2317 0.0258 0.0442 
1 0.9059 0.3548 0.0247 0.075 
1 0.922 0.3798 0.029 0.0635 
