1 0.085 0.4119 0.0678 0.0978 
1 0.155 0.4222 0.0567 0.0948 
1 0.1922 0.4207 0.0444 0.077 
1 0.1561 0.3489 0.05 0.0785 
1 0.21 0.3748 0.0533 0.083 
1 0.2589 0.363 0.0489 0.0681 
1 0.2789 0.4319 0.0533 0.0904 
1 0.3378 0.4237 0.0467 0.083 
1 0.3356 0.3615 0.0444 0.0711 
1 0.3111 0.3289 0.04 0.0681 
1 0.2783 0.3363 0.0456 0.077 
1 0.3722 0.3415 0.04 0.0696 
1 0.39 0.4311 0.0444 0.077 
1 0.4556 0.3807 0.0533 0.0711 
1 0.5089 0.4452 0.0378 0.0578 
1 0.4861 0.3541 0.0322 0.0593 
1 0.4139 0.3533 0.0433 0.0667 
1 0.5283 0.34 0.0367 0.0785 
1 0.5722 0.3585 0.0333 0.0681 
1 0.5778 0.4244 0.0378 0.0607 
1 0.6322 0.4407 0.0378 0.0696 
1 0.62 0.3415 0.0378 0.0637 
1 0.6678 0.3556 0.0333 0.0563 
1 0.6883 0.4178 0.0367 0.0652 
1 0.7122 0.3407 0.0356 0.0652 
1 0.7144 0.4007 0.0311 0.0548 
1 0.755 0.4059 0.0367 0.0593 
1 0.7961 0.4304 0.0367 0.0607 
1 0.8267 0.4163 0.0356 0.0533 
1 0.85 0.4052 0.0289 0.0578 
1 0.8867 0.4156 0.0356 0.0548 
