1 0.1383 0.5319 0.0407 0.0798 
1 0.2309 0.3418 0.0166 0.0363 
1 0.2537 0.389 0.0241 0.0406 
1 0.2899 0.3665 0.0199 0.045 
1 0.2857 0.3149 0.0183 0.0348 
1 0.3401 0.3592 0.0224 0.0508 
1 0.3571 0.3338 0.0166 0.0377 
1 0.3821 0.3491 0.0199 0.045 
1 0.3551 0.3012 0.0174 0.0305 
1 0.3929 0.2634 0.015 0.0334 
1 0.4111 0.2743 0.0133 0.029 
1 0.4132 0.336 0.0208 0.045 
1 0.4099 0.3033 0.0158 0.0261 
1 0.4369 0.3157 0.0183 0.0334 
1 0.4452 0.3367 0.0216 0.0406 
1 0.439 0.2845 0.0141 0.0319 
1 0.4286 0.2598 0.0133 0.029 
1 0.4622 0.2721 0.0158 0.0363 
1 0.468 0.312 0.0174 0.029 
1 0.4693 0.2417 0.0166 0.0276 
1 0.4996 0.2656 0.0141 0.029 
1 0.5303 0.2787 0.0191 0.0319 
1 0.5262 0.2504 0.0174 0.0305 
1 0.5502 0.246 0.0158 0.0305 
1 0.561 0.283 0.0158 0.0348 
1 0.5781 0.2671 0.0183 0.0319 
1 0.5718 0.2206 0.0125 0.0261 
1 0.6105 0.2511 0.015 0.029 
1 0.6005 0.2329 0.0116 0.0247 
1 0.6154 0.2112 0.0133 0.0276 
1 0.6329 0.2134 0.0116 0.0232 
1 0.6433 0.2511 0.0141 0.029 
1 0.6773 0.2104 0.0125 0.029 
1 0.6819 0.2358 0.015 0.0276 
1 0.6919 0.2242 0.0166 0.0305 
1 0.505 0.3324 0.0183 0.0406 
1 0.4863 0.4078 0.0307 0.0639 
1 0.5411 0.4405 0.0341 0.0624 
1 0.6092 0.455 0.0324 0.0682 
1 0.5449 0.3607 0.0249 0.0508 
1 0.6092 0.3338 0.0257 0.0464 
1 0.6267 0.3723 0.0307 0.0508 
1 0.6449 0.471 0.0324 0.0682 
1 0.7168 0.5174 0.0449 0.0798 
1 0.6645 0.3795 0.0249 0.0595 
1 0.6516 0.3454 0.0224 0.0435 
1 0.6408 0.307 0.0174 0.0421 
1 0.6777 0.2772 0.0166 0.0377 
1 0.7006 0.2939 0.0191 0.0392 
1 0.7126 0.2496 0.0183 0.0377 
1 0.6964 0.3643 0.0241 0.0522 
1 0.7297 0.4057 0.0307 0.0508 
1 0.7861 0.439 0.0291 0.0653 
1 0.8455 0.5102 0.0349 0.0711 
1 0.8505 0.4695 0.0316 0.0595 
1 0.821 0.3657 0.0241 0.0552 
1 0.7442 0.2409 0.015 0.029 
1 0.7496 0.2351 0.0108 0.029 
1 0.7537 0.2692 0.0191 0.0421 
1 0.7865 0.2837 0.0166 0.0392 
1 0.7944 0.2642 0.0141 0.0319 
1 0.7774 0.2678 0.015 0.0334 
1 0.7936 0.2417 0.0174 0.0305 
1 0.8185 0.2453 0.0158 0.0377 
1 0.8297 0.2794 0.0183 0.0334 
1 0.8194 0.3128 0.0174 0.0334 
1 0.836 0.3425 0.0191 0.0464 
1 0.8542 0.3345 0.0191 0.0363 
1 0.8642 0.2787 0.0174 0.0377 
1 0.8526 0.2598 0.0141 0.029 
1 0.8891 0.2576 0.0141 0.0305 
1 0.9028 0.2816 0.015 0.0319 
1 0.8783 0.3389 0.0158 0.045 
1 0.9016 0.3273 0.0174 0.0392 
1 0.8663 0.4107 0.0282 0.061 
1 0.9211 0.4594 0.0332 0.0711 
1 0.9327 0.3766 0.0216 0.0508 
1 0.9219 0.3237 0.0183 0.0377 
1 0.9423 0.3099 0.0158 0.0392 
1 0.9485 0.2896 0.015 0.0247 
