1 0.0305 0.5207 0.0422 0.0461 
1 0.0629 0.5004 0.0336 0.0414 
1 0.093 0.5234 0.0266 0.0391 
1 0.1273 0.4914 0.0359 0.0375 
1 0.1469 0.518 0.0312 0.0359 
1 0.1723 0.5242 0.0273 0.0328 
1 0.1855 0.5492 0.0336 0.0422 
1 0.2016 0.5309 0.0266 0.0336 
1 0.209 0.5094 0.0289 0.0297 
1 0.2398 0.4844 0.0297 0.0344 
1 0.2535 0.5461 0.032 0.0391 
1 0.2434 0.5258 0.0227 0.0297 
1 0.2719 0.5207 0.0281 0.032 
1 0.2938 0.527 0.0281 0.032 
1 0.3289 0.5453 0.0344 0.0391 
1 0.3281 0.5172 0.025 0.0359 
1 0.3047 0.509 0.025 0.0258 
1 0.357 0.5047 0.0266 0.0312 
1 0.3609 0.5371 0.0297 0.032 
1 0.4035 0.5445 0.0305 0.0375 
1 0.3875 0.5176 0.0234 0.0289 
1 0.4074 0.5086 0.0195 0.0312 
1 0.4293 0.493 0.0242 0.0266 
1 0.4285 0.5289 0.0352 0.0359 
1 0.4664 0.5406 0.0359 0.0391 
1 0.4531 0.5047 0.0297 0.0312 
1 0.4793 0.4973 0.0289 0.0352 
1 0.4934 0.5332 0.0258 0.032 
1 0.5227 0.5359 0.0266 0.0375 
1 0.5223 0.5051 0.0305 0.0305 
1 0.4992 0.5043 0.0203 0.0273 
1 0.5539 0.5266 0.0359 0.0406 
1 0.5645 0.5055 0.0242 0.0297 
1 0.5871 0.5207 0.0258 0.0383 
1 0.5895 0.4953 0.0258 0.0266 
1 0.6152 0.5176 0.032 0.0367 
1 0.6328 0.5445 0.0297 0.0391 
1 0.6516 0.5152 0.0281 0.032 
1 0.6883 0.5113 0.025 0.0273 
1 0.6891 0.534 0.0266 0.0336 
1 0.7195 0.5293 0.0219 0.0367 
1 0.6766 0.5 0.0219 0.0297 
1 0.7617 0.534 0.0344 0.0398 
1 0.782 0.5395 0.0234 0.0336 
1 0.782 0.5086 0.0266 0.0312 
1 0.8059 0.534 0.0242 0.0414 
1 0.8285 0.5324 0.0383 0.0414 
1 0.8531 0.5281 0.025 0.0359 
1 0.8703 0.5195 0.0328 0.0375 
1 0.9074 0.527 0.0289 0.0383 
1 0.9387 0.5223 0.0305 0.0367 
1 0.9668 0.5414 0.0383 0.0391 
1 0.6262 0.6277 0.0352 0.0414 
1 0.7023 0.6301 0.0359 0.0461 
1 0.7785 0.625 0.0398 0.0437 
1 0.873 0.6367 0.0492 0.0516 
