1 0.1087 0.3977 0.0235 0.0406 
1 0.0955 0.5203 0.095 0.1446 
1 0.0269 0.4577 0.0519 0.1076 
1 0.2307 0.7337 0.1361 0.254 
1 0.3237 0.5282 0.0597 0.1393 
1 0.2586 0.5062 0.0529 0.1093 
1 0.1425 0.4674 0.0323 0.0741 
1 0.1596 0.4303 0.0313 0.0494 
1 0.2081 0.4083 0.0225 0.0511 
1 0.3075 0.4444 0.0274 0.0529 
1 0.407 0.4832 0.0578 0.1235 
1 0.4843 0.5917 0.0891 0.1852 
1 0.5788 0.5767 0.0764 0.1376 
1 0.5784 0.4877 0.0519 0.0899 
1 0.548 0.4603 0.0382 0.0811 
1 0.4878 0.44 0.0313 0.0547 
1 0.4515 0.4427 0.0392 0.0811 
1 0.4995 0.4056 0.0313 0.0564 
1 0.2595 0.44 0.0333 0.0441 
1 0.1827 0.4295 0.0225 0.0406 
1 0.2488 0.4145 0.0274 0.0388 
1 0.2703 0.4048 0.0196 0.0406 
1 0.284 0.4286 0.0196 0.0388 
1 0.3164 0.4136 0.0196 0.037 
1 0.3394 0.4118 0.0225 0.0441 
1 0.355 0.418 0.0147 0.0388 
1 0.3727 0.4303 0.0206 0.0494 
1 0.3854 0.4109 0.0264 0.0529 
1 0.5318 0.4233 0.0235 0.0494 
1 0.5642 0.4109 0.0294 0.06 
1 0.5808 0.4365 0.0313 0.0547 
1 0.6014 0.4136 0.0235 0.0476 
1 0.6244 0.4145 0.0225 0.0529 
1 0.6391 0.4365 0.0304 0.0653 
1 0.6675 0.4409 0.0264 0.0564 
1 0.7267 0.5185 0.0686 0.1376 
1 0.7081 0.4489 0.0451 0.0864 
1 0.7346 0.4242 0.0294 0.0688 
1 0.7689 0.4295 0.0392 0.0899 
1 0.8017 0.4771 0.0676 0.1182 
1 0.8306 0.4471 0.047 0.1005 
1 0.8198 0.7222 0.145 0.3051 
1 0.9065 0.6349 0.1048 0.2222 
1 0.953 0.5679 0.0881 0.1693 
1 0.9094 0.4912 0.048 0.1041 
1 0.8947 0.4392 0.046 0.0882 
1 0.9403 0.4656 0.047 0.1023 
1 0.9848 0.4374 0.0304 0.0811 
