1 0.1013 0.4774 0.0875 0.1399 
1 0.12 0.3642 0.05 0.0947 
1 0.1688 0.3374 0.0425 0.0741 
1 0.0425 0.3086 0.045 0.0576 
1 0.2425 0.4712 0.085 0.1358 
1 0.2162 0.3519 0.0375 0.0617 
1 0.2562 0.3457 0.0375 0.0658 
1 0.345 0.3704 0.05 0.0905 
1 0.3987 0.3992 0.0575 0.0988 
1 0.395 0.535 0.105 0.1811 
1 0.4825 0.358 0.045 0.0905 
1 0.5463 0.4115 0.0525 0.0988 
1 0.5725 0.3457 0.04 0.0741 
1 0.6212 0.393 0.0525 0.0947 
1 0.69 0.3498 0.05 0.0905 
1 0.635 0.7922 0.155 0.284 
1 0.765 0.6235 0.115 0.1852 
1 0.8313 0.4794 0.0875 0.144 
1 0.8612 0.4239 0.0725 0.1235 
1 0.9 0.3724 0.065 0.1111 
1 0.7375 0.1728 0.06 0.0988 
