1 0.1018 0.9201 0.1964 0.1598 
1 0.0618 0.8099 0.1018 0.1283 
1 0.0745 0.7191 0.0509 0.063 
1 0.1645 0.7627 0.0745 0.0969 
1 0.2045 0.7215 0.0382 0.063 
1 0.1591 0.6949 0.0236 0.0387 
1 0.3145 0.7215 0.0545 0.0726 
1 0.3745 0.8826 0.1164 0.1816 
1 0.4118 0.7361 0.0636 0.1017 
1 0.4991 0.7627 0.0527 0.0678 
1 0.5618 0.7639 0.0764 0.1235 
1 0.4755 0.724 0.0309 0.0436 
1 0.4382 0.6114 0.0218 0.0315 
1 0.6 0.7131 0.0327 0.0605 
1 0.6555 0.7143 0.0345 0.0581 
1 0.6355 0.6985 0.0236 0.0412 
1 0.7118 0.7179 0.0309 0.0557 
1 0.7736 0.7651 0.0782 0.1211 
1 0.8345 0.7058 0.0291 0.046 
1 0.8627 0.6925 0.0309 0.0533 
1 0.9264 0.7094 0.0309 0.0387 
1 0.9391 0.6901 0.0273 0.0387 
1 0.9782 0.7107 0.0291 0.046 
