1 0.0663 0.2644 0.015 0.0383 
1 0.1144 0.2644 0.015 0.0345 
1 0.3064 0.2404 0.016 0.0364 
1 0.3471 0.2002 0.016 0.0287 
1 0.4128 0.2079 0.0193 0.0402 
1 0.4444 0.1877 0.016 0.0345 
1 0.4631 0.1494 0.0193 0.0307 
1 0.5428 0.1782 0.0139 0.0345 
1 0.6273 0.1331 0.016 0.0287 
1 0.4995 0.2117 0.0171 0.0402 
1 0.4348 0.2692 0.0182 0.0402 
1 0.4422 0.2375 0.0139 0.0345 
1 0.5556 0.1925 0.0139 0.0364 
1 0.6257 0.2222 0.0214 0.0421 
1 0.6626 0.1944 0.0182 0.0402 
1 0.6155 0.2615 0.0225 0.0517 
1 0.6273 0.3142 0.0267 0.069 
1 0.6626 0.3544 0.0353 0.0651 
1 0.6663 0.2941 0.0214 0.0441 
1 0.6642 0.2299 0.0193 0.0345 
1 0.7246 0.2366 0.0225 0.0402 
1 0.7979 0.2529 0.0214 0.0536 
1 0.7989 0.3036 0.0193 0.0594 
1 0.8417 0.3151 0.0193 0.0594 
1 0.8642 0.2979 0.0193 0.0517 
1 0.9203 0.2452 0.0182 0.046 
1 0.9005 0.342 0.0235 0.067 
1 0.8995 0.4387 0.0299 0.069 
1 0.4845 0.1839 0.015 0.0421 
