1 0.6383 0.4822 0.0319 0.073 
1 0.5426 0.3876 0.0149 0.03 
1 0.5505 0.3699 0.0138 0.0281 
1 0.441 0.3783 0.0202 0.0337 
1 0.4277 0.3633 0.0191 0.03 
1 0.4213 0.4064 0.0191 0.0449 
1 0.3995 0.4242 0.0266 0.0506 
1 0.3862 0.397 0.017 0.0337 
1 0.4112 0.3764 0.0181 0.0375 
1 0.3979 0.3558 0.0128 0.03 
1 0.4059 0.3165 0.0117 0.0225 
1 0.3649 0.2959 0.0085 0.0187 
1 0.3622 0.3736 0.016 0.0356 
1 0.3399 0.4476 0.0309 0.0637 
1 0.3255 0.3773 0.0213 0.0356 
1 0.3372 0.3989 0.0234 0.0412 
1 0.2936 0.426 0.0191 0.0468 
1 0.2872 0.4026 0.017 0.0375 
1 0.2968 0.3801 0.017 0.0337 
1 0.2394 0.4129 0.0277 0.0581 
1 0.2638 0.4541 0.034 0.0693 
1 0.1995 0.4541 0.0351 0.0618 
1 0.1798 0.3989 0.0277 0.0487 
1 0.133 0.4616 0.0426 0.0655 
1 0.0537 0.4588 0.0394 0.0637 
1 0.8202 0.4373 0.0319 0.0618 
1 0.8388 0.4925 0.0351 0.0787 
