1 0.0364 0.3849 0.0243 0.0558 
1 0.257 0.2868 0.014 0.0254 
1 0.2826 0.2766 0.0149 0.0321 
1 0.2985 0.2733 0.0149 0.0389 
1 0.3307 0.225 0.0159 0.0338 
1 0.347 0.2893 0.0187 0.0474 
1 0.3186 0.2834 0.0159 0.0355 
1 0.375 0.22 0.0149 0.0338 
1 0.4244 0.2817 0.0205 0.0457 
1 0.4618 0.242 0.0187 0.044 
1 0.4496 0.1447 0.0131 0.0254 
1 0.4114 0.1768 0.0131 0.022 
1 0.4743 0.1489 0.014 0.0271 
1 0.4757 0.1726 0.0149 0.0305 
1 0.4874 0.1396 0.0121 0.0288 
1 0.507 0.1946 0.014 0.0372 
1 0.5107 0.1557 0.014 0.0305 
1 0.5312 0.2022 0.0159 0.0321 
1 0.5513 0.143 0.0149 0.0288 
1 0.5583 0.1117 0.0103 0.0169 
1 0.5877 0.1024 0.0112 0.0321 
1 0.5993 0.1421 0.0121 0.0305 
1 0.6488 0.0998 0.0103 0.0169 
1 0.6544 0.1252 0.0177 0.0271 
1 0.486 0.3071 0.0224 0.0525 
1 0.5368 0.3215 0.0215 0.0575 
1 0.5569 0.2411 0.0205 0.0457 
1 0.6077 0.2547 0.0252 0.0423 
1 0.6017 0.3494 0.028 0.0694 
1 0.6768 0.3418 0.0252 0.0643 
1 0.6283 0.2064 0.0177 0.0372 
1 0.6465 0.1836 0.0168 0.0389 
1 0.659 0.2115 0.014 0.0372 
1 0.6595 0.2707 0.0224 0.0575 
1 0.715 0.2851 0.0215 0.0525 
1 0.7803 0.2995 0.0196 0.0541 
1 0.6782 0.1557 0.0149 0.0372 
1 0.7458 0.2157 0.0177 0.0558 
1 0.8559 0.1286 0.0121 0.0305 
1 0.8172 0.2606 0.0168 0.0474 
1 0.8689 0.2191 0.0196 0.0457 
1 0.8419 0.1963 0.0159 0.044 
1 0.8969 0.1311 0.0121 0.0288 
1 0.8904 0.2014 0.014 0.0406 
1 0.9235 0.2124 0.0168 0.0389 
1 0.924 0.1599 0.0103 0.0254 
1 0.9184 0.297 0.0215 0.0525 
1 0.9235 0.1853 0.0131 0.0288 
1 0.8274 0.1692 0.0112 0.0338 
1 0.806 0.1303 0.0093 0.0271 
1 0.8242 0.1464 0.014 0.0288 
1 0.7943 0.1371 0.0103 0.0305 
1 0.7752 0.165 0.0149 0.0355 
1 0.7966 0.1717 0.0149 0.0355 
1 0.7537 0.1117 0.0093 0.0271 
1 0.764 0.1269 0.0093 0.0271 
1 0.7747 0.1261 0.0103 0.0321 
1 0.7355 0.1438 0.0177 0.0305 
1 0.6992 0.1904 0.014 0.0423 
1 0.7052 0.2166 0.0205 0.0508 
1 0.7323 0.1997 0.0168 0.044 
1 0.6861 0.11 0.0121 0.0305 
1 0.3083 0.2369 0.0103 0.0237 
1 0.4044 0.2335 0.0177 0.0372 
1 0.458 0.2081 0.0149 0.0305 
1 0.5201 0.1658 0.0103 0.0271 
1 0.535 0.1684 0.014 0.0321 
1 0.5639 0.1709 0.0177 0.0372 
1 0.6273 0.0998 0.0084 0.0271 
1 0.6194 0.1168 0.0112 0.0237 
