1 0.3404 0.497 0.0384 0.0545 
1 0.2828 0.6242 0.0283 0.0606 
1 0.2556 0.6773 0.0424 0.0576 
1 0.196 0.703 0.0525 0.0788 
1 0.1525 0.6364 0.0384 0.0667 
1 0.1364 0.6788 0.0384 0.0545 
1 0.1293 0.753 0.0808 0.1061 
1 0.0444 0.7273 0.0525 0.0848 
1 0.0394 0.8636 0.0747 0.1455 
1 0.4939 0.6288 0.0303 0.0697 
1 0.5737 0.6636 0.0364 0.0606 
1 0.6081 0.6561 0.0323 0.0636 
1 0.6566 0.5561 0.0283 0.0455 
1 0.7071 0.6652 0.0485 0.0818 
1 0.7212 0.7379 0.0606 0.1303 
1 0.6051 0.7167 0.0465 0.0697 
1 0.8051 0.6955 0.0586 0.0879 
1 0.8505 0.6 0.0364 0.0606 
1 0.8838 0.7121 0.0667 0.1091 
1 0.9434 0.8515 0.1131 0.2121 
1 0.9697 0.6318 0.0444 0.0697 
1 0.9515 0.5879 0.0283 0.0485 
