1 0.1147 0.4659 0.0496 0.1131 
1 0.2622 0.282 0.0187 0.0316 
1 0.2818 0.2621 0.0187 0.0349 
1 0.3006 0.2696 0.0225 0.0433 
1 0.3184 0.2146 0.0131 0.0266 
1 0.3478 0.2171 0.0159 0.0349 
1 0.346 0.2712 0.0178 0.0366 
1 0.3797 0.1972 0.0178 0.0316 
1 0.3769 0.2338 0.0215 0.0449 
1 0.4199 0.2546 0.0253 0.0433 
1 0.412 0.2213 0.015 0.0366 
1 0.4167 0.1697 0.0131 0.03 
1 0.4335 0.1672 0.015 0.025 
1 0.4476 0.1705 0.0131 0.0216 
1 0.4551 0.188 0.0225 0.0233 
1 0.4757 0.1889 0.0169 0.0316 
1 0.4841 0.1597 0.0187 0.0233 
1 0.4785 0.1381 0.0131 0.0233 
1 0.4602 0.1406 0.0122 0.025 
1 0.4902 0.1265 0.0122 0.03 
1 0.5332 0.129 0.0178 0.0316 
1 0.5529 0.1448 0.014 0.0333 
1 0.5613 0.1048 0.0122 0.0233 
1 0.5983 0.0932 0.0131 0.0233 
1 0.596 0.1123 0.0122 0.0216 
1 0.6161 0.1032 0.0112 0.0266 
1 0.6259 0.094 0.0103 0.0216 
1 0.6414 0.0957 0.0131 0.025 
1 0.6465 0.1106 0.014 0.025 
1 0.6278 0.1348 0.014 0.03 
1 0.5955 0.1439 0.015 0.0316 
1 0.5824 0.1606 0.0169 0.0316 
1 0.5501 0.193 0.0197 0.0399 
1 0.4934 0.2163 0.0225 0.0366 
1 0.4897 0.287 0.0187 0.0483 
1 0.5557 0.2837 0.0272 0.0549 
1 0.566 0.2438 0.0197 0.0349 
1 0.6147 0.2479 0.0215 0.0433 
1 0.6222 0.2038 0.0178 0.0449 
1 0.6568 0.1664 0.0197 0.0366 
1 0.669 0.1156 0.0159 0.0316 
1 0.6994 0.0915 0.015 0.03 
1 0.706 0.1306 0.0131 0.0316 
1 0.6896 0.1414 0.014 0.0366 
1 0.7008 0.2113 0.0234 0.0499 
1 0.6629 0.2022 0.0206 0.0449 
1 0.6751 0.2554 0.0187 0.0416 
1 0.6779 0.3286 0.0262 0.0549 
1 0.6096 0.3344 0.0225 0.0499 
1 0.7238 0.2895 0.0281 0.0566 
1 0.7622 0.2421 0.0225 0.0416 
1 0.7851 0.2903 0.0253 0.0483 
1 0.7533 0.1789 0.0159 0.0316 
1 0.7322 0.1473 0.0187 0.0349 
1 0.7369 0.114 0.0131 0.0316 
1 0.7477 0.1281 0.014 0.0333 
1 0.7561 0.1023 0.0122 0.025 
1 0.7701 0.1298 0.014 0.0333 
1 0.78 0.1206 0.015 0.0283 
1 0.7959 0.1273 0.015 0.0349 
1 0.8137 0.1265 0.0131 0.0266 
1 0.8352 0.1373 0.0169 0.0349 
1 0.8165 0.1656 0.0169 0.0349 
1 0.8034 0.1789 0.0169 0.0316 
1 0.8736 0.2263 0.0169 0.0532 
1 0.8923 0.1913 0.0169 0.0433 
1 0.8965 0.1631 0.014 0.0366 
1 0.9054 0.129 0.0112 0.0316 
1 0.8741 0.1215 0.014 0.03 
1 0.8633 0.1531 0.0169 0.0333 
1 0.9307 0.1506 0.015 0.0283 
1 0.9279 0.188 0.015 0.0399 
1 0.9345 0.2662 0.0187 0.0532 
