1 0.1345 0.354 0.0341 0.0657 
1 0.2987 0.2172 0.0151 0.0328 
1 0.3077 0.2381 0.0171 0.0347 
1 0.3363 0.2372 0.0141 0.0365 
1 0.3499 0.2016 0.0131 0.0347 
1 0.3348 0.177 0.0151 0.0292 
1 0.3619 0.24 0.0191 0.042 
1 0.3901 0.2527 0.0191 0.0347 
1 0.3891 0.1889 0.0151 0.0347 
1 0.4182 0.1843 0.0151 0.0328 
1 0.4237 0.2035 0.0141 0.0347 
1 0.4332 0.2263 0.0191 0.0438 
1 0.4568 0.2135 0.0161 0.0292 
1 0.4237 0.1442 0.01 0.0255 
1 0.4629 0.1642 0.0161 0.0328 
1 0.4719 0.1414 0.0141 0.031 
1 0.4885 0.1761 0.0151 0.0347 
1 0.5045 0.2044 0.0131 0.0292 
1 0.493 0.1469 0.0141 0.0274 
1 0.4905 0.1359 0.0131 0.0201 
1 0.5 0.125 0.012 0.0237 
1 0.5161 0.1378 0.012 0.0237 
1 0.5271 0.1223 0.012 0.0255 
1 0.5236 0.1715 0.0151 0.0365 
1 0.5527 0.1551 0.0151 0.0219 
1 0.5572 0.1761 0.0161 0.0347 
1 0.5517 0.1378 0.011 0.0201 
1 0.5582 0.1204 0.0141 0.0255 
1 0.5853 0.1159 0.012 0.031 
1 0.5929 0.1049 0.011 0.0237 
1 0.6079 0.1049 0.0131 0.0237 
1 0.5999 0.1332 0.0131 0.0219 
1 0.5884 0.1715 0.0161 0.0328 
1 0.5823 0.2308 0.0181 0.042 
1 0.5567 0.2892 0.0311 0.0529 
1 0.4955 0.2828 0.0251 0.0584 
1 0.6019 0.3294 0.0211 0.0675 
1 0.6225 0.2491 0.0201 0.0456 
1 0.6275 0.2062 0.0161 0.0328 
1 0.62 0.1432 0.0131 0.0274 
1 0.6255 0.1204 0.012 0.0255 
1 0.6335 0.104 0.012 0.0219 
1 0.6687 0.1013 0.01 0.0274 
1 0.6662 0.1323 0.011 0.0274 
1 0.6692 0.1779 0.0131 0.0347 
1 0.6687 0.2838 0.0201 0.0602 
1 0.6963 0.3148 0.0271 0.0602 
1 0.7229 0.2929 0.0221 0.0456 
1 0.7108 0.2272 0.0181 0.0347 
1 0.7073 0.1779 0.0171 0.0347 
1 0.7088 0.1551 0.0141 0.0255 
1 0.6847 0.1159 0.012 0.0274 
1 0.6923 0.0967 0.011 0.0182 
1 0.7098 0.104 0.012 0.0255 
1 0.749 0.1268 0.0141 0.031 
1 0.7796 0.1369 0.0151 0.0328 
1 0.751 0.1651 0.0161 0.0347 
1 0.758 0.177 0.0161 0.0328 
1 0.8012 0.1816 0.0161 0.0347 
1 0.8022 0.2135 0.0181 0.0401 
1 0.759 0.2491 0.0221 0.042 
1 0.7741 0.3066 0.0221 0.062 
1 0.744 0.3942 0.0281 0.073 
1 0.8243 0.4106 0.0281 0.062 
1 0.8961 0.4151 0.0271 0.0748 
1 0.9147 0.333 0.0241 0.0566 
1 0.9272 0.2911 0.0171 0.0456 
1 0.8685 0.2673 0.0201 0.0456 
1 0.8399 0.3038 0.0231 0.0602 
1 0.8148 0.2564 0.0211 0.0529 
1 0.882 0.2226 0.0171 0.0365 
1 0.9252 0.2217 0.0191 0.0456 
1 0.8273 0.167 0.0161 0.0237 
