1 0.3322 0.202 0.0178 0.0326 
1 0.3739 0.1979 0.015 0.0277 
1 0.3828 0.1816 0.0122 0.0212 
1 0.7095 0.3094 0.0412 0.0782 
1 0.425 0.1783 0.0197 0.0244 
1 0.4381 0.1808 0.0122 0.0293 
1 0.4461 0.1498 0.0094 0.0195 
1 0.4597 0.1572 0.0178 0.0342 
1 0.477 0.206 0.0225 0.0407 
1 0.4892 0.1718 0.0169 0.0407 
1 0.4831 0.145 0.0103 0.013 
1 0.5009 0.1441 0.0159 0.0277 
1 0.5084 0.1604 0.0178 0.0342 
1 0.5136 0.1857 0.0094 0.0326 
1 0.5267 0.1735 0.0131 0.0277 
1 0.522 0.1376 0.0131 0.0309 
1 0.5497 0.1376 0.0103 0.0212 
1 0.5619 0.1897 0.0197 0.0342 
1 0.5843 0.1344 0.0178 0.0309 
1 0.5998 0.1393 0.015 0.0309 
1 0.6026 0.1637 0.0112 0.0212 
1 0.6246 0.114 0.0084 0.0228 
1 0.6354 0.1482 0.015 0.0261 
1 0.6649 0.1311 0.0178 0.044 
1 0.6823 0.1197 0.0169 0.0375 
1 0.694 0.1384 0.0216 0.0456 
1 0.7156 0.1287 0.0103 0.0195 
1 0.597 0.2386 0.0225 0.0407 
1 0.6279 0.2101 0.0187 0.0391 
1 0.6673 0.2003 0.0112 0.0261 
1 0.671 0.2378 0.0206 0.0358 
1 0.7015 0.2467 0.0291 0.0505 
1 0.7029 0.1792 0.0131 0.0261 
1 0.717 0.1995 0.0169 0.0342 
1 0.7399 0.1531 0.0197 0.0293 
1 0.7427 0.1832 0.0159 0.0309 
1 0.7615 0.1458 0.0178 0.0309 
1 0.7699 0.1441 0.0084 0.0277 
1 0.8013 0.1767 0.0187 0.0342 
1 0.7854 0.1816 0.015 0.0342 
1 0.8004 0.2182 0.015 0.0326 
1 0.8163 0.1604 0.015 0.0277 
1 0.8299 0.1458 0.0141 0.0277 
1 0.8233 0.1971 0.0122 0.0293 
1 0.8468 0.1865 0.0178 0.0309 
1 0.865 0.1466 0.0131 0.0293 
1 0.8664 0.2068 0.0141 0.0423 
1 0.895 0.1572 0.0131 0.0244 
1 0.8922 0.2337 0.0225 0.0375 
1 0.8819 0.2736 0.0169 0.0423 
1 0.9147 0.1857 0.0169 0.0358 
1 0.9442 0.1775 0.0122 0.0228 
1 0.9414 0.2264 0.0178 0.0326 
1 0.4724 0.1726 0.0206 0.0293 
1 0.6476 0.1596 0.015 0.0326 
