1 0.3858 0.2275 0.0817 0.13 
1 0.3292 0.7325 0.1017 0.165 
1 0.4183 0.4975 0.0667 0.105 
1 0.485 0.5112 0.07 0.1275 
1 0.5942 0.665 0.1117 0.17 
1 0.6267 0.535 0.0833 0.13 
1 0.635 0.445 0.0467 0.075 
1 0.5708 0.3688 0.0417 0.0625 
1 0.5125 0.3675 0.0417 0.07 
1 0.6125 0.3237 0.035 0.0625 
1 0.6625 0.32 0.0417 0.075 
1 0.7142 0.4288 0.0583 0.0875 
1 0.7608 0.3787 0.0583 0.0925 
1 0.8133 0.3337 0.0367 0.0525 
1 0.7925 0.315 0.0317 0.05 
1 0.8733 0.3325 0.03 0.06 
1 0.9133 0.37 0.03 0.055 
1 0.9317 0.3412 0.0267 0.0425 
