1 0.0856 0.5598 0.0434 0.1118 
1 0.2419 0.2709 0.0213 0.0441 
1 0.232 0.2433 0.0174 0.0331 
1 0.2861 0.226 0.0182 0.0425 
1 0.2999 0.2394 0.0174 0.0409 
1 0.3197 0.2016 0.0174 0.0472 
1 0.3386 0.2165 0.0189 0.052 
1 0.356 0.2118 0.0158 0.0425 
1 0.3733 0.2504 0.0189 0.0535 
1 0.4037 0.2236 0.0166 0.0409 
1 0.444 0.2898 0.0229 0.0535 
1 0.3729 0.1921 0.0213 0.0378 
1 0.4006 0.1787 0.0166 0.0394 
1 0.44 0.1819 0.015 0.0331 
1 0.4586 0.1559 0.0126 0.0283 
1 0.4838 0.1646 0.0174 0.0425 
1 0.4961 0.1961 0.0182 0.0425 
1 0.483 0.2409 0.0237 0.0472 
1 0.5367 0.2213 0.0189 0.0457 
1 0.5241 0.1575 0.0205 0.0441 
1 0.5347 0.1512 0.0182 0.0409 
1 0.4996 0.1449 0.0158 0.0346 
1 0.5631 0.1433 0.015 0.0346 
1 0.5596 0.1276 0.0158 0.0315 
1 0.5856 0.1921 0.0174 0.0441 
1 0.5872 0.1551 0.0158 0.0362 
1 0.5825 0.1276 0.0158 0.0378 
1 0.6026 0.1173 0.0166 0.0362 
1 0.6121 0.1433 0.0134 0.0283 
1 0.6172 0.1654 0.0126 0.0315 
1 0.6117 0.2008 0.0174 0.0425 
1 0.5781 0.311 0.026 0.0551 
1 0.6184 0.3496 0.0276 0.0598 
1 0.665 0.3764 0.0308 0.0661 
1 0.6219 0.2677 0.0253 0.063 
1 0.6756 0.215 0.0253 0.0551 
1 0.663 0.1669 0.0142 0.0346 
1 0.6389 0.1181 0.015 0.0378 
1 0.6575 0.1362 0.0142 0.0362 
1 0.6697 0.1346 0.0134 0.0362 
1 0.6922 0.1488 0.0174 0.0362 
1 0.6957 0.1354 0.015 0.0409 
1 0.7214 0.1472 0.0189 0.0394 
1 0.6981 0.1984 0.0197 0.0472 
1 0.7222 0.2496 0.0253 0.0488 
1 0.753 0.2756 0.0221 0.0472 
1 0.7451 0.2157 0.0158 0.0409 
1 0.7545 0.1756 0.0158 0.0362 
1 0.7794 0.1882 0.0182 0.0425 
1 0.7861 0.1591 0.0158 0.0378 
1 0.811 0.1811 0.0166 0.0409 
1 0.8197 0.2118 0.015 0.0394 
1 0.8323 0.2016 0.015 0.0378 
1 0.7979 0.2323 0.0158 0.0425 
1 0.8106 0.3016 0.0268 0.0583 
1 0.7316 0.3724 0.0268 0.074 
1 0.8039 0.4236 0.0324 0.085 
1 0.8627 0.4732 0.0363 0.0835 
1 0.8863 0.3772 0.0237 0.0614 
1 0.8607 0.3173 0.0182 0.0551 
1 0.8702 0.2898 0.0229 0.0409 
1 0.8895 0.2646 0.0189 0.0504 
1 0.8619 0.2165 0.0174 0.0362 
1 0.88 0.2276 0.0158 0.0425 
1 0.9061 0.2173 0.0142 0.0346 
1 0.9037 0.2449 0.0158 0.0394 
1 0.9274 0.2496 0.0142 0.0362 
1 0.9254 0.3079 0.0197 0.0583 
1 0.9471 0.3583 0.0237 0.0614 
1 0.9471 0.422 0.0237 0.0756 
1 0.9759 0.3441 0.0229 0.0551 
1 0.9807 0.2913 0.0166 0.0504 
1 0.9866 0.2441 0.0142 0.0378 
1 0.957 0.2449 0.0166 0.0362 
