1 0.1763 0.8421 0.165 0.2962 
1 0.4287 0.7881 0.1641 0.2897 
1 0.7515 0.5843 0.1025 0.1964 
1 0.7852 0.4804 0.0801 0.1358 
1 0.7246 0.3462 0.0488 0.0867 
1 0.709 0.2692 0.0273 0.0573 
1 0.6494 0.2725 0.0273 0.054 
1 0.6226 0.3249 0.04 0.0638 
1 0.5781 0.2758 0.0254 0.0475 
1 0.4976 0.2709 0.0264 0.0507 
1 0.4834 0.3347 0.041 0.0835 
1 0.498 0.4124 0.0703 0.108 
1 0.4019 0.2496 0.0244 0.0475 
1 0.4468 0.2504 0.0225 0.0491 
1 0.4492 0.3118 0.041 0.0769 
1 0.3608 0.3421 0.0518 0.0917 
1 0.3457 0.2619 0.0352 0.072 
1 0.3315 0.2398 0.0166 0.0311 
1 0.3086 0.2529 0.0234 0.0344 
1 0.2798 0.2332 0.0225 0.0409 
1 0.2373 0.2848 0.0371 0.0655 
1 0.1836 0.3478 0.0586 0.0998 
1 0.7632 0.311 0.0322 0.0524 
1 0.7612 0.2758 0.0244 0.0442 
1 0.7842 0.2905 0.0176 0.0442 
1 0.855 0.374 0.0439 0.0769 
1 0.96 0.3519 0.0391 0.0655 
1 0.9517 0.3126 0.0283 0.0491 
