1 0.0916 0.4978 0.052 0.1083 
1 0.2592 0.2291 0.0176 0.0483 
1 0.3016 0.216 0.0192 0.0395 
1 0.3212 0.1903 0.02 0.041 
1 0.3388 0.2101 0.0248 0.0454 
1 0.3596 0.1947 0.0216 0.0439 
1 0.3724 0.243 0.0232 0.0439 
1 0.4056 0.2101 0.0192 0.0337 
1 0.3712 0.1764 0.0192 0.0307 
1 0.4156 0.1596 0.0168 0.0322 
1 0.4376 0.1691 0.0176 0.0366 
1 0.4404 0.2679 0.0216 0.0498 
1 0.4816 0.2138 0.0256 0.0469 
1 0.4972 0.1889 0.0184 0.041 
1 0.5328 0.1947 0.0208 0.041 
1 0.4808 0.1545 0.0192 0.0366 
1 0.4604 0.1493 0.0152 0.0351 
1 0.4764 0.1347 0.0152 0.0264 
1 0.5024 0.1362 0.0128 0.0293 
1 0.536 0.1479 0.0192 0.0351 
1 0.5616 0.1457 0.016 0.0366 
1 0.5608 0.1186 0.0144 0.0264 
1 0.5812 0.1281 0.0184 0.0307 
1 0.6008 0.1091 0.016 0.0307 
1 0.61 0.1581 0.0152 0.0322 
1 0.6236 0.1684 0.0168 0.0381 
1 0.6192 0.1376 0.0176 0.0322 
1 0.6396 0.1164 0.0168 0.0337 
1 0.6492 0.1266 0.0168 0.0366 
1 0.6568 0.1662 0.016 0.0278 
1 0.6864 0.1457 0.016 0.0337 
1 0.6908 0.1193 0.0152 0.0307 
1 0.7204 0.1391 0.0152 0.0322 
1 0.5656 0.3133 0.0272 0.0586 
1 0.6124 0.3367 0.0312 0.0556 
1 0.618 0.2599 0.0264 0.0571 
1 0.6628 0.2306 0.0248 0.0512 
1 0.7212 0.1889 0.02 0.0381 
1 0.7216 0.2379 0.0208 0.0542 
1 0.7516 0.2042 0.02 0.0395 
1 0.7428 0.1808 0.0168 0.0337 
1 0.76 0.172 0.0144 0.0337 
1 0.788 0.1537 0.0192 0.041 
1 0.8116 0.1757 0.0152 0.041 
1 0.832 0.1991 0.016 0.0351 
1 0.802 0.2255 0.0184 0.041 
1 0.7764 0.1984 0.0152 0.0366 
1 0.7692 0.2496 0.02 0.0425 
1 0.6628 0.3565 0.0296 0.063 
1 0.7384 0.3792 0.0288 0.0644 
1 0.788 0.4026 0.032 0.0791 
1 0.8636 0.4539 0.0328 0.0732 
1 0.8908 0.3785 0.0264 0.0688 
1 0.862 0.3089 0.0216 0.0469 
1 0.8192 0.2665 0.0224 0.0556 
1 0.8716 0.2072 0.0152 0.0395 
1 0.8824 0.2079 0.016 0.0322 
1 0.8964 0.2452 0.0168 0.0454 
1 0.9072 0.224 0.0144 0.0381 
1 0.9136 0.2079 0.016 0.0381 
1 0.9264 0.3053 0.0192 0.0542 
1 0.946 0.3338 0.0232 0.0556 
1 0.9544 0.4056 0.0272 0.0732 
1 0.9816 0.328 0.0192 0.0439 
1 0.9844 0.2855 0.0152 0.041 
1 0.9796 0.2606 0.0152 0.0381 
1 0.9832 0.2269 0.0144 0.0293 
1 0.9476 0.2108 0.02 0.0469 
1 0.9428 0.2423 0.0152 0.0395 
