1 0.899 0.4798 0.0275 0.0741 
1 0.9156 0.3636 0.019 0.0539 
1 0.8966 0.1902 0.0171 0.0404 
1 0.8918 0.2214 0.0152 0.0455 
1 0.9108 0.1886 0.0152 0.0404 
1 0.9345 0.2365 0.0171 0.0421 
1 0.9322 0.2769 0.018 0.0488 
1 0.8748 0.2887 0.0171 0.0455 
1 0.8472 0.319 0.0228 0.0488 
1 0.8159 0.2904 0.0209 0.0522 
1 0.8316 0.2492 0.018 0.0438 
1 0.8544 0.2189 0.0161 0.037 
1 0.8601 0.1768 0.0161 0.0404 
1 0.8705 0.1793 0.0142 0.0387 
1 0.8112 0.1608 0.0133 0.0354 
1 0.8174 0.1911 0.0161 0.0387 
1 0.8363 0.1658 0.0142 0.032 
1 0.7903 0.2079 0.0171 0.0421 
1 0.7813 0.1759 0.0142 0.0387 
1 0.759 0.1515 0.0152 0.037 
1 0.7396 0.1827 0.0142 0.0354 
1 0.7011 0.1709 0.0133 0.0286 
1 0.666 0.1776 0.0171 0.0387 
1 0.6665 0.218 0.018 0.0455 
1 0.7211 0.2315 0.019 0.0522 
1 0.6357 0.2475 0.0228 0.0505 
1 0.6551 0.2828 0.0218 0.0505 
1 0.6248 0.3022 0.0256 0.069 
1 0.5712 0.2921 0.0247 0.0623 
1 0.5697 0.2559 0.0199 0.0505 
1 0.6841 0.3375 0.0285 0.069 
1 0.7073 0.1995 0.018 0.0354 
1 0.6257 0.1355 0.0123 0.0286 
1 0.5949 0.1515 0.0152 0.0303 
1 0.5674 0.0699 0.0095 0.0253 
1 0.5531 0.1692 0.0114 0.0253 
1 0.5602 0.1785 0.0123 0.0337 
1 0.5375 0.1178 0.0085 0.0202 
1 0.547 0.1397 0.0123 0.0236 
1 0.5123 0.1448 0.0114 0.0269 
1 0.519 0.1667 0.0133 0.0337 
1 0.49 0.1423 0.0104 0.0253 
1 0.4934 0.1641 0.0133 0.032 
1 0.4715 0.1406 0.0133 0.0219 
1 0.4507 0.1481 0.0133 0.0269 
1 0.4341 0.1768 0.0142 0.0303 
1 0.4521 0.1709 0.0142 0.032 
1 0.4734 0.1759 0.0152 0.0354 
1 0.4146 0.2096 0.0133 0.0354 
1 0.4511 0.2256 0.0142 0.0404 
1 0.481 0.2306 0.0171 0.0438 
1 0.4986 0.3056 0.0256 0.0556 
1 0.3131 0.2365 0.0152 0.0354 
1 0.3482 0.1919 0.0152 0.0303 
1 0.1997 0.4394 0.037 0.0808 
1 0.5541 0.1195 0.0114 0.0236 
