1 0.0688 0.5667 0.0453 0.104 
1 0.1845 0.305 0.0231 0.0416 
1 0.2142 0.2808 0.0181 0.0555 
1 0.2541 0.2426 0.0206 0.0416 
1 0.2904 0.247 0.0189 0.0468 
1 0.2957 0.2097 0.0165 0.0451 
1 0.3151 0.2331 0.0189 0.0433 
1 0.3336 0.2166 0.0148 0.0485 
1 0.3583 0.2626 0.0181 0.0503 
1 0.3855 0.2418 0.0132 0.0468 
1 0.3534 0.195 0.0198 0.0433 
1 0.3789 0.1924 0.0181 0.0451 
1 0.423 0.3258 0.0255 0.0485 
1 0.4592 0.2522 0.0189 0.0537 
1 0.4226 0.195 0.0132 0.0329 
1 0.411 0.169 0.0115 0.0295 
1 0.4493 0.1638 0.0124 0.0364 
1 0.4773 0.2114 0.0157 0.0451 
1 0.5202 0.2314 0.0173 0.0468 
1 0.4778 0.1603 0.0165 0.0433 
1 0.5099 0.1733 0.0181 0.0485 
1 0.5416 0.1369 0.0107 0.0277 
1 0.5494 0.1629 0.0132 0.0381 
1 0.568 0.2019 0.014 0.0433 
1 0.6145 0.2002 0.0148 0.0399 
1 0.6512 0.1828 0.014 0.026 
1 0.6009 0.1577 0.0157 0.0381 
1 0.5717 0.1326 0.0148 0.0399 
1 0.591 0.1196 0.0124 0.0347 
1 0.6236 0.1265 0.0132 0.0347 
1 0.6425 0.1508 0.0115 0.0312 
1 0.6524 0.1274 0.0132 0.0399 
1 0.6812 0.1594 0.0132 0.0381 
1 0.6899 0.1334 0.0124 0.0312 
1 0.708 0.1525 0.0124 0.0381 
1 0.5441 0.3718 0.0206 0.0572 
1 0.5906 0.3856 0.0247 0.0641 
1 0.5984 0.2938 0.0206 0.0607 
1 0.6483 0.2712 0.0181 0.0503 
1 0.6577 0.4107 0.0255 0.052 
1 0.7195 0.4081 0.0255 0.0641 
1 0.7949 0.4532 0.0264 0.0849 
1 0.8793 0.5087 0.0272 0.0711 
1 0.8806 0.4385 0.0214 0.0589 
1 0.9596 0.474 0.0247 0.0676 
1 0.7171 0.266 0.0173 0.0468 
1 0.7068 0.214 0.0132 0.0364 
1 0.736 0.234 0.0189 0.052 
1 0.7496 0.195 0.0099 0.0329 
1 0.7446 0.2981 0.0148 0.0451 
1 0.8118 0.3068 0.0157 0.052 
1 0.7924 0.2634 0.0181 0.0347 
1 0.7764 0.2149 0.0157 0.0347 
1 0.7702 0.1837 0.0148 0.0312 
1 0.8064 0.1872 0.0115 0.0381 
1 0.8274 0.2149 0.0124 0.0416 
1 0.8138 0.2296 0.0148 0.0433 
1 0.8666 0.2322 0.0115 0.0347 
1 0.855 0.344 0.0181 0.0503 
1 0.869 0.3163 0.0181 0.0537 
1 0.8904 0.2816 0.0165 0.0433 
1 0.9003 0.2617 0.0132 0.0347 
1 0.9061 0.2374 0.0148 0.0416 
1 0.9498 0.2444 0.0148 0.0416 
1 0.9353 0.2808 0.014 0.0312 
1 0.932 0.3449 0.0173 0.0485 
1 0.9477 0.3882 0.0222 0.0659 
1 0.9773 0.3804 0.0157 0.0572 
1 0.9716 0.3267 0.014 0.0468 
1 0.9778 0.3085 0.0115 0.0347 
1 0.9827 0.2608 0.0132 0.0468 
