1 0.1076 0.5479 0.0375 0.05 
1 0.1174 0.5917 0.0403 0.0625 
1 0.1681 0.6583 0.075 0.1083 
1 0.2764 0.5667 0.0389 0.0542 
1 0.2569 0.5573 0.0306 0.0563 
1 0.325 0.6115 0.0472 0.0729 
1 0.3833 0.6354 0.0528 0.0833 
1 0.4507 0.6771 0.0681 0.1083 
1 0.4069 0.549 0.0306 0.0563 
1 0.4292 0.5635 0.0306 0.0521 
1 0.4694 0.5531 0.0333 0.0604 
1 0.5201 0.5531 0.0264 0.0563 
1 0.541 0.4854 0.0264 0.0458 
1 0.5465 0.5521 0.0264 0.05 
1 0.5736 0.5854 0.0417 0.0708 
1 0.6201 0.5531 0.0292 0.0563 
1 0.6625 0.5885 0.0389 0.0771 
1 0.6576 0.5385 0.0208 0.0437 
1 0.6917 0.5552 0.0306 0.0563 
1 0.7292 0.525 0.0333 0.0583 
1 0.7306 0.6135 0.0583 0.0979 
1 0.7458 0.5854 0.0361 0.075 
1 0.7861 0.5458 0.025 0.05 
1 0.8194 0.5875 0.0389 0.075 
1 0.8257 0.5458 0.0264 0.05 
1 0.8431 0.5302 0.025 0.0437 
1 0.891 0.6188 0.0431 0.0708 
1 0.8785 0.5771 0.0264 0.05 
1 0.8889 0.5427 0.0222 0.0396 
1 0.9076 0.5219 0.0181 0.0354 
1 0.9472 0.5719 0.0389 0.0688 
1 0.9576 0.5375 0.0208 0.05 
1 0.9826 0.5698 0.0264 0.0563 
