1 0.4029 0.3245 0.0293 0.0544 
1 0.6351 0.4093 0.0257 0.0469 
1 0.6814 0.3928 0.0262 0.0492 
1 0.6933 0.3397 0.0305 0.0533 
1 0.7481 0.3356 0.0278 0.0533 
1 0.83 0.3303 0.0335 0.0533 
1 0.9216 0.4497 0.0293 0.0503 
1 0.9543 0.4673 0.032 0.0503 
1 0.9169 0.5957 0.0527 0.0916 
1 0.847 0.545 0.0425 0.0698 
1 0.7907 0.4752 0.037 0.0593 
1 0.7061 0.4876 0.0312 0.0593 
1 0.7404 0.5169 0.0473 0.0826 
1 0.7474 0.5815 0.0583 0.0991 
1 0.8325 0.6676 0.077 0.1085 
1 0.8796 0.8307 0.1022 0.1907 
1 0.3751 0.8084 0.1082 0.1708 
1 0.1241 0.7932 0.0882 0.1659 
1 0.3247 0.6237 0.0645 0.1062 
1 0.3796 0.5747 0.0522 0.0833 
1 0.3997 0.5242 0.048 0.08 
1 0.4373 0.4944 0.045 0.0668 
1 0.4706 0.4679 0.0312 0.0529 
1 0.4693 0.628 0.073 0.1336 
1 0.5209 0.6034 0.0527 0.101 
1 0.5251 0.5252 0.0432 0.0698 
1 0.5377 0.4846 0.0375 0.0511 
1 0.5366 0.4523 0.0297 0.0511 
1 0.314 0.4486 0.0375 0.0563 
1 0.273 0.4606 0.039 0.0593 
1 0.2359 0.509 0.0437 0.0646 
1 0.2519 0.4474 0.0328 0.0563 
1 0.1501 0.5471 0.0512 0.0739 
1 0.18 0.472 0.0405 0.0529 
1 0.1189 0.4983 0.0473 0.0657 
1 0.1032 0.4413 0.037 0.0522 
1 0.0544 0.5233 0.0527 0.0803 
1 0.0328 0.5809 0.064 0.0897 
1 0.0227 0.4726 0.0395 0.0608 
1 0.0484 0.4392 0.0312 0.0503 
