1 0.137 0.7853 0.094 0.1471 
1 0.263 0.4234 0.054 0.0781 
1 0.394 0.6577 0.072 0.1321 
1 0.552 0.8769 0.144 0.2282 
1 0.604 0.6336 0.076 0.1381 
1 0.653 0.5991 0.054 0.0871 
1 0.6 0.509 0.028 0.045 
1 0.65 0.4655 0.02 0.042 
1 0.683 0.479 0.026 0.0511 
1 0.747 0.4805 0.026 0.048 
1 0.752 0.5721 0.048 0.0691 
1 0.772 0.6847 0.076 0.1321 
1 0.781 0.494 0.03 0.045 
1 0.799 0.4505 0.026 0.042 
1 0.873 0.4625 0.03 0.042 
1 0.923 0.464 0.03 0.0511 
1 0.937 0.8664 0.126 0.2553 
1 0.907 0.5931 0.058 0.0991 
1 0.948 0.5661 0.052 0.0811 
1 0.927 0.5405 0.042 0.0661 
