1 0.0768 0.5085 0.039 0.0966 
1 0.2868 0.2564 0.0167 0.0384 
1 0.3019 0.2464 0.0183 0.0355 
1 0.3194 0.2521 0.0167 0.0384 
1 0.3317 0.2628 0.0207 0.0455 
1 0.3381 0.2159 0.0191 0.0398 
1 0.3743 0.2621 0.0231 0.0497 
1 0.3998 0.2393 0.0215 0.0469 
1 0.4173 0.2628 0.0247 0.0568 
1 0.4491 0.2273 0.0215 0.0398 
1 0.4312 0.2237 0.0191 0.044 
1 0.4686 0.2237 0.0191 0.0469 
1 0.4065 0.1918 0.0191 0.0369 
1 0.4244 0.1754 0.0167 0.0355 
1 0.4292 0.157 0.0167 0.0298 
1 0.4467 0.1491 0.0167 0.0312 
1 0.4646 0.1641 0.0159 0.0327 
1 0.4809 0.1939 0.0167 0.0327 
1 0.5119 0.1818 0.0167 0.0369 
1 0.535 0.1946 0.0167 0.0312 
1 0.537 0.1612 0.0143 0.0355 
1 0.4968 0.1264 0.0103 0.0284 
1 0.5084 0.1413 0.0143 0.0355 
1 0.5302 0.1307 0.0151 0.0284 
1 0.5521 0.1371 0.0191 0.0327 
1 0.5788 0.1463 0.0183 0.0398 
1 0.5959 0.1605 0.0159 0.0398 
1 0.6034 0.142 0.0151 0.0369 
1 0.5895 0.1051 0.0111 0.0256 
1 0.609 0.1016 0.0119 0.0213 
1 0.6169 0.1286 0.0151 0.0241 
1 0.6404 0.1158 0.0175 0.0355 
1 0.6691 0.1158 0.0143 0.0327 
1 0.4984 0.2947 0.031 0.0554 
1 0.5446 0.3026 0.0294 0.0568 
1 0.5768 0.2393 0.0223 0.0469 
1 0.6106 0.2095 0.0199 0.0412 
1 0.6356 0.2401 0.0223 0.0483 
1 0.6543 0.2543 0.0231 0.0511 
1 0.65 0.2067 0.0255 0.0469 
1 0.6516 0.1655 0.0159 0.0355 
1 0.685 0.1598 0.0175 0.0384 
1 0.6965 0.1783 0.0183 0.0412 
1 0.716 0.1463 0.0175 0.0398 
1 0.685 0.3061 0.0334 0.0668 
1 0.7053 0.2301 0.0231 0.0483 
1 0.7275 0.2635 0.0231 0.0582 
1 0.747 0.2401 0.0223 0.054 
1 0.7729 0.3239 0.0294 0.0795 
1 0.7363 0.1861 0.0199 0.0455 
1 0.7466 0.1413 0.0167 0.0355 
1 0.7605 0.1768 0.0159 0.0327 
1 0.7669 0.1186 0.0159 0.0355 
1 0.7828 0.142 0.0159 0.0369 
1 0.794 0.1271 0.0159 0.0384 
1 0.8019 0.1747 0.0191 0.0369 
1 0.7848 0.1925 0.0199 0.044 
1 0.8186 0.1562 0.0143 0.0398 
1 0.8437 0.1747 0.0151 0.0369 
1 0.8675 0.1413 0.0167 0.0412 
1 0.8361 0.1548 0.0111 0.0256 
1 0.8381 0.2038 0.0167 0.0412 
1 0.8063 0.2294 0.0263 0.0554 
1 0.7999 0.2663 0.0278 0.0582 
1 0.8532 0.3061 0.0294 0.0611 
1 0.862 0.2514 0.0231 0.0483 
1 0.8775 0.2138 0.0191 0.044 
1 0.885 0.1839 0.0183 0.0412 
1 0.9021 0.25 0.0223 0.0511 
