1 0.0437 0.4922 0.0422 0.0594 
1 0.218 0.5604 0.0547 0.0667 
1 0.1938 0.5214 0.0437 0.0531 
1 0.2262 0.4646 0.0398 0.0479 
1 0.2785 0.4901 0.0398 0.0531 
1 0.2578 0.5151 0.05 0.0615 
1 0.3258 0.5073 0.0484 0.0583 
1 0.3613 0.4776 0.032 0.051 
1 0.4477 0.4807 0.0391 0.0531 
1 0.4383 0.4568 0.0297 0.0385 
1 0.4875 0.4089 0.0328 0.051 
1 0.5242 0.4844 0.0328 0.0437 
1 0.5453 0.5057 0.0391 0.0552 
1 0.4883 0.5411 0.0437 0.0677 
1 0.5098 0.5818 0.0477 0.0677 
1 0.6066 0.5563 0.0461 0.075 
1 0.6023 0.4938 0.0359 0.0542 
1 0.6676 0.5031 0.0445 0.0729 
1 0.7496 0.4318 0.0352 0.0615 
1 0.8184 0.4432 0.0336 0.0594 
1 0.7211 0.6375 0.0813 0.1104 
1 0.834 0.6297 0.0633 0.1073 
1 0.8848 0.5557 0.0602 0.0781 
1 0.9465 0.5276 0.0508 0.074 
