1 0.2043 0.4201 0.0353 0.0854 
1 0.2655 0.2631 0.0133 0.0303 
1 0.282 0.2624 0.0133 0.0317 
1 0.3082 0.2273 0.0125 0.0303 
1 0.3192 0.2789 0.0157 0.0399 
1 0.3314 0.2266 0.0149 0.0344 
1 0.3635 0.2493 0.0165 0.0386 
1 0.3753 0.2603 0.018 0.0413 
1 0.3929 0.2782 0.0204 0.0496 
1 0.3961 0.1942 0.0125 0.0248 
1 0.4043 0.1763 0.0133 0.0303 
1 0.4227 0.1811 0.0125 0.0289 
1 0.4184 0.2287 0.018 0.0358 
1 0.4486 0.219 0.0157 0.0331 
1 0.4769 0.2238 0.0173 0.0427 
1 0.4475 0.1556 0.0118 0.0275 
1 0.4549 0.1694 0.011 0.0248 
1 0.5102 0.1825 0.0133 0.0344 
1 0.5031 0.1309 0.0086 0.0193 
1 0.5204 0.1329 0.0102 0.0262 
1 0.5404 0.1942 0.0157 0.0331 
1 0.5369 0.1763 0.0149 0.0358 
1 0.5482 0.1481 0.011 0.0289 
1 0.5588 0.1674 0.0165 0.0399 
1 0.5914 0.104 0.011 0.0234 
1 0.5725 0.1419 0.0125 0.0248 
1 0.5675 0.2362 0.018 0.0427 
1 0.5757 0.1625 0.0141 0.0275 
1 0.5196 0.2844 0.018 0.0482 
1 0.549 0.3037 0.0267 0.0537 
1 0.5976 0.2603 0.0204 0.0551 
1 0.6051 0.1453 0.0118 0.0289 
1 0.6114 0.2087 0.0165 0.0427 
1 0.6318 0.1212 0.0133 0.0248 
1 0.6165 0.1253 0.011 0.022 
1 0.6384 0.1742 0.0157 0.0399 
1 0.6698 0.1095 0.011 0.0262 
1 0.6541 0.2245 0.0188 0.0441 
1 0.6525 0.2638 0.022 0.0482 
1 0.6863 0.3113 0.0267 0.0579 
1 0.7012 0.2796 0.022 0.0551 
1 0.6749 0.1694 0.0149 0.0358 
1 0.6992 0.2273 0.0227 0.0413 
1 0.6906 0.1915 0.0165 0.0331 
1 0.7396 0.2211 0.0173 0.0344 
1 0.7773 0.2707 0.0235 0.062 
1 0.7275 0.1618 0.0133 0.0317 
1 0.7486 0.177 0.0149 0.0344 
1 0.7365 0.1901 0.0157 0.0303 
1 0.7569 0.1405 0.0141 0.0275 
1 0.7765 0.1488 0.0125 0.0303 
1 0.791 0.1364 0.0118 0.0303 
1 0.8251 0.1426 0.011 0.0289 
1 0.7949 0.1811 0.0149 0.0344 
1 0.7769 0.1935 0.0165 0.0372 
1 0.8106 0.23 0.0165 0.0468 
1 0.8314 0.2073 0.0157 0.0427 
1 0.8612 0.1481 0.0094 0.0289 
1 0.878 0.2018 0.0133 0.0317 
1 0.8686 0.2163 0.0165 0.0413 
1 0.8553 0.2438 0.0196 0.0441 
1 0.8655 0.303 0.0212 0.0551 
1 0.8969 0.2555 0.018 0.0427 
1 0.7518 0.3258 0.0259 0.0647 
