1 0.2087 0.4666 0.041 0.0826 
1 0.2958 0.2285 0.013 0.0281 
1 0.3143 0.2285 0.014 0.0281 
1 0.3493 0.2179 0.014 0.0281 
1 0.3664 0.1898 0.014 0.0246 
1 0.3483 0.1511 0.014 0.0316 
1 0.3844 0.1564 0.01 0.0211 
1 0.3909 0.2065 0.019 0.0299 
1 0.4004 0.2381 0.016 0.0404 
1 0.4179 0.2496 0.017 0.0316 
1 0.3629 0.2548 0.021 0.0387 
1 0.4154 0.2135 0.018 0.0369 
1 0.4234 0.1564 0.01 0.0211 
1 0.459 0.2144 0.019 0.0387 
1 0.4735 0.1933 0.014 0.0281 
1 0.4635 0.1661 0.012 0.0264 
1 0.458 0.1415 0.009 0.0158 
1 0.4765 0.1309 0.012 0.0264 
1 0.491 0.1626 0.017 0.0299 
1 0.5175 0.1793 0.016 0.0316 
1 0.5501 0.1819 0.017 0.0334 
1 0.5425 0.1599 0.012 0.0246 
1 0.5165 0.1327 0.01 0.0193 
1 0.5015 0.1239 0.012 0.0228 
1 0.4915 0.1406 0.012 0.0246 
1 0.5691 0.1775 0.015 0.0246 
1 0.5651 0.1494 0.015 0.0316 
1 0.5896 0.1116 0.008 0.0193 
1 0.5931 0.1538 0.013 0.0228 
1 0.6171 0.1424 0.013 0.0316 
1 0.6341 0.1599 0.013 0.0281 
1 0.6301 0.123 0.011 0.0211 
1 0.6046 0.1248 0.01 0.0211 
1 0.6091 0.1098 0.007 0.0158 
1 0.6441 0.1134 0.009 0.0228 
1 0.6542 0.1151 0.009 0.0228 
1 0.6827 0.1054 0.01 0.0211 
1 0.5741 0.2276 0.021 0.0334 
1 0.6196 0.2443 0.018 0.0422 
1 0.6201 0.2118 0.021 0.0334 
1 0.6657 0.2337 0.02 0.0387 
1 0.7072 0.1916 0.017 0.0387 
1 0.7397 0.1766 0.016 0.0334 
1 0.7332 0.1467 0.011 0.0334 
1 0.7593 0.1327 0.011 0.0228 
1 0.7397 0.2355 0.014 0.0387 
1 0.7663 0.2381 0.021 0.0404 
1 0.7748 0.2127 0.012 0.0281 
1 0.7938 0.217 0.014 0.0334 
1 0.7918 0.1678 0.014 0.0264 
1 0.7838 0.145 0.014 0.0299 
1 0.7678 0.1257 0.012 0.0228 
1 0.8083 0.1327 0.009 0.0228 
1 0.8238 0.1397 0.012 0.0264 
1 0.8278 0.1784 0.014 0.0264 
1 0.8393 0.1643 0.013 0.0264 
1 0.8534 0.1494 0.011 0.0316 
1 0.8669 0.1714 0.014 0.0334 
1 0.8659 0.2091 0.016 0.0351 
1 0.8488 0.2399 0.022 0.0439 
1 0.7783 0.3032 0.025 0.058 
1 0.9119 0.3339 0.022 0.0562 
1 0.8834 0.232 0.017 0.0422 
1 0.9254 0.2522 0.015 0.0404 
1 0.9164 0.232 0.015 0.0387 
1 0.9369 0.2039 0.012 0.0281 
1 0.9394 0.1766 0.009 0.0264 
1 0.9545 0.1793 0.011 0.0281 
1 0.9174 0.1564 0.013 0.0351 
1 0.9134 0.1898 0.009 0.0281 
1 0.9034 0.1819 0.011 0.0264 
1 0.8889 0.1652 0.012 0.0316 
