1 0.2133 0.3867 0.03 0.0444 
1 0.1233 0.4522 0.0333 0.0467 
1 0.095 0.48 0.0333 0.0444 
1 0.0933 0.5144 0.0333 0.0467 
1 0.0483 0.5233 0.0567 0.0644 
1 0.3108 0.4956 0.0417 0.0533 
1 0.325 0.5578 0.0533 0.0711 
1 0.3992 0.5922 0.085 0.1 
1 0.4367 0.6633 0.1033 0.1311 
1 0.4867 0.8089 0.14 0.1778 
1 0.3317 0.4533 0.0333 0.0356 
1 0.3517 0.4356 0.0233 0.0311 
1 0.3808 0.4611 0.0283 0.0378 
1 0.4258 0.4844 0.0317 0.0444 
1 0.4417 0.5233 0.0533 0.06 
1 0.42 0.44 0.0233 0.0356 
1 0.4867 0.4611 0.0333 0.0467 
1 0.5058 0.48 0.0317 0.0533 
1 0.5533 0.51 0.0467 0.06 
1 0.5758 0.4711 0.0317 0.0444 
1 0.6025 0.4489 0.0283 0.04 
1 0.6258 0.5367 0.0517 0.0644 
1 0.6633 0.5033 0.0333 0.0556 
1 0.6408 0.4622 0.0283 0.0311 
1 0.6625 0.45 0.0183 0.0333 
1 0.7217 0.4467 0.03 0.0444 
1 0.7325 0.5356 0.045 0.0622 
1 0.6875 0.6322 0.0917 0.1311 
1 0.5467 0.5889 0.07 0.08 
1 0.4775 0.5389 0.0517 0.06 
1 0.835 0.5667 0.0633 0.0889 
1 0.7883 0.4889 0.0333 0.0622 
1 0.7925 0.4533 0.0417 0.0489 
1 0.8825 0.4867 0.0383 0.0578 
1 0.9117 0.5044 0.0467 0.0667 
1 0.9583 0.5456 0.0467 0.0778 
1 0.9558 0.7189 0.085 0.14 
1 0.9342 0.8544 0.1317 0.2022 
