1 0.048 0.6347 0.044 0.0693 
1 0.028 0.5773 0.036 0.0507 
1 0.055 0.5773 0.034 0.0453 
1 0.11 0.6493 0.052 0.0773 
1 0.042 0.82 0.08 0.1573 
1 0.158 0.5747 0.028 0.0507 
1 0.192 0.6253 0.048 0.0613 
1 0.234 0.6707 0.068 0.0827 
1 0.206 0.5733 0.032 0.0427 
1 0.231 0.5613 0.03 0.04 
1 0.253 0.6293 0.054 0.0587 
1 0.294 0.6187 0.044 0.064 
1 0.31 0.5813 0.028 0.0373 
1 0.37 0.5773 0.032 0.0507 
1 0.402 0.5787 0.02 0.032 
1 0.561 0.4987 0.026 0.0267 
1 0.629 0.5987 0.038 0.0507 
1 0.601 0.5733 0.022 0.0267 
1 0.64 0.548 0.024 0.0293 
1 0.676 0.5707 0.028 0.032 
1 0.719 0.5787 0.034 0.0427 
1 0.68 0.6333 0.044 0.056 
1 0.751 0.7 0.07 0.1147 
1 0.829 0.6507 0.054 0.0693 
1 0.812 0.5893 0.036 0.048 
1 0.789 0.5813 0.03 0.0533 
1 0.787 0.5547 0.026 0.0373 
1 0.848 0.5747 0.04 0.0613 
1 0.882 0.58 0.032 0.0507 
1 0.953 0.5853 0.034 0.0453 
1 0.924 0.6387 0.04 0.0613 
1 0.917 0.572 0.026 0.056 
1 0.891 0.6787 0.054 0.072 
1 0.969 0.7893 0.062 0.1973 
