0 0.6744 0.4512 0.0492 0.0769 
0 0.4437 0.4662 0.0352 0.0657 
0 0.4515 0.3049 0.0338 0.0619 
0 0.4803 0.2871 0.0267 0.045 
0 0.5506 0.2946 0.0323 0.0563 
0 0.5274 0.2899 0.0253 0.0582 
0 0.6245 0.288 0.0309 0.0507 
0 0.3924 0.3199 0.0309 0.0582 
0 0.4198 0.3246 0.0295 0.0525 
0 0.3073 0.2992 0.0352 0.0582 
0 0.1238 0.3283 0.0366 0.06 
0 0.0647 0.3377 0.045 0.0638 
0 0.7595 0.2786 0.0422 0.0732 
0 0.8256 0.3021 0.0534 0.075 
0 0.903 0.288 0.0422 0.0694 
0 0.7271 0.3049 0.0338 0.0582 
0 0.3755 0.3021 0.0225 0.0413 
1 0.2504 0.3311 0.0309 0.0544 
1 0.1688 0.3396 0.0394 0.0525 
