1 0.2051 0.3666 0.0447 0.0861 
1 0.3032 0.2478 0.0214 0.0448 
1 0.3115 0.2134 0.0185 0.0344 
1 0.3304 0.241 0.0194 0.0448 
1 0.3489 0.2565 0.0194 0.0448 
1 0.3703 0.2478 0.0194 0.0448 
1 0.3751 0.2108 0.0175 0.0327 
1 0.3547 0.1928 0.0155 0.0344 
1 0.3455 0.1799 0.0146 0.0293 
1 0.4018 0.2762 0.0262 0.0465 
1 0.4174 0.2091 0.0165 0.0396 
1 0.4169 0.1876 0.0214 0.0379 
1 0.4159 0.1489 0.0155 0.0327 
1 0.4441 0.1807 0.0194 0.0448 
1 0.4514 0.222 0.0165 0.0379 
1 0.4762 0.2263 0.0253 0.043 
1 0.4655 0.1446 0.0117 0.031 
1 0.4738 0.1523 0.0126 0.0293 
1 0.4874 0.1807 0.0165 0.031 
1 0.4859 0.1325 0.0117 0.0241 
1 0.4985 0.1291 0.0117 0.0241 
1 0.5029 0.1601 0.0146 0.0275 
1 0.5131 0.1454 0.0155 0.0258 
1 0.5296 0.1334 0.0136 0.0293 
1 0.5214 0.1781 0.0185 0.0327 
1 0.5369 0.1644 0.0165 0.0327 
1 0.5564 0.1824 0.0185 0.0379 
1 0.5583 0.1627 0.0165 0.0327 
1 0.5447 0.1454 0.0146 0.0293 
1 0.5544 0.1239 0.0146 0.0241 
1 0.5763 0.1239 0.0136 0.031 
1 0.5831 0.1196 0.0117 0.0224 
1 0.5962 0.1343 0.0146 0.031 
1 0.5865 0.1747 0.0185 0.0396 
1 0.6195 0.1489 0.0165 0.0258 
1 0.6161 0.1136 0.0155 0.031 
1 0.6346 0.1196 0.0155 0.0293 
1 0.6492 0.1084 0.0155 0.0275 
1 0.6535 0.1403 0.0165 0.0293 
1 0.6798 0.1041 0.0146 0.0258 
1 0.6876 0.1213 0.0146 0.0293 
1 0.7182 0.1084 0.0136 0.0241 
1 0.4942 0.2866 0.0301 0.0637 
1 0.55 0.3305 0.033 0.0585 
1 0.587 0.2461 0.0214 0.0516 
1 0.6351 0.2453 0.0204 0.0465 
1 0.5996 0.3442 0.0311 0.062 
1 0.6803 0.259 0.0253 0.0568 
1 0.6871 0.1876 0.0194 0.0413 
1 0.7021 0.1652 0.0165 0.0344 
1 0.7177 0.1824 0.0185 0.0413 
1 0.7255 0.1558 0.0146 0.0327 
1 0.7532 0.1325 0.0155 0.031 
1 0.7444 0.1876 0.0175 0.0448 
1 0.7614 0.1859 0.0165 0.031 
1 0.7376 0.2341 0.0214 0.0413 
1 0.7366 0.2935 0.0253 0.0499 
1 0.691 0.3133 0.0292 0.0585 
1 0.7483 0.3898 0.0311 0.074 
1 0.8207 0.3967 0.036 0.0706 
1 0.7852 0.3072 0.0272 0.0637 
1 0.7702 0.2349 0.0243 0.0465 
1 0.7998 0.2263 0.0175 0.0396 
1 0.8202 0.2522 0.0214 0.0534 
1 0.7988 0.1601 0.0136 0.031 
1 0.794 0.1394 0.0136 0.0275 
1 0.8698 0.2556 0.0194 0.0465 
1 0.8892 0.2263 0.0175 0.043 
1 0.9164 0.3399 0.0214 0.0568 
1 0.9232 0.2849 0.0214 0.0465 
1 0.9261 0.2255 0.0175 0.0413 
1 0.879 0.4036 0.0398 0.0809 
1 0.8333 0.3563 0.0243 0.0482 
