1 0.1694 0.4784 0.0396 0.0642 
1 0.2902 0.2678 0.0166 0.0363 
1 0.3183 0.2706 0.0174 0.0335 
1 0.331 0.2162 0.0143 0.0307 
1 0.3444 0.2141 0.0158 0.0265 
1 0.3456 0.2434 0.0182 0.0377 
1 0.3618 0.2538 0.019 0.0363 
1 0.3721 0.2329 0.0174 0.0307 
1 0.3931 0.2796 0.0214 0.0432 
1 0.3971 0.2322 0.0182 0.0321 
1 0.3876 0.2573 0.0214 0.0321 
1 0.4066 0.1939 0.0135 0.0251 
1 0.4212 0.1827 0.0127 0.0251 
1 0.4434 0.1485 0.0111 0.0209 
1 0.4493 0.1646 0.0119 0.0223 
1 0.4636 0.1618 0.0135 0.0223 
1 0.4505 0.1876 0.0127 0.0265 
1 0.4529 0.2064 0.0158 0.0279 
1 0.4588 0.2308 0.0166 0.0377 
1 0.4842 0.1395 0.0119 0.0195 
1 0.4913 0.1534 0.0119 0.0223 
1 0.5044 0.1353 0.0095 0.0195 
1 0.5099 0.1827 0.0158 0.0335 
1 0.5154 0.1562 0.0127 0.0279 
1 0.5218 0.1471 0.0127 0.0237 
1 0.5416 0.1304 0.0111 0.0237 
1 0.5515 0.1088 0.0103 0.0251 
1 0.5546 0.1423 0.0119 0.0223 
1 0.5467 0.1597 0.0135 0.0293 
1 0.5625 0.1283 0.0119 0.0251 
1 0.5855 0.1234 0.0135 0.0265 
1 0.5764 0.1457 0.0143 0.0237 
1 0.576 0.1715 0.015 0.0335 
1 0.5895 0.1039 0.0103 0.0181 
1 0.6057 0.1004 0.0111 0.0223 
1 0.6065 0.1269 0.0127 0.0251 
1 0.6425 0.0934 0.0103 0.0223 
1 0.637 0.1151 0.0119 0.0209 
1 0.6386 0.1374 0.0135 0.0237 
1 0.6255 0.1492 0.0143 0.0279 
1 0.6595 0.1011 0.0111 0.0237 
1 0.6916 0.1095 0.0103 0.0237 
1 0.6686 0.1241 0.0119 0.0223 
1 0.7383 0.1102 0.0119 0.0223 
1 0.7811 0.1144 0.0087 0.0251 
1 0.8044 0.1241 0.0127 0.0279 
1 0.8242 0.1234 0.0127 0.0237 
1 0.8674 0.1297 0.0103 0.0223 
1 0.9006 0.1381 0.0119 0.0279 
1 0.8915 0.1548 0.0127 0.0279 
1 0.8876 0.1855 0.0143 0.0279 
1 0.8599 0.1513 0.0143 0.0265 
1 0.8472 0.1604 0.0127 0.0279 
1 0.842 0.1827 0.015 0.0279 
1 0.8112 0.1611 0.015 0.0293 
1 0.8702 0.2294 0.0158 0.0432 
1 0.8215 0.2064 0.0166 0.0335 
1 0.8523 0.2615 0.0214 0.0488 
1 0.9268 0.1604 0.0119 0.0307 
1 0.9133 0.2218 0.0135 0.0307 
1 0.9184 0.2085 0.0143 0.0293 
1 0.9173 0.2762 0.0198 0.0363 
1 0.8828 0.2971 0.0253 0.0446 
1 0.8306 0.2922 0.0222 0.0432 
1 0.8096 0.2531 0.0198 0.0349 
1 0.7728 0.2106 0.0174 0.0363 
1 0.7656 0.2943 0.0238 0.053 
1 0.8258 0.3626 0.0269 0.0614 
1 0.8836 0.4233 0.0333 0.0767 
1 0.5428 0.2901 0.0293 0.0502 
1 0.5558 0.2357 0.0206 0.0418 
1 0.5978 0.2476 0.0206 0.0432 
1 0.6002 0.2141 0.0206 0.0349 
1 0.6298 0.3054 0.0245 0.0446 
1 0.6694 0.2615 0.0245 0.0516 
1 0.6536 0.2287 0.0198 0.0418 
1 0.6896 0.258 0.019 0.0307 
1 0.7462 0.2357 0.0214 0.053 
1 0.6781 0.1904 0.0182 0.0404 
1 0.69 0.1639 0.0166 0.0293 
1 0.7173 0.1604 0.0158 0.0279 
1 0.728 0.1862 0.0198 0.0349 
1 0.7447 0.1464 0.0135 0.0307 
1 0.7359 0.1374 0.015 0.0265 
1 0.7775 0.1764 0.0158 0.0265 
1 0.7957 0.189 0.0174 0.0321 
1 0.753 0.1806 0.019 0.0377 
