1 0.1851 0.336 0.0463 0.0925 
1 0.3785 0.199 0.0183 0.0419 
1 0.3819 0.1745 0.0193 0.0314 
1 0.4156 0.2155 0.0212 0.0436 
1 0.3901 0.2723 0.026 0.0454 
1 0.4238 0.185 0.0241 0.0349 
1 0.4812 0.1832 0.027 0.0454 
1 0.4793 0.1562 0.0174 0.0366 
1 0.4571 0.2277 0.0212 0.0401 
1 0.5174 0.1972 0.0241 0.0524 
1 0.5376 0.1972 0.0203 0.0419 
1 0.5535 0.0707 0.0135 0.0297 
1 0.5786 0.1265 0.0154 0.0332 
1 0.6225 0.1536 0.0241 0.0489 
1 0.6061 0.2469 0.0222 0.0471 
1 0.6374 0.2469 0.0289 0.0611 
1 0.6263 0.3098 0.0338 0.0681 
1 0.7338 0.2932 0.0309 0.0663 
1 0.6856 0.1815 0.0174 0.0384 
1 0.7107 0.1606 0.0193 0.0384 
1 0.7117 0.2024 0.0174 0.0419 
1 0.7445 0.1702 0.0193 0.0332 
1 0.7555 0.1475 0.0164 0.0332 
1 0.7821 0.1449 0.0193 0.0384 
1 0.7695 0.1754 0.0174 0.0366 
1 0.784 0.185 0.0154 0.0314 
1 0.8018 0.1736 0.0125 0.0366 
1 0.8062 0.2199 0.0251 0.0489 
1 0.7546 0.2068 0.0203 0.0436 
1 0.838 0.2757 0.0251 0.0524 
1 0.8756 0.2888 0.0289 0.0576 
1 0.9151 0.2914 0.0251 0.0524 
1 0.9185 0.2182 0.0183 0.0419 
1 0.9412 0.2408 0.0193 0.0419 
1 0.9465 0.212 0.0164 0.0332 
