1 0.2542 0.5148 0.0317 0.0592 
1 0.2842 0.4246 0.0283 0.0503 
1 0.3433 0.571 0.0333 0.0592 
1 0.3767 0.4482 0.03 0.0621 
1 0.195 0.4586 0.0267 0.0533 
1 0.2333 0.3891 0.02 0.0444 
1 0.19 0.395 0.02 0.0385 
1 0.1792 0.3447 0.0183 0.0385 
1 0.2192 0.3151 0.015 0.0266 
1 0.2725 0.2914 0.0183 0.0325 
1 0.2908 0.3284 0.0183 0.0355 
1 0.3258 0.3595 0.025 0.0385 
1 0.3417 0.3935 0.02 0.0473 
1 0.2642 0.3521 0.0217 0.0414 
1 0.3367 0.2663 0.0133 0.0237 
1 0.3625 0.2396 0.015 0.0355 
1 0.385 0.284 0.0167 0.0355 
1 0.3942 0.2648 0.0183 0.0325 
1 0.3892 0.3092 0.015 0.0385 
1 0.4267 0.3269 0.02 0.0444 
1 0.43 0.2914 0.0133 0.0266 
1 0.4433 0.2544 0.0133 0.0237 
1 0.4717 0.2737 0.02 0.0325 
1 0.485 0.2781 0.0167 0.0296 
1 0.4808 0.2278 0.015 0.0237 
1 0.5183 0.2101 0.0133 0.0355 
1 0.5425 0.2071 0.0117 0.0296 
1 0.54 0.25 0.0167 0.0325 
1 0.5708 0.2293 0.015 0.0325 
1 0.6033 0.2337 0.0133 0.0237 
1 0.5658 0.2604 0.0117 0.0237 
1 0.5692 0.3136 0.0183 0.0355 
1 0.5433 0.3314 0.02 0.0473 
1 0.5317 0.3033 0.02 0.0325 
1 0.5058 0.3669 0.0217 0.0414 
1 0.4617 0.3491 0.0233 0.0414 
1 0.5717 0.4364 0.0333 0.0562 
1 0.57 0.3905 0.02 0.0414 
1 0.5925 0.3343 0.0183 0.0296 
1 0.6158 0.3787 0.0217 0.0355 
1 0.595 0.3757 0.02 0.0355 
1 0.62 0.4157 0.0267 0.0503 
1 0.62 0.2825 0.02 0.0325 
1 0.635 0.253 0.0133 0.0266 
1 0.6492 0.2929 0.0183 0.0355 
1 0.6567 0.2589 0.0167 0.0325 
1 0.6808 0.2988 0.0183 0.0414 
1 0.6983 0.284 0.0133 0.0355 
1 0.7142 0.3402 0.0217 0.0414 
1 0.7 0.3595 0.0167 0.0325 
1 0.7558 0.3136 0.0217 0.0533 
1 0.7925 0.3624 0.0183 0.0444 
1 0.6817 0.5296 0.04 0.0651 
1 0.5317 0.7041 0.0433 0.0888 
1 0.4417 0.5592 0.04 0.0769 
