1 0.5047 0.7096 0.2168 0.352 
1 0.0907 0.574 0.1776 0.2575 
1 0.0537 0.2226 0.0645 0.0945 
1 0.2631 0.296 0.0944 0.1393 
1 0.3262 0.4266 0.1215 0.1716 
1 0.365 0.2512 0.0701 0.1144 
1 0.3963 0.2127 0.0523 0.0945 
1 0.4893 0.2214 0.0551 0.092 
1 0.5509 0.3234 0.0869 0.1418 
1 0.685 0.4129 0.1308 0.1741 
1 0.6528 0.2562 0.0701 0.1119 
1 0.6042 0.1698 0.0533 0.0759 
1 0.6813 0.2034 0.0692 0.1007 
1 0.7341 0.1953 0.0477 0.0846 
1 0.793 0.2711 0.0963 0.1493 
1 0.8893 0.2512 0.0626 0.1169 
1 0.9262 0.176 0.0579 0.0808 
1 0.9154 0.2183 0.0551 0.0858 
