1 0.114 0.8285 0.1326 0.258 
1 0.0417 0.7128 0.0686 0.1543 
1 0.108 0.6077 0.0581 0.0984 
1 0.0566 0.5306 0.0447 0.0878 
1 0.1215 0.4162 0.0522 0.0878 
1 0.2072 0.5745 0.0566 0.1064 
1 0.2556 0.6715 0.082 0.1569 
1 0.2034 0.3989 0.0581 0.0957 
1 0.2832 0.492 0.0358 0.0638 
1 0.351 0.4947 0.0343 0.0585 
1 0.3592 0.3511 0.0238 0.0585 
1 0.392 0.5213 0.0298 0.0638 
1 0.4173 0.496 0.0328 0.0665 
1 0.4948 0.512 0.0328 0.0665 
1 0.4985 0.5997 0.0492 0.0824 
1 0.456 0.8059 0.1162 0.1915 
1 0.4791 0.4801 0.0343 0.0824 
1 0.4762 0.3777 0.0253 0.0585 
1 0.5134 0.3936 0.0224 0.0532 
1 0.5559 0.5239 0.0387 0.0745 
1 0.5313 0.4574 0.0313 0.0585 
1 0.582 0.4628 0.0253 0.0585 
1 0.5902 0.3963 0.0298 0.0585 
1 0.6311 0.504 0.0313 0.0612 
1 0.5991 0.5824 0.0507 0.1011 
1 0.6297 0.4681 0.0164 0.0426 
1 0.6572 0.4601 0.0209 0.0479 
1 0.6706 0.4867 0.0268 0.0532 
1 0.7295 0.3896 0.0581 0.0984 
1 0.7042 0.6184 0.0522 0.1356 
1 0.807 0.5319 0.0402 0.0745 
1 0.8159 0.4894 0.0253 0.0532 
1 0.8398 0.4947 0.0283 0.0638 
1 0.8398 0.6742 0.0879 0.1835 
1 0.9076 0.6463 0.0656 0.1223 
1 0.8711 0.5572 0.0551 0.1037 
1 0.9449 0.5678 0.0447 0.0931 
1 0.9419 0.4654 0.0298 0.0691 
1 0.9568 0.492 0.0268 0.0638 
