1 0.1318 0.5587 0.0415 0.0802 
1 0.2301 0.351 0.0207 0.0372 
1 0.2579 0.3789 0.0199 0.0473 
1 0.2902 0.3768 0.0199 0.043 
1 0.2869 0.3245 0.0166 0.033 
1 0.3404 0.3689 0.0191 0.0444 
1 0.3557 0.341 0.0149 0.0372 
1 0.3545 0.3102 0.0158 0.0358 
1 0.3872 0.3438 0.0166 0.0401 
1 0.4121 0.341 0.0199 0.043 
1 0.4113 0.3095 0.0182 0.0258 
1 0.3939 0.2751 0.0182 0.0344 
1 0.4063 0.2887 0.0166 0.0301 
1 0.4308 0.2665 0.0141 0.0287 
1 0.4502 0.2715 0.0149 0.033 
1 0.4689 0.2493 0.0141 0.0287 
1 0.4751 0.2436 0.0133 0.0287 
1 0.4291 0.3001 0.0158 0.0272 
1 0.4685 0.3274 0.0232 0.0387 
1 0.5066 0.336 0.0232 0.0387 
1 0.454 0.3603 0.0191 0.0358 
1 0.4714 0.4384 0.0307 0.0544 
1 0.5439 0.3768 0.0282 0.0487 
1 0.5112 0.2744 0.0174 0.0301 
1 0.5207 0.2493 0.0116 0.0287 
1 0.5265 0.265 0.0166 0.0315 
1 0.5282 0.2872 0.0199 0.0387 
1 0.5547 0.2923 0.0182 0.0372 
1 0.5609 0.2335 0.0141 0.0287 
1 0.5601 0.255 0.0158 0.0287 
1 0.5779 0.2607 0.0166 0.0344 
1 0.5734 0.2307 0.0108 0.0229 
1 0.5825 0.24 0.0141 0.0272 
1 0.6157 0.2199 0.0158 0.0272 
1 0.636 0.2192 0.0133 0.0287 
1 0.6057 0.2407 0.0158 0.0229 
1 0.6036 0.2593 0.0133 0.0287 
1 0.6451 0.2335 0.0149 0.0287 
1 0.6368 0.2636 0.0166 0.0315 
1 0.6716 0.2235 0.0133 0.0287 
1 0.682 0.2378 0.0141 0.0287 
1 0.6886 0.2278 0.0124 0.0287 
1 0.677 0.2837 0.0174 0.0315 
1 0.6414 0.313 0.0191 0.0358 
1 0.6078 0.3374 0.0232 0.0444 
1 0.6273 0.3797 0.0224 0.0458 
1 0.6617 0.3825 0.0265 0.0602 
1 0.6526 0.3532 0.0182 0.0387 
1 0.6874 0.3259 0.0182 0.0444 
1 0.6982 0.384 0.0216 0.0544 
1 0.7268 0.4148 0.029 0.0559 
1 0.5908 0.4606 0.034 0.0759 
1 0.6385 0.4749 0.0365 0.0731 
1 0.539 0.4377 0.0348 0.053 
1 0.7131 0.26 0.0149 0.033 
1 0.7421 0.2479 0.0116 0.0287 
1 0.7541 0.2421 0.0124 0.0344 
1 0.7446 0.2665 0.0133 0.0344 
1 0.7707 0.2636 0.0108 0.0229 
1 0.7753 0.2744 0.0133 0.0244 
1 0.7836 0.2901 0.0166 0.0415 
1 0.7094 0.3073 0.0207 0.0387 
1 0.7923 0.2493 0.0124 0.0287 
1 0.8163 0.2521 0.0158 0.0287 
1 0.8246 0.3095 0.0141 0.0344 
1 0.8499 0.265 0.0149 0.0258 
1 0.8615 0.2837 0.0149 0.0401 
1 0.876 0.2693 0.0141 0.0344 
1 0.8993 0.2815 0.0141 0.0301 
1 0.9469 0.2901 0.0116 0.0272 
1 0.9465 0.3123 0.0124 0.0258 
1 0.927 0.3367 0.0149 0.0458 
1 0.9494 0.3689 0.0199 0.053 
1 0.9013 0.3302 0.0149 0.0387 
1 0.8607 0.3352 0.0199 0.0401 
1 0.8814 0.346 0.0166 0.053 
1 0.8661 0.399 0.0257 0.0645 
1 0.8304 0.351 0.0191 0.0573 
1 0.8197 0.3682 0.0191 0.0516 
1 0.9216 0.4742 0.0307 0.0774 
1 0.8499 0.4756 0.0282 0.063 
1 0.8337 0.5086 0.0323 0.0716 
1 0.7861 0.4384 0.0265 0.063 
1 0.7048 0.5544 0.0381 0.0774 
