1 0.508 0.0994 0.0333 0.0531 
1 0.487 0.1703 0.0377 0.065 
1 0.5536 0.3238 0.058 0.0768 
1 0.6493 0.1132 0.0377 0.061 
1 0.7312 0.2037 0.0478 0.0689 
1 0.8768 0.2726 0.0493 0.0807 
1 0.9775 0.2972 0.0449 0.0906 
1 0.9877 0.187 0.0246 0.0709 
1 0.9087 0.7057 0.0928 0.1161 
1 0.9246 0.9173 0.1072 0.1457 
1 0.7355 0.7185 0.0739 0.1142 
1 0.5087 0.6476 0.087 0.122 
1 0.3478 0.7756 0.0812 0.122 
1 0.1761 0.6506 0.0884 0.1043 
1 0.1768 0.5768 0.0783 0.0906 
1 0.0442 0.4724 0.0681 0.1063 
1 0.1217 0.3917 0.058 0.0827 
1 0.1703 0.3071 0.0565 0.0748 
1 0.1833 0.1969 0.042 0.0512 
1 0.1101 0.2293 0.0522 0.065 
1 0.0783 0.2913 0.0551 0.0669 
1 0.0529 0.1152 0.0391 0.0492 
1 0.2377 0.0699 0.0319 0.0492 
