1 0.2161 0.4967 0.0386 0.0797 
1 0.3955 0.2766 0.0188 0.0382 
1 0.3705 0.1885 0.0141 0.0249 
1 0.4044 0.2234 0.0179 0.0316 
1 0.4619 0.2251 0.0179 0.0382 
1 0.4181 0.1653 0.0132 0.0282 
1 0.4934 0.1395 0.0113 0.0266 
1 0.5198 0.1287 0.0113 0.0282 
1 0.549 0.1271 0.0151 0.0249 
1 0.5697 0.1354 0.0113 0.0282 
1 0.5683 0.186 0.016 0.0365 
1 0.5909 0.1254 0.0122 0.0249 
1 0.484 0.3439 0.0282 0.0432 
1 0.5377 0.3339 0.0226 0.0432 
1 0.6234 0.265 0.0207 0.0449 
1 0.661 0.2251 0.0245 0.0449 
1 0.6926 0.309 0.0311 0.0598 
1 0.7109 0.26 0.0264 0.0615 
1 0.7782 0.2865 0.0254 0.0615 
1 0.8291 0.3231 0.0273 0.0615 
1 0.9134 0.304 0.0245 0.0565 
1 0.8489 0.1213 0.0141 0.0266 
1 0.9379 0.1586 0.0132 0.0316 
1 0.9105 0.1512 0.0113 0.0233 
1 0.8941 0.1437 0.0122 0.0249 
