1 0.0867 0.2699 0.0251 0.0549 
1 0.2781 0.2248 0.019 0.0389 
1 0.2916 0.223 0.016 0.0319 
1 0.3282 0.2186 0.019 0.0372 
1 0.3492 0.223 0.019 0.0319 
1 0.3788 0.2301 0.02 0.0389 
1 0.4123 0.2327 0.019 0.0336 
1 0.4504 0.2469 0.021 0.0372 
1 0.4619 0.2097 0.02 0.0407 
1 0.4294 0.2009 0.019 0.0336 
1 0.3928 0.2044 0.018 0.0372 
1 0.3763 0.1982 0.017 0.0283 
1 0.3567 0.1947 0.016 0.0283 
1 0.3457 0.1743 0.016 0.0336 
1 0.4048 0.169 0.016 0.0336 
1 0.4279 0.1566 0.014 0.0301 
1 0.4509 0.1867 0.014 0.0301 
1 0.4464 0.1584 0.013 0.0265 
1 0.491 0.1478 0.014 0.0301 
1 0.502 0.1504 0.014 0.0283 
1 0.508 0.1841 0.02 0.0319 
1 0.5286 0.1735 0.019 0.0319 
1 0.5641 0.1814 0.018 0.0336 
1 0.5741 0.1575 0.016 0.0354 
1 0.5807 0.1372 0.015 0.0301 
1 0.6137 0.1593 0.017 0.0319 
1 0.5085 0.1239 0.015 0.0248 
1 0.5326 0.1292 0.013 0.0248 
1 0.5431 0.1558 0.016 0.0319 
1 0.5591 0.1319 0.012 0.0265 
1 0.5546 0.1212 0.015 0.0301 
1 0.6027 0.0717 0.017 0.0301 
1 0.5997 0.1319 0.015 0.0265 
1 0.6318 0.131 0.013 0.0319 
1 0.6473 0.1504 0.014 0.0319 
1 0.6633 0.1389 0.016 0.0265 
1 0.6468 0.1142 0.013 0.0265 
1 0.6263 0.0956 0.018 0.0212 
1 0.6212 0.1212 0.012 0.0301 
1 0.6668 0.1035 0.011 0.0301 
1 0.6718 0.1186 0.013 0.0212 
1 0.6899 0.1274 0.013 0.0319 
1 0.6959 0.108 0.013 0.0212 
1 0.7159 0.1106 0.015 0.0301 
1 0.6012 0.223 0.0261 0.0496 
1 0.6333 0.2062 0.022 0.0478 
1 0.6473 0.2478 0.0281 0.0566 
1 0.6909 0.2248 0.023 0.0425 
1 0.6764 0.177 0.016 0.0354 
1 0.7004 0.2558 0.0261 0.0478 
1 0.7059 0.3124 0.0351 0.0726 
1 0.7575 0.385 0.0321 0.0726 
1 0.8041 0.2929 0.0271 0.0549 
1 0.8332 0.2628 0.0271 0.0549 
1 0.9228 0.3513 0.0361 0.0761 
1 0.745 0.2354 0.021 0.046 
1 0.7255 0.1805 0.018 0.0354 
1 0.7094 0.1752 0.016 0.0319 
1 0.7455 0.1646 0.016 0.0319 
1 0.7435 0.1425 0.014 0.0265 
1 0.77 0.131 0.013 0.0354 
1 0.765 0.192 0.019 0.0372 
1 0.7751 0.2416 0.021 0.0478 
1 0.8101 0.208 0.017 0.0372 
1 0.8537 0.2248 0.02 0.046 
1 0.8657 0.2221 0.016 0.0336 
1 0.8938 0.2354 0.022 0.0425 
1 0.9349 0.2593 0.022 0.0513 
1 0.9489 0.2088 0.014 0.0319 
1 0.9564 0.2221 0.017 0.0407 
1 0.9659 0.1947 0.012 0.0354 
1 0.9058 0.208 0.014 0.0372 
1 0.9123 0.1814 0.017 0.0301 
1 0.9193 0.1752 0.013 0.0319 
1 0.9254 0.1522 0.013 0.0354 
1 0.8813 0.1841 0.019 0.0389 
1 0.8873 0.1593 0.015 0.0283 
1 0.8427 0.1717 0.014 0.0319 
1 0.8302 0.2027 0.017 0.0372 
1 0.8076 0.169 0.014 0.0265 
1 0.7966 0.1469 0.014 0.0283 
1 0.7841 0.1407 0.015 0.0301 
1 0.7901 0.123 0.013 0.0265 
1 0.8091 0.1301 0.015 0.0336 
1 0.8452 0.131 0.011 0.0283 
1 0.8672 0.1504 0.013 0.0319 
1 0.8512 0.1602 0.015 0.0265 
