1 0.1307 0.3592 0.0368 0.088 
1 0.1799 0.3257 0.0338 0.081 
1 0.2281 0.3996 0.0408 0.0458 
1 0.2972 0.2139 0.0179 0.0335 
1 0.341 0.2157 0.0199 0.0335 
1 0.3683 0.2579 0.0209 0.044 
1 0.3926 0.1937 0.0159 0.0317 
1 0.4205 0.1629 0.0119 0.0264 
1 0.4254 0.2685 0.0199 0.0335 
1 0.4458 0.2139 0.0169 0.0405 
1 0.4414 0.1752 0.0139 0.0299 
1 0.423 0.1435 0.0129 0.0194 
1 0.4667 0.132 0.0109 0.0246 
1 0.4861 0.1356 0.0119 0.0246 
1 0.4801 0.1717 0.0159 0.0335 
1 0.503 0.2086 0.0159 0.0335 
1 0.5154 0.184 0.0149 0.0335 
1 0.5383 0.1954 0.0169 0.0352 
1 0.5323 0.1576 0.0129 0.0264 
1 0.5159 0.1224 0.0119 0.0194 
1 0.5234 0.1276 0.0109 0.0229 
1 0.5422 0.1303 0.0129 0.0246 
1 0.582 0.1215 0.0109 0.0282 
1 0.6133 0.1576 0.0159 0.0264 
1 0.6049 0.1259 0.0109 0.0229 
1 0.6173 0.1338 0.0139 0.0282 
1 0.6103 0.1127 0.0099 0.0176 
1 0.6257 0.1118 0.0129 0.0229 
1 0.6387 0.0977 0.0109 0.0229 
1 0.66 0.1065 0.0119 0.0229 
1 0.6829 0.1039 0.0099 0.0176 
1 0.6804 0.1153 0.0109 0.0229 
1 0.5835 0.1752 0.0179 0.0264 
1 0.577 0.2826 0.0249 0.0546 
1 0.587 0.25 0.0189 0.0387 
1 0.6108 0.2579 0.0229 0.0475 
1 0.6486 0.2077 0.0169 0.0352 
1 0.66 0.2016 0.0159 0.0335 
1 0.6879 0.2562 0.0199 0.0405 
1 0.7112 0.1954 0.0169 0.0352 
1 0.7018 0.1673 0.0159 0.0317 
1 0.7311 0.1505 0.0129 0.0264 
1 0.755 0.1347 0.0109 0.0264 
1 0.7808 0.0783 0.0109 0.0229 
1 0.7972 0.154 0.0139 0.0299 
1 0.745 0.1893 0.0189 0.0299 
1 0.7515 0.1998 0.0219 0.0335 
1 0.7848 0.2183 0.0169 0.0317 
1 0.7515 0.2676 0.0199 0.0563 
1 0.7654 0.2711 0.0179 0.0352 
1 0.8022 0.2817 0.0239 0.0458 
1 0.7207 0.2324 0.0179 0.0317 
1 0.8489 0.3213 0.0219 0.0475 
1 0.9155 0.3477 0.0219 0.0511 
1 0.9319 0.3125 0.0229 0.0475 
1 0.8688 0.287 0.0219 0.0493 
1 0.9245 0.2491 0.0159 0.044 
1 0.9423 0.2403 0.0139 0.0335 
1 0.9458 0.2148 0.0149 0.0246 
1 0.9409 0.1866 0.0149 0.0282 
1 0.9081 0.1734 0.0149 0.0299 
1 0.8926 0.2298 0.0179 0.0335 
1 0.8598 0.1972 0.0159 0.0282 
1 0.8429 0.2359 0.0179 0.0387 
1 0.8489 0.2086 0.0159 0.0264 
1 0.8509 0.1505 0.0139 0.0264 
