1 0.1943 0.4854 0.0434 0.0773 
1 0.1239 0.2363 0.0222 0.0292 
1 0.2681 0.232 0.0212 0.0344 
1 0.3462 0.2448 0.0193 0.0395 
1 0.3404 0.201 0.0154 0.0344 
1 0.3573 0.2122 0.0106 0.0292 
1 0.3713 0.2113 0.0135 0.0275 
1 0.4098 0.2328 0.0193 0.0361 
1 0.4677 0.2182 0.0193 0.0344 
1 0.4407 0.1847 0.0193 0.0258 
1 0.3915 0.1727 0.0116 0.0189 
1 0.3954 0.1976 0.0154 0.0172 
1 0.4392 0.1512 0.0164 0.0275 
1 0.5077 0.1942 0.0203 0.0344 
1 0.7565 0.3531 0.0338 0.0464 
1 0.6798 0.2792 0.0231 0.043 
1 0.6297 0.2577 0.027 0.0378 
1 0.6287 0.2036 0.0212 0.0395 
1 0.6663 0.232 0.0212 0.0378 
1 0.594 0.2534 0.0212 0.043 
1 0.5352 0.2216 0.0116 0.0275 
1 0.7859 0.3385 0.0231 0.0515 
1 0.7551 0.2955 0.0231 0.0344 
1 0.7194 0.2491 0.0212 0.0344 
1 0.8245 0.3651 0.0193 0.0533 
1 0.9113 0.3995 0.0289 0.043 
1 0.8819 0.262 0.0183 0.043 
1 0.9272 0.3007 0.028 0.0412 
1 0.8476 0.2354 0.0154 0.0241 
1 0.4971 0.1383 0.0125 0.0189 
1 0.5366 0.1469 0.0125 0.0292 
1 0.5998 0.1229 0.0096 0.0223 
1 0.6128 0.1117 0.0106 0.0275 
1 0.676 0.116 0.0116 0.0258 
1 0.689 0.1271 0.0106 0.0309 
1 0.6683 0.1409 0.0135 0.0241 
1 0.6528 0.1297 0.0096 0.0189 
1 0.6553 0.1091 0.0125 0.0189 
1 0.6176 0.171 0.0145 0.0223 
1 0.6847 0.1942 0.0154 0.0275 
1 0.7117 0.1246 0.0135 0.0258 
1 0.7642 0.134 0.0125 0.0206 
1 0.8095 0.1546 0.0125 0.0344 
1 0.8284 0.1924 0.0116 0.0275 
1 0.8582 0.1993 0.0135 0.0275 
1 0.8722 0.171 0.0145 0.0326 
1 0.9069 0.1701 0.0125 0.0344 
1 0.85 0.1572 0.0145 0.0223 
1 0.8332 0.1684 0.0154 0.0206 
1 0.8983 0.2182 0.0145 0.0275 
1 0.9479 0.2113 0.0116 0.0275 
1 0.7628 0.1864 0.0154 0.0223 
1 0.9426 0.1787 0.0125 0.0206 
1 0.5661 0.14 0.0116 0.0258 
1 0.5815 0.1306 0.0116 0.0206 
1 0.5198 0.1375 0.0116 0.0172 
1 0.472 0.183 0.0145 0.0155 
1 0.621 0.1443 0.0135 0.0275 
1 0.783 0.1701 0.0116 0.0206 
1 0.7083 0.1933 0.0164 0.0395 
1 0.7252 0.2036 0.0231 0.043 
1 0.582 0.201 0.0164 0.0275 
1 0.8457 0.2139 0.0154 0.0361 
1 0.9257 0.2526 0.0231 0.0447 
1 0.9392 0.1993 0.0116 0.0309 
1 0.5082 0.1615 0.0116 0.0241 
1 0.4851 0.1632 0.0116 0.0172 
1 0.5154 0.1813 0.0164 0.0292 
1 0.5506 0.1443 0.0135 0.0275 
