1 0.0741 0.4633 0.0335 0.0651 
1 0.2908 0.2645 0.0175 0.0332 
1 0.3247 0.2763 0.0135 0.0291 
1 0.3124 0.2237 0.0127 0.0235 
1 0.345 0.2334 0.0143 0.0291 
1 0.3402 0.2161 0.0127 0.0249 
1 0.3637 0.2535 0.0151 0.0305 
1 0.3912 0.2639 0.0159 0.0346 
1 0.3769 0.232 0.0143 0.0319 
1 0.3968 0.223 0.0159 0.0277 
1 0.4155 0.259 0.0183 0.0443 
1 0.4207 0.196 0.0143 0.0208 
1 0.4227 0.1814 0.0167 0.0222 
1 0.4474 0.1898 0.0135 0.0222 
1 0.4554 0.2161 0.0183 0.0332 
1 0.498 0.2292 0.0175 0.0319 
1 0.4817 0.1967 0.0167 0.0305 
1 0.5044 0.1801 0.0159 0.0277 
1 0.5311 0.1766 0.0135 0.0319 
1 0.5645 0.1856 0.0151 0.0332 
1 0.5777 0.1558 0.0127 0.0263 
1 0.5538 0.144 0.0127 0.0249 
1 0.5625 0.1212 0.0112 0.0208 
1 0.5386 0.1343 0.0112 0.0222 
1 0.5076 0.151 0.0143 0.0277 
1 0.5 0.1364 0.0135 0.0235 
1 0.4673 0.1489 0.0151 0.0319 
1 0.451 0.169 0.0112 0.0194 
1 0.4462 0.153 0.0127 0.0235 
1 0.5884 0.1302 0.0135 0.0222 
1 0.6223 0.144 0.0127 0.0222 
1 0.5809 0.1108 0.0112 0.0194 
1 0.5896 0.1066 0.0112 0.0249 
1 0.5992 0.1053 0.0112 0.0194 
1 0.6072 0.1129 0.0096 0.0235 
1 0.6323 0.1274 0.0104 0.0249 
1 0.6518 0.1385 0.0159 0.0305 
1 0.6446 0.106 0.0159 0.0291 
1 0.659 0.1129 0.0096 0.0291 
1 0.688 0.1094 0.0151 0.0277 
1 0.5303 0.2902 0.0231 0.0485 
1 0.559 0.25 0.0199 0.0402 
1 0.5976 0.3276 0.0255 0.054 
1 0.6259 0.2417 0.0167 0.0346 
1 0.6143 0.2154 0.0159 0.0346 
1 0.6494 0.2258 0.0175 0.036 
1 0.6649 0.2659 0.0231 0.0499 
1 0.6673 0.2057 0.0183 0.0346 
1 0.7096 0.223 0.0231 0.0388 
1 0.7398 0.2528 0.0199 0.0402 
1 0.7681 0.3089 0.0223 0.0582 
1 0.808 0.4065 0.0367 0.0706 
1 0.8884 0.3525 0.0223 0.054 
1 0.9088 0.3248 0.0199 0.0429 
1 0.8311 0.3151 0.0223 0.0512 
1 0.8135 0.2479 0.0175 0.0332 
1 0.8462 0.2542 0.0223 0.0429 
1 0.8721 0.2147 0.0135 0.0332 
1 0.9171 0.232 0.0191 0.0429 
1 0.8884 0.1891 0.0143 0.0319 
1 0.9048 0.1544 0.012 0.0208 
1 0.9116 0.1385 0.0112 0.0222 
1 0.9283 0.1586 0.0127 0.0263 
1 0.9367 0.1565 0.012 0.0332 
1 0.9283 0.2015 0.0127 0.0263 
1 0.8502 0.1676 0.0127 0.0277 
1 0.8697 0.1717 0.0151 0.0277 
1 0.8622 0.1475 0.0143 0.0291 
1 0.8713 0.1399 0.012 0.0277 
1 0.8032 0.1731 0.0127 0.0222 
1 0.8131 0.151 0.012 0.0277 
1 0.8199 0.1343 0.0112 0.0277 
1 0.8382 0.1253 0.0127 0.0263 
1 0.7737 0.2078 0.0191 0.0332 
1 0.7809 0.1655 0.0143 0.0402 
1 0.8036 0.1219 0.012 0.0249 
1 0.7817 0.1136 0.0112 0.0249 
1 0.7303 0.1794 0.012 0.0235 
1 0.7163 0.1662 0.0112 0.0249 
1 0.7179 0.135 0.0127 0.0235 
1 0.7347 0.135 0.0143 0.0291 
1 0.7502 0.16 0.0167 0.0346 
