1 0.034 0.6053 0.056 0.0747 
1 0.085 0.5707 0.05 0.0747 
1 0.123 0.6133 0.058 0.0853 
1 0.154 0.592 0.04 0.064 
1 0.216 0.5747 0.036 0.0507 
1 0.251 0.5907 0.046 0.0667 
1 0.224 0.6347 0.06 0.0853 
1 0.288 0.5907 0.036 0.0507 
1 0.315 0.576 0.03 0.0427 
1 0.318 0.5587 0.028 0.04 
1 0.361 0.5733 0.038 0.0693 
1 0.387 0.576 0.034 0.0533 
1 0.377 0.6227 0.046 0.0667 
1 0.3 0.7093 0.12 0.1707 
1 0.488 0.716 0.116 0.216 
1 0.435 0.5893 0.05 0.0693 
1 0.483 0.6027 0.034 0.0533 
1 0.516 0.616 0.04 0.0747 
1 0.548 0.5933 0.032 0.0613 
1 0.589 0.564 0.034 0.0507 
1 0.615 0.62 0.054 0.0933 
1 0.675 0.6853 0.09 0.1387 
1 0.675 0.584 0.054 0.0853 
1 0.669 0.484 0.03 0.0667 
1 0.721 0.584 0.038 0.0587 
1 0.77 0.6267 0.048 0.0693 
1 0.841 0.7147 0.13 0.208 
1 0.944 0.6413 0.096 0.1413 
1 0.816 0.5907 0.044 0.056 
1 0.786 0.5813 0.04 0.064 
