1 0.1025 0.4537 0.042 0.0892 
1 0.1864 0.2736 0.0156 0.0354 
1 0.214 0.2887 0.0214 0.0488 
1 0.2551 0.2374 0.0165 0.0337 
1 0.2938 0.2458 0.0165 0.0404 
1 0.2996 0.2012 0.0132 0.0387 
1 0.3202 0.2323 0.0132 0.0438 
1 0.3374 0.2172 0.0148 0.0471 
1 0.3617 0.2576 0.0156 0.0471 
1 0.3506 0.1987 0.0148 0.0337 
1 0.3794 0.1894 0.0132 0.0286 
1 0.3819 0.2441 0.0165 0.0404 
1 0.4239 0.1944 0.0132 0.0354 
1 0.4346 0.1709 0.0099 0.0354 
1 0.451 0.1818 0.0148 0.0269 
1 0.486 0.2054 0.0107 0.0337 
1 0.4613 0.25 0.0173 0.0488 
1 0.4235 0.314 0.0156 0.0455 
1 0.5453 0.2222 0.0156 0.0337 
1 0.4864 0.1515 0.0115 0.0269 
1 0.5136 0.17 0.0148 0.0438 
1 0.551 0.1582 0.0123 0.0303 
1 0.5477 0.1305 0.014 0.0253 
1 0.5741 0.133 0.014 0.0269 
1 0.5753 0.1675 0.0132 0.0286 
1 0.5663 0.2012 0.0148 0.0354 
1 0.6062 0.1751 0.0123 0.0303 
1 0.5877 0.1221 0.0148 0.0286 
1 0.6189 0.197 0.0132 0.037 
1 0.6539 0.1852 0.0123 0.0337 
1 0.6465 0.1465 0.0123 0.0303 
1 0.6284 0.1288 0.0123 0.0354 
1 0.6021 0.1481 0.0123 0.0202 
1 0.6605 0.1279 0.014 0.0337 
1 0.6848 0.1322 0.0132 0.0253 
1 0.6844 0.1658 0.014 0.0354 
1 0.7119 0.1549 0.0115 0.0337 
1 0.6621 0.2332 0.0189 0.0387 
1 0.5675 0.3409 0.0222 0.0455 
1 0.6091 0.2904 0.0198 0.0522 
1 0.7062 0.2172 0.0132 0.037 
1 0.7239 0.2618 0.0189 0.0488 
1 0.7395 0.229 0.0123 0.0337 
1 0.777 0.2113 0.0132 0.032 
1 0.7473 0.1928 0.0148 0.032 
1 0.7765 0.1801 0.0107 0.0236 
1 0.8115 0.1886 0.0132 0.0337 
1 0.8165 0.2281 0.0132 0.0354 
1 0.7951 0.2475 0.0132 0.0438 
1 0.744 0.2946 0.0148 0.0471 
1 0.6062 0.3737 0.0239 0.0572 
1 0.6617 0.4007 0.028 0.0539 
1 0.7206 0.4091 0.0239 0.0606 
1 0.7844 0.4478 0.0263 0.0774 
1 0.8695 0.5177 0.0288 0.0825 
1 0.8757 0.4251 0.0214 0.069 
1 0.8136 0.2971 0.0173 0.0522 
1 0.8753 0.3148 0.0189 0.0471 
1 0.8934 0.2879 0.014 0.037 
1 0.83 0.2163 0.0156 0.0387 
1 0.8695 0.2281 0.014 0.0354 
1 0.9062 0.2239 0.0132 0.0303 
1 0.9074 0.2576 0.0107 0.0303 
1 0.935 0.2694 0.0132 0.0404 
1 0.9276 0.3165 0.0148 0.0471 
1 0.8621 0.3746 0.0156 0.0522 
1 0.9634 0.4554 0.0206 0.0623 
1 0.9539 0.3788 0.0148 0.0505 
1 0.9794 0.3695 0.0132 0.0488 
1 0.9807 0.3215 0.014 0.0471 
1 0.9885 0.2567 0.0115 0.0421 
1 0.9547 0.2433 0.0132 0.0387 
