1 0.2583 0.7562 0.1979 0.2458 
1 0.5432 0.5993 0.1031 0.1375 
1 0.6219 0.5306 0.0771 0.1083 
1 0.7036 0.4646 0.0594 0.0986 
1 0.7312 0.4139 0.0521 0.0806 
1 0.7958 0.4083 0.0458 0.0722 
1 0.8297 0.3812 0.0427 0.0597 
1 0.5729 0.2924 0.0333 0.0458 
1 0.5594 0.3924 0.0354 0.0542 
1 0.512 0.4139 0.0469 0.0528 
1 0.3641 0.4424 0.0552 0.0681 
1 0.299 0.4243 0.0375 0.0458 
1 0.2198 0.5069 0.0542 0.0806 
1 0.1578 0.4813 0.0677 0.0931 
1 0.1755 0.4215 0.0427 0.0597 
1 0.224 0.4208 0.0312 0.0417 
1 0.1234 0.4403 0.0385 0.0528 
1 0.0589 0.4319 0.0448 0.0528 
1 0.0224 0.4674 0.0427 0.0819 
1 0.0146 0.5493 0.0271 0.1097 
