1 0.1391 0.579 0.0527 0.0736 
1 0.1391 0.5232 0.0455 0.0599 
1 0.2227 0.5232 0.0418 0.0708 
1 0.23 0.4768 0.0309 0.049 
1 0.2782 0.4632 0.0291 0.0436 
1 0.3 0.4905 0.0327 0.049 
1 0.3309 0.4646 0.0291 0.0409 
1 0.4155 0.7384 0.0782 0.1253 
1 0.4618 0.6117 0.0473 0.1008 
1 0.4664 0.5409 0.0382 0.0736 
1 0.48 0.5054 0.0364 0.0518 
1 0.4882 0.4796 0.0345 0.049 
1 0.5573 0.47 0.0273 0.0518 
1 0.57 0.4959 0.0309 0.0436 
1 0.5736 0.5477 0.0309 0.0599 
1 0.6055 0.6158 0.0545 0.0926 
1 0.6427 0.733 0.0818 0.1308 
1 0.5055 0.3583 0.0291 0.0409 
1 0.7209 0.4687 0.0236 0.049 
1 0.7473 0.4946 0.0327 0.0463 
1 0.8 0.5218 0.0364 0.0681 
1 0.7964 0.4632 0.0291 0.0436 
1 0.8409 0.485 0.0382 0.0599 
1 0.8909 0.5886 0.0582 0.0817 
1 0.9091 0.5395 0.0364 0.0708 
