1 0.0896 0.283 0.0208 0.0486 
1 0.2792 0.2378 0.0158 0.0312 
1 0.2941 0.2344 0.0139 0.0278 
1 0.3317 0.2257 0.0158 0.0312 
1 0.351 0.1849 0.0149 0.0295 
1 0.3554 0.2014 0.0158 0.0278 
1 0.351 0.2309 0.0188 0.0312 
1 0.3792 0.2422 0.0178 0.033 
1 0.3797 0.2083 0.0149 0.0278 
1 0.3926 0.2153 0.0188 0.0382 
1 0.4124 0.2413 0.0208 0.0382 
1 0.4064 0.1771 0.0149 0.0278 
1 0.4035 0.1675 0.0129 0.0226 
1 0.4277 0.1684 0.0119 0.0174 
1 0.4248 0.1944 0.0139 0.0243 
1 0.4302 0.2092 0.0149 0.0295 
1 0.448 0.2031 0.0149 0.0243 
1 0.4619 0.2179 0.0188 0.033 
1 0.4465 0.2569 0.0218 0.0382 
1 0.4515 0.1641 0.0158 0.0295 
1 0.4901 0.158 0.0119 0.0243 
1 0.501 0.1606 0.0139 0.026 
1 0.5064 0.1363 0.0109 0.0191 
1 0.5342 0.1398 0.0149 0.0295 
1 0.5287 0.1892 0.0158 0.0278 
1 0.5089 0.1918 0.0139 0.0295 
1 0.5406 0.1675 0.0139 0.0295 
1 0.554 0.1345 0.0129 0.026 
1 0.5579 0.1467 0.0149 0.0295 
1 0.5619 0.191 0.0149 0.0347 
1 0.5723 0.171 0.0139 0.033 
1 0.5797 0.1493 0.0129 0.0278 
1 0.598 0.0833 0.0119 0.0208 
1 0.6208 0.1102 0.0099 0.0191 
1 0.6198 0.1285 0.0119 0.0208 
1 0.5995 0.1519 0.0129 0.026 
1 0.6104 0.1701 0.0129 0.0278 
1 0.6297 0.1484 0.0119 0.026 
1 0.6455 0.1276 0.0139 0.026 
1 0.6644 0.1172 0.0119 0.0226 
1 0.6673 0.1302 0.0119 0.0208 
1 0.6475 0.1632 0.0119 0.0243 
1 0.6851 0.1424 0.0139 0.0278 
1 0.6906 0.1198 0.0109 0.0208 
1 0.7129 0.125 0.0139 0.0243 
1 0.599 0.2352 0.0198 0.0365 
1 0.6436 0.2613 0.0257 0.0399 
1 0.6748 0.1918 0.0168 0.033 
1 0.6881 0.2292 0.0178 0.0382 
1 0.6931 0.276 0.0178 0.0417 
1 0.703 0.3203 0.0257 0.0608 
1 0.7208 0.1944 0.0158 0.0312 
1 0.7064 0.1884 0.0188 0.033 
1 0.7396 0.158 0.0139 0.0278 
1 0.7436 0.178 0.0178 0.033 
1 0.7604 0.2057 0.0178 0.033 
1 0.7406 0.2413 0.0178 0.0382 
1 0.7748 0.2526 0.0188 0.0469 
1 0.8005 0.2969 0.0248 0.0451 
1 0.8079 0.2222 0.0178 0.0347 
1 0.8287 0.2717 0.0218 0.0469 
1 0.848 0.2283 0.0168 0.0365 
1 0.9178 0.3602 0.0257 0.0538 
1 0.9297 0.2656 0.0178 0.0382 
1 0.952 0.2274 0.0149 0.0312 
1 0.9421 0.2161 0.0149 0.033 
1 0.9589 0.2023 0.0129 0.0295 
1 0.952 0.1953 0.0109 0.0226 
1 0.9188 0.1641 0.0139 0.0226 
1 0.9139 0.1884 0.0139 0.033 
1 0.9074 0.1918 0.0129 0.033 
1 0.9005 0.2196 0.0129 0.0399 
1 0.8871 0.2465 0.0198 0.0417 
1 0.8772 0.1901 0.0158 0.0295 
1 0.8817 0.1684 0.0129 0.0243 
1 0.8619 0.1641 0.0109 0.026 
1 0.846 0.1727 0.0149 0.0295 
1 0.8376 0.1875 0.0119 0.0243 
1 0.8238 0.217 0.0158 0.0243 
1 0.8015 0.178 0.0129 0.0226 
1 0.8094 0.1432 0.0109 0.0226 
1 0.8416 0.1467 0.0099 0.0226 
1 0.7911 0.1589 0.0119 0.026 
1 0.7787 0.1554 0.0129 0.0226 
1 0.7861 0.1406 0.0119 0.0208 
1 0.7649 0.145 0.0129 0.0295 
1 0.753 0.3889 0.0307 0.0625 
