1 0.0525 0.5269 0.051 0.0645 
1 0.1417 0.5151 0.0382 0.0581 
1 0.1887 0.5065 0.0398 0.0538 
1 0.2189 0.5108 0.0303 0.0452 
1 0.2436 0.5204 0.0255 0.043 
1 0.2627 0.5258 0.0318 0.0581 
1 0.2818 0.5452 0.0414 0.0624 
1 0.3025 0.5075 0.0287 0.0387 
1 0.3408 0.5129 0.0287 0.0452 
1 0.3432 0.5796 0.0589 0.0839 
1 0.3798 0.5323 0.0303 0.0495 
1 0.3535 0.7226 0.1178 0.1419 
1 0.4236 0.5441 0.0382 0.0473 
1 0.4323 0.5151 0.0334 0.0409 
1 0.4188 0.6376 0.0701 0.0925 
1 0.4889 0.6634 0.0701 0.1226 
1 0.539 0.5731 0.043 0.0581 
1 0.5295 0.5376 0.0366 0.0516 
1 0.5239 0.5043 0.0318 0.0452 
1 0.4769 0.5581 0.0366 0.0581 
1 0.4817 0.5226 0.0303 0.0387 
1 0.4785 0.4968 0.0239 0.0301 
1 0.5685 0.5129 0.0223 0.0323 
1 0.5525 0.5 0.0255 0.0409 
1 0.5756 0.5516 0.0303 0.0581 
1 0.5971 0.5957 0.051 0.0731 
1 0.6099 0.5452 0.035 0.0452 
1 0.6449 0.5624 0.0446 0.0753 
1 0.6409 0.5183 0.0271 0.0387 
1 0.6218 0.5022 0.0303 0.0409 
1 0.6648 0.5559 0.0271 0.0538 
1 0.7118 0.5204 0.0287 0.0516 
1 0.7054 0.5774 0.0478 0.0624 
1 0.7158 0.6409 0.0621 0.086 
1 0.5748 0.7075 0.0924 0.1204 
1 0.8288 0.772 0.1258 0.1677 
1 0.7635 0.543 0.0334 0.0452 
1 0.7428 0.571 0.0398 0.0538 
1 0.8439 0.5849 0.035 0.0473 
1 0.8384 0.5602 0.0303 0.0366 
1 0.8376 0.5269 0.0318 0.043 
1 0.9132 0.5548 0.0271 0.0387 
1 0.9124 0.6065 0.035 0.0559 
1 0.9427 0.6473 0.0446 0.0731 
1 0.9546 0.7505 0.0621 0.1161 
1 0.9347 0.5753 0.035 0.0495 
