1 0.0633 0.3274 0.0547 0.0673 
1 0.0187 0.3229 0.0344 0.0673 
1 0.1125 0.3217 0.0625 0.074 
1 0.2359 0.4686 0.0938 0.1166 
1 0.2805 0.3711 0.0609 0.083 
1 0.3547 0.333 0.0594 0.074 
1 0.4234 0.3161 0.0437 0.0628 
1 0.4461 0.4103 0.0922 0.1076 
1 0.5195 0.3318 0.0422 0.0673 
1 0.525 0.2982 0.0344 0.0448 
1 0.625 0.2937 0.0375 0.0493 
1 0.6937 0.361 0.0781 0.1121 
1 0.6977 0.2926 0.0516 0.083 
1 0.7984 0.3038 0.0625 0.0874 
1 0.8875 0.3688 0.0688 0.0785 
1 0.8422 0.3341 0.0406 0.0717 
1 0.9602 0.4978 0.0797 0.1614 
1 0.9445 0.2646 0.0484 0.0493 
