1 0.4062 0.8639 0.2333 0.2667 
1 0.2844 0.8389 0.1854 0.2944 
1 0.2146 0.6972 0.15 0.2 
1 0.2125 0.5972 0.1125 0.1278 
1 0.2437 0.5583 0.0708 0.1111 
1 0.2208 0.4833 0.075 0.0944 
1 0.5385 0.5139 0.0646 0.1333 
1 0.5948 0.5194 0.0646 0.1 
1 0.651 0.5417 0.0938 0.1333 
1 0.525 0.4611 0.0625 0.0778 
1 0.575 0.2625 0.0458 0.0806 
1 0.7812 0.4611 0.0542 0.0944 
1 0.7427 0.4625 0.0479 0.0972 
1 0.8323 0.6833 0.1146 0.2333 
1 0.8156 0.6014 0.1021 0.1472 
1 0.9333 0.4708 0.0667 0.1194 
1 0.8885 0.4528 0.0604 0.1167 
1 0.8354 0.4056 0.0542 0.1 
