1 0.8146 0.263 0.0119 0.0266 
1 0.8316 0.2623 0.0111 0.0281 
1 0.836 0.2791 0.0119 0.0309 
1 0.8482 0.256 0.0095 0.0238 
1 0.8751 0.284 0.0111 0.0351 
1 0.9071 0.2728 0.0087 0.0266 
1 0.9079 0.3086 0.0103 0.0309 
1 0.8711 0.324 0.0111 0.0337 
1 0.866 0.3541 0.015 0.0463 
1 0.8842 0.3899 0.0182 0.0477 
1 0.8988 0.3415 0.0142 0.0351 
1 0.9083 0.3548 0.0142 0.0505 
1 0.8806 0.4551 0.0269 0.0603 
1 0.8277 0.3086 0.0142 0.0337 
1 0.8075 0.3387 0.015 0.0407 
1 0.7893 0.3612 0.0182 0.0491 
1 0.8352 0.4095 0.0166 0.0449 
1 0.8233 0.4509 0.0213 0.0519 
1 0.7866 0.5407 0.0269 0.0715 
1 0.7186 0.3976 0.0206 0.0519 
1 0.7502 0.4306 0.019 0.0533 
1 0.7375 0.291 0.0126 0.0379 
1 0.7316 0.2307 0.0103 0.0266 
1 0.7581 0.2391 0.0111 0.0266 
1 0.7518 0.2693 0.0126 0.0365 
1 0.7826 0.3001 0.0126 0.0337 
1 0.7909 0.2798 0.0134 0.0351 
1 0.6893 0.2609 0.0126 0.0309 
1 0.7028 0.2875 0.0142 0.0365 
1 0.7158 0.2567 0.0119 0.0309 
1 0.6601 0.2672 0.0142 0.0295 
1 0.6715 0.3506 0.0182 0.0477 
1 0.634 0.3324 0.0174 0.0393 
1 0.6296 0.3885 0.0229 0.0561 
1 0.5992 0.3857 0.019 0.0533 
1 0.6237 0.4551 0.0285 0.0687 
1 0.6905 0.4741 0.0308 0.0729 
1 0.5688 0.4278 0.0277 0.0617 
1 0.5348 0.4081 0.0229 0.0533 
1 0.5498 0.3471 0.0182 0.0407 
1 0.5846 0.3261 0.0182 0.0407 
1 0.5644 0.2812 0.0126 0.0351 
1 0.6 0.2069 0.0095 0.0238 
1 0.6134 0.2146 0.0095 0.0196 
1 0.6372 0.2146 0.0079 0.0252 
1 0.5518 0.2195 0.0111 0.0238 
1 0.5597 0.244 0.0111 0.0252 
1 0.5518 0.2602 0.0126 0.0295 
1 0.5814 0.2489 0.0119 0.0323 
1 0.6249 0.2489 0.0119 0.0266 
1 0.6522 0.2384 0.0111 0.0252 
1 0.6609 0.2328 0.0111 0.0281 
1 0.4443 0.2511 0.0111 0.0252 
1 0.464 0.2679 0.0111 0.0309 
1 0.4917 0.2651 0.0111 0.0309 
1 0.5087 0.2812 0.0119 0.0351 
1 0.5126 0.2412 0.0119 0.0281 
1 0.5241 0.2532 0.0126 0.0323 
1 0.4937 0.3198 0.0134 0.0365 
1 0.4573 0.3142 0.015 0.0309 
1 0.4379 0.3394 0.019 0.0449 
1 0.4285 0.3107 0.0158 0.0379 
1 0.4486 0.4109 0.0245 0.0617 
1 0.4047 0.263 0.0111 0.0323 
1 0.3945 0.27 0.0142 0.0351 
1 0.4202 0.2756 0.0134 0.0295 
1 0.4004 0.3043 0.0119 0.0309 
1 0.3988 0.3359 0.0166 0.0407 
1 0.3779 0.3324 0.0158 0.0337 
1 0.3522 0.2952 0.0119 0.0295 
1 0.3478 0.3282 0.0142 0.0309 
1 0.3281 0.3689 0.019 0.0449 
1 0.2277 0.3408 0.0126 0.0365 
1 0.2601 0.3471 0.0158 0.0407 
1 0.287 0.3058 0.0126 0.0337 
1 0.2846 0.3689 0.0142 0.0421 
1 0.1004 0.4846 0.0364 0.0771 
1 0.6134 0.3093 0.0142 0.0407 
1 0.5605 0.2202 0.0095 0.0224 
