1 0.8724 0.2527 0.0105 0.0275 
1 0.8339 0.2534 0.0113 0.0288 
1 0.846 0.2672 0.0113 0.0316 
1 0.8882 0.2761 0.013 0.0302 
1 0.8793 0.3091 0.0113 0.033 
1 0.8655 0.3317 0.0162 0.0316 
1 0.84 0.3043 0.0138 0.0343 
1 0.8497 0.3771 0.0203 0.0563 
1 0.9028 0.2981 0.013 0.0247 
1 0.904 0.3262 0.0186 0.0316 
1 0.9254 0.3482 0.0162 0.0426 
1 0.9242 0.3043 0.0138 0.0316 
1 0.9307 0.272 0.0122 0.0275 
1 0.8031 0.2431 0.0146 0.0302 
1 0.8071 0.2775 0.013 0.0275 
1 0.8039 0.2946 0.013 0.0371 
1 0.9056 0.4032 0.0186 0.0508 
1 0.9129 0.4512 0.0284 0.0618 
1 0.8027 0.3331 0.0138 0.0316 
1 0.8063 0.3503 0.0194 0.0467 
1 0.8391 0.443 0.0251 0.0591 
1 0.8132 0.4993 0.0316 0.0701 
1 0.78 0.4155 0.0284 0.0536 
1 0.7759 0.239 0.0122 0.0302 
1 0.7816 0.2637 0.0138 0.0357 
1 0.7694 0.272 0.0138 0.0302 
1 0.7407 0.2363 0.0113 0.0275 
1 0.7269 0.2493 0.013 0.0343 
1 0.7006 0.2473 0.0138 0.0302 
1 0.69 0.2981 0.0154 0.0357 
1 0.6831 0.353 0.0194 0.044 
1 0.7184 0.3922 0.0267 0.0563 
1 0.6564 0.3558 0.0243 0.0549 
1 0.6305 0.3001 0.0178 0.0371 
1 0.6382 0.2438 0.0122 0.0261 
1 0.6673 0.2727 0.0154 0.0343 
1 0.669 0.2081 0.0089 0.0234 
1 0.6694 0.2273 0.0113 0.0261 
1 0.6799 0.2246 0.0113 0.0206 
1 0.6341 0.2212 0.0105 0.022 
1 0.5985 0.2102 0.0089 0.0247 
1 0.6005 0.2218 0.0113 0.0261 
1 0.6017 0.2473 0.0105 0.0247 
1 0.6001 0.3214 0.0203 0.0467 
1 0.6301 0.4547 0.0267 0.0714 
1 0.6912 0.5295 0.0276 0.0646 
1 0.5904 0.4361 0.0267 0.0646 
1 0.5786 0.4052 0.0243 0.0412 
1 0.5438 0.3984 0.0227 0.0577 
1 0.5543 0.2761 0.0146 0.033 
1 0.579 0.263 0.0122 0.0288 
1 0.5818 0.2356 0.0113 0.0261 
1 0.5685 0.2115 0.0105 0.0192 
1 0.5527 0.2253 0.0113 0.0275 
1 0.5393 0.2514 0.0122 0.033 
1 0.5365 0.3496 0.0194 0.0481 
1 0.5016 0.3194 0.0146 0.0343 
1 0.5199 0.2734 0.0138 0.0302 
1 0.5065 0.2582 0.0146 0.033 
1 0.5182 0.2452 0.0105 0.0234 
1 0.4777 0.3915 0.0251 0.0549 
1 0.4733 0.3015 0.0146 0.0316 
1 0.4724 0.261 0.013 0.0247 
1 0.4643 0.239 0.0113 0.0275 
1 0.4259 0.2562 0.0122 0.0234 
1 0.4088 0.296 0.0138 0.0316 
1 0.4218 0.2864 0.0122 0.0261 
1 0.4113 0.3262 0.0235 0.0371 
1 0.4335 0.3049 0.0146 0.033 
1 0.4433 0.3255 0.0194 0.0412 
1 0.3906 0.2596 0.0113 0.0275 
1 0.3533 0.2919 0.0146 0.0288 
1 0.3343 0.3537 0.0203 0.0453 
1 0.3525 0.3255 0.0146 0.033 
1 0.3821 0.3338 0.017 0.0385 
1 0.2873 0.3022 0.0138 0.0302 
1 0.2654 0.3372 0.0154 0.0398 
1 0.2792 0.3702 0.0138 0.0371 
1 0.231 0.3345 0.0146 0.0343 
1 0.0952 0.5495 0.0381 0.0742 
1 0.7014 0.2905 0.0138 0.0343 
1 0.6467 0.3386 0.0211 0.0508 
