1 0.0789 0.4482 0.0461 0.1019 
1 0.2848 0.2504 0.0225 0.0276 
1 0.3343 0.215 0.0216 0.0397 
1 0.3887 0.2021 0.0186 0.0345 
1 0.3681 0.2202 0.0225 0.0432 
1 0.4034 0.2332 0.0206 0.038 
1 0.4127 0.1995 0.0176 0.0328 
1 0.4206 0.1563 0.0157 0.0328 
1 0.4539 0.1451 0.0157 0.0276 
1 0.4676 0.1554 0.0137 0.0345 
1 0.4853 0.1563 0.0137 0.0294 
1 0.4951 0.1632 0.0137 0.0328 
1 0.5348 0.1606 0.0186 0.038 
1 0.5583 0.1865 0.0206 0.038 
1 0.5843 0.1079 0.0137 0.0294 
1 0.6196 0.12 0.0137 0.0294 
1 0.6569 0.1114 0.0137 0.0259 
1 0.4716 0.1917 0.0196 0.038 
1 0.4436 0.215 0.0186 0.0363 
1 0.5985 0.228 0.0245 0.038 
1 0.6368 0.2245 0.0284 0.0518 
1 0.6662 0.2409 0.0265 0.0501 
1 0.701 0.1952 0.0216 0.0415 
1 0.7338 0.1511 0.0167 0.0363 
1 0.8054 0.2893 0.0245 0.0674 
1 0.8995 0.3325 0.0284 0.0639 
1 0.9152 0.2807 0.0265 0.0501 
1 0.8936 0.2409 0.0186 0.0432 
1 0.9216 0.2366 0.0196 0.0345 
1 0.9015 0.2021 0.0147 0.038 
1 0.9471 0.2003 0.0137 0.0311 
1 0.9451 0.1641 0.0118 0.0311 
