1 0.2333 0.3447 0.06 0.0894 
1 0.1783 0.3085 0.05 0.0681 
1 0.2967 0.3457 0.05 0.066 
1 0.3033 0.2989 0.0333 0.0489 
1 0.3583 0.3394 0.0467 0.0574 
1 0.37 0.4138 0.0733 0.0957 
1 0.4483 0.333 0.05 0.0617 
1 0.4 0.3532 0.0367 0.0511 
1 0.3775 0.3085 0.035 0.0426 
1 0.4142 0.217 0.0317 0.0426 
1 0.4767 0.3117 0.0267 0.0447 
1 0.4967 0.383 0.05 0.0766 
1 0.5283 0.4426 0.09 0.1277 
1 0.6867 0.4574 0.0867 0.1106 
1 0.6167 0.3713 0.0533 0.0787 
1 0.5467 0.3287 0.0467 0.0617 
1 0.5233 0.2755 0.0333 0.0447 
1 0.5808 0.3032 0.0283 0.0574 
1 0.6425 0.3106 0.0317 0.0511 
1 0.67 0.3181 0.0367 0.0574 
1 0.7 0.3574 0.0567 0.0766 
1 0.7692 0.3809 0.0617 0.0936 
1 0.8025 0.3223 0.0417 0.0574 
1 0.86 0.3702 0.0567 0.0851 
1 0.9425 0.3415 0.0483 0.0745 
1 0.9467 0.5468 0.1067 0.1702 
