1 0.0665 0.8443 0.128 0.196 
1 0.1206 0.5877 0.0742 0.1113 
1 0.1775 0.58 0.059 0.096 
1 0.3226 0.6513 0.0887 0.1273 
1 0.3011 0.5897 0.0757 0.1093 
1 0.3409 0.5432 0.0553 0.097 
1 0.4446 0.5377 0.0628 0.1 
1 0.5161 0.5228 0.0683 0.097 
1 0.5124 0.6012 0.0922 0.1203 
1 0.5767 0.3648 0.0635 0.0857 
1 0.6392 0.5487 0.0705 0.104 
1 0.5965 0.6867 0.115 0.1533 
1 0.5144 0.9215 0.1963 0.1563 
1 0.701 0.57 0.0515 0.082 
1 0.784 0.5118 0.0615 0.095 
1 0.8051 0.6468 0.1067 0.1423 
1 0.8549 0.568 0.0712 0.102 
1 0.8864 0.5138 0.0508 0.085 
1 0.9484 0.5053 0.0828 0.122 
