1 0.1034 0.5594 0.0424 0.0715 
1 0.2364 0.3383 0.0186 0.0386 
1 0.2665 0.3448 0.0212 0.0458 
1 0.2869 0.372 0.0178 0.0401 
1 0.2958 0.3069 0.0169 0.0358 
1 0.3436 0.3569 0.028 0.0472 
1 0.3636 0.3305 0.0186 0.0343 
1 0.364 0.2976 0.0161 0.0286 
1 0.3949 0.3333 0.0203 0.0372 
1 0.403 0.2618 0.0178 0.0343 
1 0.4191 0.2954 0.0195 0.0358 
1 0.4242 0.3276 0.0212 0.0401 
1 0.4369 0.2961 0.0144 0.0258 
1 0.4394 0.2575 0.0195 0.0286 
1 0.4581 0.3233 0.0229 0.0401 
1 0.4894 0.3069 0.0212 0.0329 
1 0.5212 0.3155 0.0203 0.0358 
1 0.4856 0.2611 0.0169 0.03 
1 0.4822 0.2403 0.0153 0.0286 
1 0.5233 0.2618 0.0161 0.0315 
1 0.5373 0.2754 0.0169 0.0358 
1 0.4945 0.4013 0.0297 0.0615 
1 0.5377 0.2482 0.0144 0.0272 
1 0.5576 0.2518 0.0153 0.0315 
1 0.5725 0.2797 0.0161 0.0272 
1 0.5992 0.2647 0.0186 0.0343 
1 0.6025 0.2361 0.0136 0.0258 
1 0.572 0.226 0.0153 0.0258 
1 0.5881 0.2182 0.0136 0.0243 
1 0.6233 0.221 0.0144 0.0272 
1 0.6186 0.2067 0.0153 0.0243 
1 0.6225 0.2468 0.011 0.0272 
1 0.6466 0.2146 0.0153 0.0315 
1 0.6589 0.2182 0.0144 0.03 
1 0.6619 0.2461 0.0153 0.0315 
1 0.6936 0.2282 0.0127 0.0272 
1 0.6911 0.206 0.0127 0.0258 
1 0.7047 0.2253 0.0127 0.0329 
1 0.5542 0.3555 0.0271 0.0501 
1 0.5644 0.4092 0.0424 0.0629 
1 0.5992 0.412 0.0254 0.0515 
1 0.6229 0.3262 0.0254 0.0486 
1 0.6555 0.3011 0.0229 0.0415 
1 0.6924 0.2783 0.0186 0.0386 
1 0.7182 0.2997 0.0195 0.0386 
1 0.7288 0.2976 0.0186 0.0486 
1 0.614 0.4542 0.0331 0.0529 
1 0.6542 0.4635 0.0339 0.0687 
1 0.6809 0.3612 0.0246 0.0501 
1 0.6691 0.3398 0.0195 0.0386 
1 0.7089 0.3619 0.0229 0.0458 
1 0.7436 0.4006 0.0297 0.0486 
1 0.725 0.5429 0.0347 0.0701 
1 0.8432 0.5072 0.0322 0.0672 
1 0.8085 0.4213 0.0288 0.0587 
1 0.8364 0.3612 0.0237 0.0443 
1 0.8852 0.397 0.0195 0.0558 
1 0.8703 0.4456 0.0288 0.0644 
1 0.95 0.4607 0.0305 0.0773 
1 0.939 0.3984 0.0203 0.0501 
1 0.9619 0.3519 0.0203 0.0458 
1 0.9411 0.324 0.0178 0.0358 
1 0.9398 0.299 0.0153 0.0286 
1 0.9593 0.3047 0.0169 0.0343 
1 0.9674 0.2725 0.0144 0.0329 
1 0.9229 0.2775 0.0153 0.0315 
1 0.9144 0.3162 0.0203 0.0372 
1 0.8949 0.3362 0.022 0.0429 
1 0.8648 0.2983 0.0195 0.0386 
1 0.8377 0.2997 0.0178 0.0386 
1 0.8386 0.2761 0.0144 0.0258 
1 0.836 0.2461 0.0161 0.0286 
1 0.8682 0.2539 0.0144 0.0358 
1 0.8818 0.2704 0.0161 0.0401 
1 0.7987 0.274 0.0178 0.0329 
1 0.811 0.2618 0.0153 0.0286 
1 0.8042 0.2361 0.0169 0.0286 
1 0.753 0.2504 0.0161 0.0372 
1 0.7267 0.2482 0.0144 0.03 
1 0.7623 0.2396 0.0144 0.0329 
1 0.7695 0.2332 0.0153 0.0286 
