1 0.0527 0.3708 0.0275 0.0483 
1 0.2593 0.2792 0.0152 0.0317 
1 0.2825 0.2717 0.0199 0.04 
1 0.3072 0.2542 0.0161 0.0417 
1 0.3547 0.2683 0.0199 0.05 
1 0.4079 0.2883 0.0218 0.05 
1 0.3452 0.2175 0.0142 0.025 
1 0.3205 0.2158 0.0142 0.0317 
1 0.3822 0.2158 0.018 0.035 
1 0.3951 0.1942 0.0171 0.0283 
1 0.4183 0.2267 0.0142 0.03 
1 0.4421 0.22 0.018 0.0367 
1 0.4644 0.2325 0.0228 0.035 
1 0.4174 0.1692 0.0123 0.025 
1 0.4354 0.1875 0.0123 0.0283 
1 0.4501 0.1858 0.0152 0.0317 
1 0.4682 0.1917 0.0171 0.04 
1 0.5009 0.1892 0.0161 0.035 
1 0.5513 0.1917 0.018 0.0333 
1 0.5427 0.1575 0.0142 0.0317 
1 0.5385 0.1308 0.0152 0.0317 
1 0.5085 0.1617 0.0161 0.03 
1 0.4829 0.1642 0.0161 0.025 
1 0.4786 0.1408 0.0095 0.025 
1 0.49 0.1342 0.0114 0.025 
1 0.4577 0.1392 0.0152 0.025 
1 0.5703 0.1025 0.0123 0.025 
1 0.5584 0.1383 0.0133 0.0233 
1 0.5812 0.1542 0.0152 0.035 
1 0.6254 0.1317 0.0123 0.03 
1 0.5926 0.1275 0.0133 0.025 
1 0.6102 0.0917 0.0104 0.0233 
1 0.6368 0.0942 0.0104 0.0217 
1 0.65 0.1017 0.0104 0.0233 
1 0.6662 0.1167 0.0085 0.0233 
1 0.6819 0.1117 0.0133 0.0233 
1 0.7004 0.0992 0.0123 0.0283 
1 0.482 0.3 0.0218 0.05 
1 0.5674 0.2883 0.0218 0.05 
1 0.6111 0.335 0.0313 0.0567 
1 0.6828 0.3283 0.0304 0.0533 
1 0.5703 0.2342 0.018 0.0383 
1 0.6125 0.2567 0.0209 0.0433 
1 0.613 0.2042 0.0199 0.035 
1 0.6733 0.2542 0.0228 0.0417 
1 0.7422 0.3092 0.0275 0.0483 
1 0.7887 0.2858 0.0256 0.0517 
1 0.7127 0.2225 0.0199 0.0417 
1 0.6776 0.1967 0.018 0.04 
1 0.6595 0.1775 0.0161 0.035 
1 0.6852 0.1475 0.0161 0.0317 
1 0.7009 0.1767 0.0171 0.0333 
1 0.7393 0.1942 0.018 0.0383 
1 0.7673 0.2108 0.0247 0.045 
1 0.7507 0.1508 0.0142 0.0317 
1 0.7184 0.1375 0.0142 0.0317 
1 0.7426 0.1183 0.0152 0.03 
1 0.7602 0.1042 0.0142 0.0317 
1 0.7764 0.1258 0.0123 0.0283 
1 0.7882 0.1508 0.0171 0.035 
1 0.7911 0.1125 0.0114 0.025 
1 0.8124 0.1242 0.0104 0.025 
1 0.8105 0.1717 0.0142 0.0333 
1 0.8286 0.1642 0.0123 0.0283 
1 0.8409 0.1367 0.0123 0.03 
1 0.8238 0.1233 0.0085 0.0233 
1 0.8561 0.1792 0.0123 0.0383 
1 0.8248 0.2375 0.0218 0.045 
1 0.8827 0.2117 0.018 0.0433 
1 0.9036 0.195 0.0123 0.03 
1 0.9387 0.1892 0.0123 0.0317 
1 0.9454 0.2725 0.018 0.045 
1 0.9402 0.1525 0.0114 0.025 
1 0.9036 0.1625 0.0161 0.0283 
1 0.9098 0.1292 0.0133 0.0317 
1 0.8756 0.1558 0.0133 0.0217 
1 0.8737 0.12 0.0133 0.03 
