0 0.6785156250000001 0.5875 0.02109375 0.03333333333333333
0 0.718359375 0.6506944444444445 0.013281250000000001 0.02361111111111111
0 0.73046875 0.6625 0.0140625 0.022222222222222223
0 0.7640625000000001 0.6173611111111111 0.0203125 0.03194444444444445
0 0.75546875 0.6013888888888889 0.010937500000000001 0.019444444444444445
0 0.801953125 0.7118055555555556 0.01953125 0.034722222222222224
0 0.823828125 0.5986111111111111 0.02421875 0.03333333333333333
1 0.80390625 0.7618055555555556 0.045312500000000006 0.13472222222222222
1 0.8265625000000001 0.7000000000000001 0.0328125 0.23611111111111113
1 0.7585937500000001 0.7159722222222222 0.05625 0.23194444444444445
1 0.669140625 0.6645833333333333 0.039843750000000004 0.1875
1 0.708984375 0.6791666666666667 0.032031250000000004 0.08055555555555556
1 0.7152343750000001 0.7201388888888889 0.04296875 0.1375
0 0.81953125 0.45416666666666666 0.00625 0.011111111111111112
0 0.8375 0.45069444444444445 0.00625 0.009722222222222222
1 0.818359375 0.4743055555555556 0.013281250000000001 0.05416666666666667
1 0.8375 0.47500000000000003 0.0125 0.058333333333333334
