0 0.59140625 0.5916666666666667 0.0203125 0.030555555555555558
0 0.6468750000000001 0.6145833333333334 0.0140625 0.02361111111111111
0 0.6589843750000001 0.6298611111111111 0.013281250000000001 0.020833333333333336
0 0.6800781250000001 0.5756944444444445 0.01640625 0.020833333333333336
0 0.718359375 0.6611111111111111 0.02109375 0.030555555555555558
0 0.730078125 0.5597222222222222 0.01953125 0.03333333333333333
1 0.58828125 0.6770833333333334 0.05 0.2013888888888889
1 0.636328125 0.6375000000000001 0.032031250000000004 0.06944444444444445
1 0.645703125 0.6770833333333334 0.041406250000000006 0.11805555555555557
1 0.6824218750000001 0.6638888888888889 0.03359375 0.19722222222222224
1 0.71796875 0.7083333333333334 0.043750000000000004 0.125
1 0.7375 0.6430555555555556 0.034375 0.20277777777777778
0 0.7542968750000001 0.41111111111111115 0.0054687500000000005 0.008333333333333333
1 0.753515625 0.43333333333333335 0.01015625 0.05555555555555556
