0 0.8910156250000001 0.14722222222222223 0.04296875 0.075
0 0.580078125 0.425 0.025781250000000002 0.04722222222222222
0 0.552734375 0.4256944444444445 0.02890625 0.051388888888888894
0 0.415625 0.5506944444444445 0.0203125 0.043055555555555555
0 0.369921875 0.5972222222222222 0.017968750000000002 0.025
0 0.34609375000000003 0.6270833333333333 0.015625 0.02638888888888889
0 0.33359375 0.6527777777777778 0.021875000000000002 0.03888888888888889
0 0.25859375 0.6305555555555555 0.045312500000000006 0.075
0 0.19257812500000002 0.7826388888888889 0.04296875 0.06527777777777778
1 0.248046875 0.8715277777777778 0.15859375 0.25416666666666665
1 0.330859375 0.7909722222222223 0.19296875000000002 0.40972222222222227
1 0.3640625 0.7319444444444445 0.07968750000000001 0.20555555555555557
1 0.4 0.6861111111111111 0.084375 0.19722222222222224
1 0.44921875 0.6159722222222223 0.0890625 0.17916666666666667
1 0.562109375 0.5298611111111111 0.11328125 0.25972222222222224
1 0.6042968750000001 0.4951388888888889 0.08359375000000001 0.20416666666666666
1 0.92890625 0.2076388888888889 0.1171875 0.19583333333333333
