0 0.58125 0.8611111111111112 0.020833333333333332 0.040740740740740744
0 0.5466145833333333 0.8648148148148148 0.024479166666666666 0.03518518518518519
1 0.5955729166666667 0.9194444444444445 0.0546875 0.15925925925925927
1 0.5390625 0.9222222222222223 0.065625 0.1537037037037037
0 0.5994791666666667 0.6101851851851852 0.010416666666666666 0.014814814814814815
0 0.5541666666666667 0.6444444444444445 0.011458333333333333 0.014814814814814815
0 0.5216145833333333 0.6106481481481482 0.008854166666666666 0.01388888888888889
1 0.6057291666666667 0.6615740740740741 0.022916666666666665 0.1175925925925926
1 0.56015625 0.6768518518518519 0.028645833333333332 0.07962962962962963
1 0.5268229166666667 0.6513888888888889 0.022395833333333334 0.09907407407407408
0 0.553125 0.5439814814814815 0.009375 0.01388888888888889
0 0.5268229166666667 0.5444444444444445 0.0078125 0.011111111111111112
1 0.5286458333333334 0.5592592592592592 0.015625 0.044444444444444446
0 0.54765625 0.5712962962962963 0.0078125 0.011111111111111112
1 0.5411458333333333 0.6013888888888889 0.01875 0.06944444444444445
1 0.5544270833333333 0.5597222222222222 0.015104166666666667 0.05092592592592593
0 0.6377604166666666 0.5425925925925926 0.0067708333333333336 0.009259259259259259
0 0.6283854166666667 0.5370370370370371 0.005729166666666666 0.007407407407407408
0 0.62421875 0.5412037037037037 0.0036458333333333334 0.008333333333333333
0 0.6197916666666666 0.5407407407407407 0.003125 0.005555555555555556
0 0.6098958333333333 0.5416666666666667 0.007291666666666667 0.009259259259259259
1 0.6372395833333333 0.5601851851851852 0.008854166666666666 0.044444444444444446
1 0.6255208333333333 0.5615740740740741 0.011458333333333333 0.049074074074074076
1 0.6197916666666666 0.549074074074074 0.005208333333333333 0.02592592592592593
1 0.6098958333333333 0.5611111111111111 0.009375 0.05
