0 0.6550781250000001 0.6798611111111111 0.022656250000000003 0.043055555555555555
0 0.9300781250000001 0.7125 0.02421875 0.03333333333333333
0 0.815625 0.5861111111111111 0.0171875 0.022222222222222223
0 0.782421875 0.61875 0.013281250000000001 0.02361111111111111
0 0.7664062500000001 0.5791666666666667 0.0125 0.022222222222222223
0 0.73828125 0.6145833333333334 0.009375000000000001 0.020833333333333336
0 0.8125 0.4666666666666667 0.015625 0.019444444444444445
1 0.6355468750000001 0.7937500000000001 0.07890625000000001 0.2763888888888889
1 0.925390625 0.7590277777777779 0.055468750000000004 0.12916666666666668
1 0.821875 0.64375 0.028125 0.1486111111111111
1 0.78515625 0.6451388888888889 0.028125 0.08194444444444444
1 0.7562500000000001 0.6256944444444444 0.029687500000000002 0.11527777777777778
1 0.733984375 0.6305555555555555 0.02109375 0.07222222222222223
1 0.802734375 0.5083333333333333 0.03671875 0.10277777777777779
