0 0.128515625 0.8020833333333334 0.041406250000000006 0.051388888888888894
0 0.244921875 0.6972222222222223 0.02734375 0.06666666666666667
0 0.330859375 0.6513888888888889 0.02109375 0.02777777777777778
0 0.33984375 0.6395833333333334 0.0140625 0.03194444444444445
0 0.38906250000000003 0.670138888888889 0.018750000000000003 0.0375
0 0.39492187500000003 0.6479166666666667 0.013281250000000001 0.02638888888888889
0 0.40625 0.5625 0.0171875 0.04166666666666667
0 0.4703125 0.4486111111111111 0.025 0.03888888888888889
0 0.525390625 0.5270833333333333 0.025781250000000002 0.04861111111111111
0 0.83203125 0.1590277777777778 0.034375 0.07083333333333333
1 0.878125 0.21805555555555556 0.12812500000000002 0.2
1 0.547265625 0.5777777777777778 0.08203125 0.1527777777777778
1 0.48359375000000004 0.5159722222222223 0.059375000000000004 0.17916666666666667
1 0.44140625 0.6284722222222222 0.08750000000000001 0.1763888888888889
1 0.416015625 0.7152777777777778 0.06015625 0.12222222222222223
1 0.362109375 0.7375 0.08046875 0.19722222222222224
1 0.37421875000000004 0.7083333333333334 0.0765625 0.17500000000000002
1 0.33984375 0.820138888888889 0.21406250000000002 0.3125
1 0.16367187500000002 0.882638888888889 0.11640625 0.21805555555555556
