0 0.8324218750000001 0.1513888888888889 0.03828125 0.06944444444444445
0 0.538671875 0.5222222222222223 0.02890625 0.04722222222222222
0 0.401953125 0.5395833333333333 0.02421875 0.034722222222222224
0 0.287109375 0.5875 0.03828125 0.075
0 0.11406250000000001 0.8208333333333334 0.040625 0.07222222222222223
1 0.158203125 0.8868055555555556 0.13046875 0.19861111111111113
1 0.36875 0.7541666666666667 0.2 0.4138888888888889
0 0.39570312500000004 0.6666666666666667 0.014843750000000001 0.025
0 0.39296875000000003 0.6451388888888889 0.0140625 0.018055555555555557
1 0.41640625000000003 0.701388888888889 0.060937500000000006 0.1277777777777778
1 0.436328125 0.6284722222222222 0.09609375 0.2125
1 0.54609375 0.5819444444444445 0.09375 0.17777777777777778
1 0.882421875 0.22916666666666669 0.13984375000000002 0.23055555555555557
