0 0.3677083333333333 0.8064814814814815 0.019791666666666666 0.037037037037037035
0 0.43359375 0.9342592592592593 0.024479166666666666 0.037037037037037035
0 0.32786458333333335 0.8495370370370371 0.0203125 0.03425925925925926
0 0.31927083333333334 0.8199074074074074 0.019791666666666666 0.03796296296296296
1 0.42994791666666665 0.9574074074074075 0.06302083333333333 0.08333333333333334
1 0.371875 0.8898148148148148 0.042708333333333334 0.20370370370370372
1 0.328125 0.9166666666666667 0.065625 0.16481481481481483
1 0.30703125 0.900462962962963 0.0421875 0.19722222222222224
0 0.4328125 0.7351851851851852 0.009375 0.020370370370370372
0 0.42604166666666665 0.737037037037037 0.008333333333333333 0.018518518518518517
1 0.440625 0.7555555555555555 0.028125 0.061111111111111116
1 0.4171875 0.7564814814814815 0.025 0.05740740740740741
0 0.40546875 0.6083333333333334 0.0109375 0.012962962962962964
0 0.38177083333333334 0.6074074074074074 0.007291666666666667 0.011111111111111112
1 0.4044270833333333 0.6365740740740741 0.0171875 0.06759259259259259
1 0.38515625 0.6375000000000001 0.0203125 0.0712962962962963
0 0.4825520833333333 0.6148148148148148 0.0046875 0.009259259259259259
0 0.46770833333333334 0.612037037037037 0.004166666666666667 0.007407407407407408
0 0.5729166666666666 0.6601851851851852 0.007291666666666667 0.012962962962962964
0 0.58515625 0.6722222222222223 0.008854166666666666 0.014814814814814815
0 0.59296875 0.6587962962962963 0.005729166666666666 0.012037037037037037
0 0.6140625 0.6717592592592593 0.010416666666666666 0.01388888888888889
1 0.6200520833333333 0.7106481481481481 0.0296875 0.09537037037037037
1 0.5963541666666666 0.6962962962962963 0.016666666666666666 0.08888888888888889
1 0.5869791666666666 0.7189814814814816 0.03229166666666666 0.10648148148148148
1 0.57109375 0.6986111111111112 0.019270833333333334 0.08981481481481482
