0 0.83125 0.19444444444444445 0.034375 0.08611111111111111
0 0.618359375 0.2423611111111111 0.01953125 0.0375
0 0.456640625 0.49930555555555556 0.02109375 0.043055555555555555
0 0.370703125 0.6215277777777778 0.014843750000000001 0.043055555555555555
0 0.349609375 0.6375000000000001 0.022656250000000003 0.03333333333333333
0 0.40234375 0.6638888888888889 0.0171875 0.030555555555555558
0 0.169921875 0.7902777777777779 0.03671875 0.05555555555555556
1 0.21015625000000002 0.8805555555555555 0.115625 0.23611111111111113
1 0.369921875 0.7145833333333333 0.06953125 0.18472222222222223
1 0.424609375 0.7166666666666667 0.07109375 0.13611111111111113
1 0.40937500000000004 0.6736111111111112 0.09062500000000001 0.16111111111111112
1 0.48828125 0.5618055555555556 0.08750000000000001 0.17083333333333334
1 0.6578125 0.33055555555555555 0.10625000000000001 0.21666666666666667
1 0.770703125 0.3472222222222222 0.14609375 0.25833333333333336
1 0.87890625 0.23750000000000002 0.13125 0.17222222222222222
