0 0.56015625 0.6506944444444445 0.0234375 0.043055555555555555
0 0.6667968750000001 0.5520833333333334 0.01015625 0.018055555555555557
0 0.6960937500000001 0.5944444444444444 0.0078125 0.019444444444444445
0 0.7195312500000001 0.5791666666666667 0.0140625 0.025
0 0.7507812500000001 0.5701388888888889 0.010937500000000001 0.018055555555555557
0 0.778515625 0.5701388888888889 0.013281250000000001 0.02361111111111111
1 0.7777343750000001 0.6277777777777778 0.030468750000000003 0.1388888888888889
1 0.74375 0.6326388888888889 0.034375 0.14305555555555557
1 0.7136718750000001 0.6333333333333333 0.02890625 0.1277777777777778
1 0.6863281250000001 0.6055555555555556 0.030468750000000003 0.0638888888888889
1 0.6628906250000001 0.6020833333333333 0.01953125 0.12083333333333333
0 0.719921875 0.4430555555555556 0.00859375 0.016666666666666666
1 0.716015625 0.4840277777777778 0.032031250000000004 0.09861111111111112
1 0.55390625 0.7597222222222223 0.040625 0.26666666666666666
