0 0.85859375 0.83125 0.0234375 0.0375
0 0.59765625 0.8159722222222222 0.021875000000000002 0.04583333333333334
0 0.7046875 0.7069444444444445 0.015625 0.025
0 0.7351562500000001 0.7229166666666667 0.010937500000000001 0.020833333333333336
0 0.75703125 0.7201388888888889 0.0125 0.02638888888888889
0 0.73828125 0.6986111111111112 0.010937500000000001 0.022222222222222223
0 0.7468750000000001 0.5909722222222222 0.009375000000000001 0.020833333333333336
1 0.8597656250000001 0.8805555555555555 0.05234375 0.1388888888888889
1 0.5906250000000001 0.8951388888888889 0.065625 0.20694444444444446
1 0.6984375 0.7548611111111111 0.021875000000000002 0.12083333333333333
1 0.7464843750000001 0.7715277777777778 0.05234375 0.11527777777777778
1 0.765625 0.7569444444444444 0.028125 0.10277777777777779
1 0.740234375 0.6305555555555555 0.03671875 0.1
