0 0.37031250000000004 0.7541666666666667 0.028125 0.058333333333333334
0 0.45351562500000003 0.7708333333333334 0.03515625 0.0638888888888889
0 0.46171875 0.6944444444444444 0.026562500000000003 0.05277777777777778
0 0.7828125 0.7034722222222223 0.035937500000000004 0.0625
0 0.8875000000000001 0.795138888888889 0.045312500000000006 0.07916666666666666
0 0.7312500000000001 0.6020833333333333 0.018750000000000003 0.03194444444444445
0 0.64765625 0.5111111111111112 0.010937500000000001 0.01388888888888889
0 0.641796875 0.39166666666666666 0.01015625 0.011111111111111112
1 0.3828125 0.8611111111111112 0.0546875 0.275
1 0.446875 0.8694444444444445 0.0734375 0.25833333333333336
1 0.453125 0.8305555555555556 0.06875 0.3194444444444445
1 0.7699218750000001 0.8354166666666667 0.08828125 0.3263888888888889
1 0.87890625 0.8777777777777778 0.07968750000000001 0.24166666666666667
1 0.733984375 0.6402777777777778 0.041406250000000006 0.11666666666666667
1 0.6511718750000001 0.5708333333333333 0.022656250000000003 0.13333333333333333
1 0.6414062500000001 0.4236111111111111 0.026562500000000003 0.08888888888888889
