0 0.14375000000000002 0.7201388888888889 0.0484375 0.08472222222222223
0 0.238671875 0.7256944444444444 0.030468750000000003 0.05416666666666667
0 0.33515625000000004 0.6576388888888889 0.025 0.034722222222222224
0 0.339453125 0.6354166666666667 0.014843750000000001 0.04027777777777778
0 0.3921875 0.6527777777777778 0.0171875 0.022222222222222223
0 0.3875 0.6736111111111112 0.010937500000000001 0.030555555555555558
0 0.39765625000000004 0.6687500000000001 0.021875000000000002 0.0375
0 0.41015625 0.5645833333333333 0.0234375 0.04861111111111111
0 0.559765625 0.5090277777777777 0.025781250000000002 0.051388888888888894
0 0.8328125000000001 0.1638888888888889 0.0421875 0.07222222222222223
1 0.87890625 0.23402777777777778 0.1390625 0.22083333333333335
1 0.528515625 0.5805555555555556 0.09453125000000001 0.19444444444444445
1 0.440234375 0.6277777777777778 0.08671875000000001 0.18055555555555555
1 0.417578125 0.7076388888888889 0.08203125 0.12916666666666668
1 0.36328125 0.7354166666666667 0.084375 0.19583333333333333
1 0.369921875 0.7041666666666667 0.07734375 0.16666666666666669
1 0.23164062500000002 0.8375 0.22421875000000002 0.32222222222222224
