0 0.125 0.8833333333333334 0.0328125 0.058333333333333334
0 0.33242187500000003 0.6465277777777778 0.02109375 0.04027777777777778
0 0.9546875 0.9097222222222222 0.053125000000000006 0.08055555555555556
0 0.9300781250000001 0.6555555555555556 0.02421875 0.030555555555555558
0 0.9382812500000001 0.6416666666666667 0.018750000000000003 0.02777777777777778
0 0.8406250000000001 0.5076388888888889 0.015625 0.02361111111111111
1 0.8308593750000001 0.5458333333333334 0.03828125 0.10277777777777779
1 0.919140625 0.7236111111111111 0.04453125 0.15833333333333333
1 0.9546875 0.9354166666666667 0.0734375 0.12638888888888888
1 0.9398437500000001 0.6597222222222222 0.025 0.07222222222222223
1 0.33125000000000004 0.7430555555555556 0.059375000000000004 0.23611111111111113
1 0.1296875 0.9270833333333334 0.06875 0.14305555555555557
