0 0.16718750000000002 0.8048611111111111 0.0421875 0.07083333333333333
0 0.33125000000000004 0.6590277777777778 0.0203125 0.04027777777777778
0 0.38593750000000004 0.6798611111111111 0.0140625 0.03194444444444445
0 0.40351562500000004 0.6618055555555555 0.01640625 0.029166666666666667
0 0.40156250000000004 0.49930555555555556 0.028125 0.051388888888888894
0 0.49453125000000003 0.4354166666666667 0.018750000000000003 0.043055555555555555
0 0.7140625 0.1125 0.0421875 0.075
1 0.775 0.2388888888888889 0.16562500000000002 0.33055555555555555
1 0.53125 0.5076388888888889 0.0921875 0.2013888888888889
1 0.45625000000000004 0.6208333333333333 0.1421875 0.29444444444444445
1 0.42226562500000003 0.7125 0.06796875000000001 0.13055555555555556
1 0.358203125 0.7347222222222223 0.09453125000000001 0.19722222222222224
1 0.39101562500000003 0.7215277777777778 0.02890625 0.11805555555555557
1 0.19648437500000002 0.8812500000000001 0.11796875000000001 0.22916666666666669
