0 0.831640625 0.16111111111111112 0.039843750000000004 0.0638888888888889
0 0.578125 0.4138888888888889 0.0234375 0.05
0 0.5265625 0.5173611111111112 0.026562500000000003 0.0375
0 0.41835937500000003 0.5486111111111112 0.02109375 0.03888888888888889
0 0.398046875 0.6541666666666667 0.01953125 0.036111111111111115
0 0.347265625 0.6180555555555556 0.01953125 0.022222222222222223
0 0.331640625 0.6548611111111111 0.02109375 0.03194444444444445
0 0.212890625 0.7840277777777778 0.03359375 0.08194444444444444
1 0.31093750000000003 0.8638888888888889 0.2265625 0.25277777777777777
1 0.22812500000000002 0.86875 0.1046875 0.25972222222222224
1 0.38515625000000003 0.7166666666666667 0.0921875 0.20277777777777778
1 0.349609375 0.7263888888888889 0.06484375 0.18333333333333335
1 0.417578125 0.6972222222222223 0.06484375 0.13055555555555556
1 0.44843750000000004 0.6152777777777778 0.0921875 0.18333333333333335
1 0.541015625 0.5784722222222223 0.07265625 0.16527777777777777
1 0.6062500000000001 0.4881944444444445 0.078125 0.1902777777777778
1 0.876953125 0.23055555555555557 0.13046875 0.2111111111111111
