0 0.483203125 0.7645833333333334 0.032031250000000004 0.07083333333333333
0 0.8972656250000001 0.763888888888889 0.02109375 0.03333333333333333
0 0.9480468750000001 0.6222222222222222 0.01953125 0.022222222222222223
0 0.9089843750000001 0.6569444444444444 0.017968750000000002 0.04166666666666667
0 0.9734375000000001 0.4715277777777778 0.015625 0.029166666666666667
1 0.482421875 0.8638888888888889 0.05859375 0.26944444444444443
1 0.864453125 0.8048611111111111 0.08984375 0.14305555555555557
1 0.95625 0.6875 0.037500000000000006 0.15555555555555556
1 0.919921875 0.6777777777777778 0.04296875 0.08888888888888889
1 0.9546875 0.5194444444444445 0.0546875 0.1277777777777778
