0 0.274609375 0.7083333333333334 0.02421875 0.05
0 0.29921875000000003 0.8048611111111111 0.037500000000000006 0.07361111111111111
0 0.7308593750000001 0.8090277777777778 0.03671875 0.06527777777777778
0 0.6515625 0.7486111111111111 0.026562500000000003 0.058333333333333334
0 0.9847656250000001 0.68125 0.01953125 0.034722222222222224
0 0.865234375 0.5895833333333333 0.014843750000000001 0.02361111111111111
0 0.8285156250000001 0.5791666666666667 0.02109375 0.025
0 0.602734375 0.6527777777777778 0.01640625 0.030555555555555558
0 0.55625 0.5770833333333334 0.0125 0.020833333333333336
0 0.517578125 0.4590277777777778 0.00859375 0.015277777777777779
1 0.2765625 0.8840277777777779 0.1 0.22916666666666669
1 0.26601562500000003 0.8243055555555556 0.06484375 0.2847222222222222
1 0.6531250000000001 0.8583333333333334 0.059375000000000004 0.28055555555555556
1 0.7250000000000001 0.8840277777777779 0.060937500000000006 0.22916666666666669
1 0.978125 0.7479166666666667 0.0421875 0.16805555555555557
1 0.86484375 0.6375000000000001 0.037500000000000006 0.11388888888888889
1 0.828125 0.6291666666666667 0.0328125 0.125
1 0.6046875 0.6902777777777778 0.037500000000000006 0.10555555555555556
1 0.554296875 0.6305555555555555 0.03828125 0.13611111111111113
1 0.51796875 0.49722222222222223 0.021875000000000002 0.09722222222222222
