0 0.48085937500000003 0.6854166666666667 0.02890625 0.04583333333333334
0 0.71640625 0.6569444444444444 0.026562500000000003 0.05277777777777778
0 0.9070312500000001 0.4076388888888889 0.018750000000000003 0.02361111111111111
0 0.9480468750000001 0.5555555555555556 0.017968750000000002 0.02777777777777778
0 0.9808593750000001 0.5437500000000001 0.017968750000000002 0.02638888888888889
1 0.48945312500000004 0.8111111111111111 0.07734375 0.3
1 0.6980468750000001 0.76875 0.07421875 0.2791666666666667
1 0.89453125 0.45 0.045312500000000006 0.10833333333333334
1 0.942578125 0.6222222222222222 0.030468750000000003 0.1638888888888889
1 0.974609375 0.6041666666666667 0.03359375 0.15
