0 0.41953125 0.9486111111111112 0.028125 0.06944444444444445
0 0.57265625 0.7527777777777778 0.010937500000000001 0.030555555555555558
0 0.58203125 0.7458333333333333 0.010937500000000001 0.02777777777777778
0 0.7527343750000001 0.9006944444444445 0.025781250000000002 0.043055555555555555
0 0.705078125 0.7972222222222223 0.01640625 0.030555555555555558
0 0.710546875 0.7381944444444445 0.01640625 0.02638888888888889
0 0.634375 0.7111111111111111 0.0140625 0.030555555555555558
0 0.577734375 0.6506944444444445 0.013281250000000001 0.020833333333333336
1 0.421484375 0.9597222222222223 0.04609375 0.07777777777777778
1 0.574609375 0.8291666666666667 0.03671875 0.17500000000000002
1 0.7578125 0.9381944444444444 0.059375000000000004 0.12083333333333333
1 0.703125 0.8875000000000001 0.0484375 0.2138888888888889
1 0.712890625 0.7736111111111111 0.02734375 0.10277777777777779
1 0.6414062500000001 0.7659722222222223 0.034375 0.12916666666666668
1 0.581640625 0.6895833333333333 0.03828125 0.10416666666666667
