0 0.0328125 0.7680555555555556 0.065625 0.14166666666666666
0 0.3328125 0.6465277777777778 0.018750000000000003 0.02638888888888889
0 0.33828125000000003 0.6347222222222223 0.0203125 0.02777777777777778
0 0.39570312500000004 0.6465277777777778 0.02109375 0.020833333333333336
0 0.39921875 0.6673611111111112 0.018750000000000003 0.03194444444444445
0 0.39140625 0.6708333333333334 0.0171875 0.030555555555555558
0 0.41054687500000003 0.5569444444444445 0.02421875 0.04166666666666667
0 0.55859375 0.5180555555555556 0.025 0.04722222222222222
0 0.8308593750000001 0.16736111111111113 0.04609375 0.07916666666666666
1 0.8773437500000001 0.23750000000000002 0.140625 0.22777777777777777
1 0.5296875 0.5819444444444445 0.096875 0.17500000000000002
1 0.44453125000000004 0.6208333333333333 0.09062500000000001 0.17777777777777778
1 0.424609375 0.7076388888888889 0.08046875 0.12916666666666668
1 0.3640625 0.7444444444444445 0.084375 0.18611111111111112
1 0.36835937500000004 0.7041666666666667 0.08359375000000001 0.17222222222222222
1 0.11679687500000001 0.8423611111111111 0.23359375000000002 0.3125
