0 0.38697916666666665 0.9240740740740742 0.02395833333333333 0.04814814814814815
0 0.3572916666666667 0.9365740740740741 0.022916666666666665 0.04537037037037037
1 0.33619791666666665 0.9564814814814815 0.07135416666666666 0.08518518518518518
1 0.38984375 0.9500000000000001 0.050520833333333334 0.09814814814814815
0 0.37213541666666666 0.6518518518518519 0.0109375 0.012962962962962964
0 0.40729166666666666 0.6305555555555555 0.0125 0.016666666666666666
0 0.3888020833333333 0.6763888888888889 0.009895833333333333 0.021296296296296296
1 0.4109375 0.6791666666666667 0.020833333333333332 0.11018518518518519
1 0.3677083333333333 0.7087962962962964 0.030208333333333334 0.1287037037037037
1 0.3924479166666667 0.6925925925925926 0.022395833333333334 0.05555555555555556
0 0.3614583333333333 0.5560185185185186 0.008333333333333333 0.01388888888888889
0 0.3528645833333333 0.5361111111111111 0.005729166666666666 0.014814814814814815
1 0.34375 0.5652777777777778 0.025 0.075
1 0.36223958333333334 0.5787037037037037 0.0140625 0.05925925925925926
0 0.55078125 0.6296296296296297 0.0109375 0.016666666666666666
0 0.56171875 0.625925925925926 0.0078125 0.016666666666666666
0 0.57734375 0.6212962962962963 0.008854166666666666 0.014814814814814815
0 0.5848958333333333 0.6319444444444444 0.007291666666666667 0.015740740740740743
0 0.59140625 0.6240740740740741 0.0078125 0.016666666666666666
0 0.6294270833333333 0.6291666666666667 0.0078125 0.01388888888888889
1 0.5502604166666667 0.6726851851851852 0.0140625 0.10277777777777779
1 0.5604166666666667 0.6694444444444445 0.011458333333333333 0.10185185185185186
1 0.5747395833333333 0.6652777777777779 0.01614583333333333 0.09722222222222222
1 0.5861979166666667 0.6736111111111112 0.0171875 0.09722222222222222
1 0.5934895833333333 0.6638888888888889 0.015104166666666667 0.08888888888888889
1 0.6283854166666667 0.6680555555555556 0.021354166666666667 0.09351851851851853
