0 0.67578125 0.9291666666666667 0.025520833333333333 0.04537037037037037
0 0.6203125 0.9148148148148149 0.027083333333333334 0.03888888888888889
0 0.66953125 0.6560185185185186 0.011979166666666666 0.017592592592592594
0 0.6559895833333333 0.7041666666666667 0.009895833333333333 0.019444444444444445
0 0.6348958333333333 0.6870370370370371 0.010416666666666666 0.016666666666666666
0 0.5901041666666667 0.6611111111111111 0.009375 0.012962962962962964
0 0.7127604166666667 0.5717592592592593 0.005729166666666666 0.006481481481481482
0 0.69921875 0.5722222222222223 0.005729166666666666 0.009259259259259259
0 0.6940104166666666 0.5703703703703704 0.0046875 0.009259259259259259
0 0.6888020833333334 0.5726851851851852 0.0046875 0.008333333333333333
0 0.684375 0.5745370370370371 0.005208333333333333 0.010185185185185186
0 0.68125 0.5745370370370371 0.003125 0.006481481481481482
1 0.71328125 0.5916666666666667 0.013020833333333334 0.05
1 0.7002604166666666 0.5930555555555556 0.0109375 0.05092592592592593
1 0.69375 0.5791666666666667 0.004166666666666667 0.026851851851851852
1 0.6895833333333333 0.5939814814814816 0.00625 0.049074074074074076
1 0.6830729166666667 0.5953703703703704 0.008854166666666666 0.05
0 0.6197916666666666 0.5777777777777778 0.008333333333333333 0.011111111111111112
0 0.5947916666666666 0.5861111111111111 0.007291666666666667 0.012962962962962964
1 0.6015625 0.6125 0.02395833333333333 0.06944444444444445
1 0.6223958333333334 0.6092592592592593 0.019791666666666666 0.07222222222222223
1 0.6799479166666667 0.7037037037037037 0.033854166666666664 0.11666666666666667
1 0.6627604166666666 0.7212962962962963 0.025520833333333333 0.05925925925925926
1 0.6333333333333333 0.7180555555555556 0.030208333333333334 0.08796296296296297
1 0.6018229166666667 0.712037037037037 0.033854166666666664 0.11851851851851852
1 0.6791666666666667 0.950462962962963 0.07708333333333334 0.09722222222222222
1 0.6169270833333333 0.9425925925925926 0.06197916666666667 0.11296296296296297
