0 0.470703125 0.7472222222222222 0.032031250000000004 0.05555555555555556
0 0.5578125 0.763888888888889 0.034375 0.058333333333333334
0 0.5476562500000001 0.6993055555555556 0.025 0.05416666666666667
0 0.84375 0.6194444444444445 0.0203125 0.03888888888888889
0 0.8695312500000001 0.625 0.0203125 0.044444444444444446
0 0.9378906250000001 0.7416666666666667 0.05390625 0.05555555555555556
0 0.749609375 0.38958333333333334 0.00859375 0.0125
1 0.7542968750000001 0.4277777777777778 0.02890625 0.10833333333333334
1 0.8265625000000001 0.7180555555555556 0.0734375 0.24722222222222223
1 0.873046875 0.6597222222222222 0.04609375 0.11388888888888889
1 0.930859375 0.8520833333333334 0.10234375000000001 0.2763888888888889
1 0.484375 0.8590277777777778 0.06406250000000001 0.27361111111111114
1 0.5496093750000001 0.8659722222222223 0.06171875 0.2652777777777778
1 0.53828125 0.8291666666666667 0.07187500000000001 0.3138888888888889
