0 0.12265625000000001 0.8381944444444445 0.037500000000000006 0.05416666666666667
0 0.46210937500000004 0.5680555555555555 0.02109375 0.036111111111111115
0 0.92734375 0.8131944444444444 0.053125000000000006 0.05694444444444444
0 0.88671875 0.5631944444444444 0.0171875 0.029166666666666667
0 0.9031250000000001 0.545138888888889 0.015625 0.02361111111111111
0 0.8210937500000001 0.4166666666666667 0.015625 0.022222222222222223
1 0.09453125000000001 0.90625 0.096875 0.18472222222222223
1 0.46015625000000004 0.6548611111111111 0.0484375 0.20972222222222223
1 0.915625 0.8909722222222223 0.08750000000000001 0.2152777777777778
1 0.884375 0.61875 0.0328125 0.14027777777777778
1 0.90625 0.5916666666666667 0.025 0.11388888888888889
1 0.98828125 0.6840277777777778 0.021875000000000002 0.14583333333333334
1 0.808203125 0.4618055555555556 0.04453125 0.11527777777777778
