0 0.6864583333333333 0.9101851851851852 0.022916666666666665 0.04259259259259259
0 0.6260416666666666 0.9018518518518519 0.026041666666666668 0.03518518518518519
1 0.6872395833333333 0.9439814814814815 0.0609375 0.11018518518518519
1 0.6200520833333333 0.9416666666666667 0.0609375 0.11481481481481481
0 0.6783854166666666 0.6351851851851852 0.013020833333333334 0.016666666666666666
0 0.6611979166666666 0.6921296296296297 0.0109375 0.019444444444444445
0 0.6421875 0.6773148148148148 0.011458333333333333 0.019444444444444445
1 0.63828125 0.7069444444444445 0.028645833333333332 0.08240740740740742
1 0.6684895833333333 0.7101851851851853 0.025520833333333333 0.05555555555555556
1 0.6861979166666666 0.6875 0.028645833333333332 0.12314814814814816
0 0.53671875 0.6375000000000001 0.0078125 0.008333333333333333
1 0.5421875 0.6819444444444445 0.017708333333333333 0.09722222222222222
0 0.71796875 0.5578703703703703 0.0046875 0.006481481481481482
0 0.7018229166666666 0.5601851851851852 0.005729166666666666 0.007407407407407408
0 0.6989583333333333 0.5560185185185186 0.003125 0.004629629629629629
0 0.6934895833333333 0.5597222222222222 0.0036458333333333334 0.006481481481481482
0 0.6880208333333333 0.5611111111111111 0.00625 0.007407407407407408
1 0.71796875 0.5791666666666667 0.0109375 0.049074074074074076
1 0.70546875 0.5810185185185185 0.011979166666666666 0.049074074074074076
1 0.7 0.5800925925925926 0.005208333333333333 0.049074074074074076
1 0.6940104166666666 0.5805555555555556 0.0078125 0.04814814814814815
1 0.6872395833333333 0.5814814814814815 0.0078125 0.05
0 0.6229166666666667 0.5671296296296297 0.008333333333333333 0.012037037037037037
0 0.5984375 0.5712962962962963 0.008333333333333333 0.011111111111111112
1 0.6057291666666667 0.5995370370370371 0.026041666666666668 0.06944444444444445
1 0.6278645833333333 0.5958333333333333 0.018229166666666668 0.07314814814814816
