0 0.4028645833333333 0.9226851851851853 0.022395833333333334 0.04722222222222222
0 0.3677083333333333 0.9273148148148148 0.02395833333333333 0.04166666666666667
0 0.4200520833333333 0.6310185185185185 0.009895833333333333 0.015740740740740743
0 0.39921875 0.6620370370370371 0.008854166666666666 0.018518518518518517
1 0.34401041666666665 0.9532407407407407 0.07864583333333333 0.09166666666666667
1 0.4010416666666667 0.9486111111111112 0.04895833333333333 0.09907407407407408
1 0.3971354166666667 0.7268518518518519 0.03177083333333333 0.14814814814814814
1 0.4239583333333333 0.6782407407407408 0.01875 0.11203703703703705
1 0.3833333333333333 0.7046296296296296 0.015625 0.044444444444444446
0 0.37734375 0.5541666666666667 0.0078125 0.015740740740740743
0 0.37109375 0.5467592592592593 0.0078125 0.017592592592592594
1 0.375 0.5805555555555556 0.01875 0.06481481481481481
1 0.3598958333333333 0.5666666666666667 0.026041666666666668 0.05555555555555556
0 0.5473958333333333 0.6287037037037038 0.008333333333333333 0.016666666666666666
0 0.5744791666666667 0.6324074074074074 0.010416666666666666 0.014814814814814815
0 0.5877604166666667 0.6310185185185185 0.0078125 0.01388888888888889
0 0.6125 0.6356481481481482 0.011458333333333333 0.015740740740740743
0 0.6453125 0.638425925925926 0.007291666666666667 0.01388888888888889
1 0.6432291666666666 0.6791666666666667 0.019791666666666666 0.09166666666666667
1 0.6127604166666667 0.6768518518518519 0.0203125 0.1
1 0.5872395833333334 0.674074074074074 0.0171875 0.1
1 0.5731770833333333 0.6759259259259259 0.019270833333333334 0.09814814814814815
1 0.5473958333333333 0.6671296296296296 0.019791666666666666 0.09722222222222222
