0 0.5450520833333333 0.8143518518518519 0.0234375 0.030555555555555558
0 0.4666666666666667 0.6722222222222223 0.013541666666666667 0.022222222222222223
1 0.4622395833333333 0.7652777777777778 0.049479166666666664 0.2101851851851852
1 0.5440104166666666 0.8893518518518518 0.05572916666666666 0.18055555555555555
0 0.5567708333333333 0.5884259259259259 0.009375 0.01388888888888889
0 0.53671875 0.6305555555555555 0.009895833333333333 0.018518518518518517
0 0.5294270833333333 0.637962962962963 0.009895833333333333 0.016666666666666666
1 0.5622395833333333 0.6402777777777778 0.0234375 0.11944444444444445
1 0.5434895833333333 0.6509259259259259 0.025520833333333333 0.061111111111111116
1 0.5221354166666666 0.6592592592592593 0.0234375 0.061111111111111116
0 0.49244791666666665 0.5305555555555556 0.0067708333333333336 0.011111111111111112
0 0.50703125 0.5087962962962963 0.008854166666666666 0.010185185185185186
0 0.48359375 0.5101851851851852 0.008854166666666666 0.011111111111111112
1 0.5088541666666666 0.5324074074074074 0.014583333333333334 0.06296296296296297
1 0.4927083333333333 0.5643518518518519 0.011458333333333333 0.075
1 0.4822916666666667 0.5291666666666667 0.011458333333333333 0.05277777777777778
0 0.5859375 0.5157407407407407 0.005208333333333333 0.007407407407407408
0 0.5799479166666667 0.5157407407407407 0.0046875 0.007407407407407408
0 0.5734375 0.5143518518518518 0.004166666666666667 0.008333333333333333
0 0.565625 0.5143518518518518 0.004166666666666667 0.006481481481481482
0 0.5609375 0.5143518518518518 0.004166666666666667 0.008333333333333333
1 0.5872395833333334 0.5356481481481482 0.0078125 0.04722222222222222
1 0.5794270833333334 0.5351851851851852 0.0078125 0.0462962962962963
1 0.5723958333333333 0.5351851851851852 0.007291666666666667 0.04814814814814815
1 0.5669270833333333 0.5347222222222222 0.0067708333333333336 0.049074074074074076
1 0.5609375 0.5347222222222222 0.00625 0.05092592592592593
