0 0.602734375 0.7708333333333334 0.03359375 0.058333333333333334
0 0.689453125 0.6722222222222223 0.02421875 0.044444444444444446
0 0.7296875 0.7666666666666667 0.025 0.061111111111111116
0 0.6839843750000001 0.8666666666666667 0.02421875 0.04722222222222222
0 0.8246093750000001 0.7416666666666667 0.03359375 0.05277777777777778
0 0.84375 0.6958333333333334 0.029687500000000002 0.04722222222222222
1 0.841796875 0.8562500000000001 0.07109375 0.2847222222222222
1 0.853515625 0.7826388888888889 0.047656250000000004 0.21805555555555556
1 0.755859375 0.8673611111111111 0.07890625000000001 0.2625
1 0.7152343750000001 0.9208333333333334 0.08671875000000001 0.15555555555555556
1 0.66015625 0.9416666666666667 0.05 0.11388888888888889
1 0.595703125 0.8708333333333333 0.07578125000000001 0.2555555555555556
1 0.559765625 0.9618055555555556 0.02109375 0.07361111111111111
1 0.680859375 0.7743055555555556 0.06796875000000001 0.24583333333333335
0 0.3640625 0.4388888888888889 0.010937500000000001 0.019444444444444445
1 0.362109375 0.5 0.01953125 0.14444444444444446
0 0.8601562500000001 0.48333333333333334 0.0078125 0.01388888888888889
1 0.862890625 0.5222222222222223 0.017968750000000002 0.1
