0 0.36054687500000004 0.7631944444444445 0.01953125 0.0375
0 0.7175781250000001 0.8854166666666667 0.02109375 0.043055555555555555
0 0.721875 0.7291666666666667 0.018750000000000003 0.04166666666666667
0 0.7566406250000001 0.7152777777777778 0.014843750000000001 0.02777777777777778
0 0.5296875 0.5666666666666667 0.015625 0.030555555555555558
1 0.535546875 0.625 0.041406250000000006 0.15
1 0.37265625 0.8722222222222222 0.043750000000000004 0.25277777777777777
1 0.72265625 0.93125 0.0546875 0.13472222222222222
0 0.72578125 0.7902777777777779 0.035937500000000004 0.17500000000000002
1 0.7582031250000001 0.7916666666666667 0.02890625 0.17777777777777778
