0 0.6171875 0.7875 0.026562500000000003 0.04722222222222222
0 0.7234375000000001 0.7895833333333334 0.025 0.05416666666666667
0 0.6824218750000001 0.7159722222222222 0.01953125 0.034722222222222224
0 0.702734375 0.6756944444444445 0.01171875 0.02361111111111111
0 0.48281250000000003 0.5347222222222222 0.0140625 0.019444444444444445
1 0.616796875 0.8833333333333334 0.047656250000000004 0.23055555555555557
1 0.7234375000000001 0.8798611111111111 0.0546875 0.23750000000000002
1 0.68125 0.8083333333333333 0.0546875 0.2138888888888889
1 0.7035156250000001 0.7423611111111111 0.02421875 0.1625
1 0.495703125 0.6041666666666667 0.047656250000000004 0.1527777777777778
