0 0.49648437500000003 0.670138888888889 0.02109375 0.03194444444444445
0 0.533203125 0.7305555555555556 0.013281250000000001 0.036111111111111115
0 0.59765625 0.75 0.018750000000000003 0.02777777777777778
0 0.5875 0.6597222222222222 0.018750000000000003 0.02777777777777778
0 0.5945312500000001 0.6395833333333334 0.015625 0.02361111111111111
0 0.54453125 0.6256944444444444 0.0125 0.02361111111111111
0 0.57578125 0.7263888888888889 0.0125 0.025
1 0.491015625 0.7493055555555556 0.03359375 0.18472222222222223
1 0.532421875 0.7784722222222222 0.03359375 0.10416666666666667
1 0.55234375 0.7861111111111111 0.05625 0.1527777777777778
1 0.598828125 0.7958333333333334 0.03671875 0.11666666666666667
1 0.6015625 0.7229166666666667 0.046875 0.15694444444444444
1 0.538671875 0.6652777777777779 0.03359375 0.10833333333333334
1 0.597265625 0.6506944444444445 0.03359375 0.05694444444444444
0 0.904296875 0.5979166666666667 0.01640625 0.020833333333333336
0 0.929296875 0.5979166666666667 0.01953125 0.02361111111111111
0 0.908203125 0.5895833333333333 0.013281250000000001 0.020833333333333336
1 0.9285156250000001 0.6173611111111111 0.02421875 0.05416666666666667
1 0.903515625 0.6263888888888889 0.02890625 0.06666666666666667
0 0.630078125 0.5472222222222223 0.00703125 0.011111111111111112
1 0.63046875 0.5659722222222222 0.010937500000000001 0.05416666666666667
