0 0.49843750000000003 0.8284722222222223 0.015625 0.034722222222222224
0 0.5125000000000001 0.820138888888889 0.0171875 0.034722222222222224
0 0.64765625 0.9145833333333334 0.0203125 0.051388888888888894
0 0.66171875 0.8055555555555556 0.0125 0.02777777777777778
0 0.51171875 0.6590277777777778 0.010937500000000001 0.020833333333333336
1 0.496875 0.9027777777777778 0.045312500000000006 0.18333333333333335
1 0.519140625 0.9 0.03515625 0.19722222222222224
1 0.6468750000000001 0.9444444444444445 0.053125000000000006 0.10833333333333334
1 0.66171875 0.8694444444444445 0.03125 0.14444444444444446
1 0.50625 0.7263888888888889 0.0484375 0.15
0 0.7097656250000001 0.9847222222222223 0.01953125 0.019444444444444445
