0 0.33489583333333334 0.7185185185185186 0.019791666666666666 0.037037037037037035
0 0.39765625 0.8833333333333334 0.0203125 0.04259259259259259
0 0.4263020833333333 0.8685185185185186 0.0203125 0.044444444444444446
1 0.3229166666666667 0.8111111111111111 0.04375 0.22222222222222224
1 0.37473958333333335 0.9300925925925926 0.0765625 0.13796296296296298
1 0.4276041666666667 0.9171296296296296 0.04895833333333333 0.14166666666666666
0 0.44244791666666666 0.6097222222222223 0.011979166666666666 0.017592592592592594
0 0.42291666666666666 0.6523148148148148 0.008333333333333333 0.019444444444444445
0 0.43203125 0.6444444444444445 0.008854166666666666 0.014814814814814815
1 0.44479166666666664 0.6569444444444444 0.022916666666666665 0.10833333333333334
1 0.4161458333333333 0.6671296296296296 0.025 0.049074074074074076
0 0.40729166666666666 0.5194444444444445 0.008333333333333333 0.012962962962962964
0 0.3807291666666667 0.5180555555555556 0.007291666666666667 0.012037037037037037
1 0.4046875 0.5476851851851852 0.019791666666666666 0.06574074074074074
1 0.384375 0.5486111111111112 0.021875 0.0712962962962963
0 0.5408854166666667 0.5708333333333333 0.0067708333333333336 0.008333333333333333
0 0.52578125 0.5662037037037038 0.0067708333333333336 0.012037037037037037
0 0.6057291666666667 0.6078703703703704 0.008333333333333333 0.015740740740740743
0 0.6328125 0.6152777777777778 0.009375 0.015740740740740743
0 0.64140625 0.612037037037037 0.0078125 0.014814814814814815
0 0.61171875 0.6023148148148149 0.0078125 0.01388888888888889
1 0.5244791666666666 0.5958333333333333 0.013541666666666667 0.06759259259259259
1 0.5401041666666666 0.5990740740740741 0.016666666666666666 0.06481481481481481
1 0.603125 0.6490740740740741 0.017708333333333333 0.09814814814814815
1 0.61171875 0.6314814814814815 0.011979166666666666 0.07407407407407407
1 0.6315104166666666 0.6606481481481482 0.025520833333333333 0.10648148148148148
