0 0.25859375 0.825462962962963 0.022395833333333334 0.03425925925925926
0 0.3359375 0.7601851851851852 0.021875 0.03518518518518519
0 0.3833333333333333 0.8851851851851852 0.02395833333333333 0.03518518518518519
1 0.27265625 0.9041666666666667 0.0703125 0.18981481481481483
1 0.32708333333333334 0.8458333333333333 0.05 0.2064814814814815
1 0.37838541666666664 0.9337962962962963 0.0671875 0.13055555555555556
0 0.27682291666666664 0.6560185185185186 0.0140625 0.015740740740740743
0 0.37473958333333335 0.6791666666666667 0.0109375 0.017592592592592594
0 0.38828125 0.6939814814814815 0.009895833333333333 0.017592592592592594
1 0.27317708333333335 0.7185185185185186 0.034895833333333334 0.1388888888888889
1 0.36328125 0.7027777777777778 0.0359375 0.07592592592592592
1 0.39348958333333334 0.7166666666666667 0.027604166666666666 0.06666666666666667
0 0.3625 0.5620370370370371 0.009375 0.011111111111111112
0 0.3377604166666667 0.5662037037037038 0.009895833333333333 0.01388888888888889
1 0.35911458333333335 0.5935185185185186 0.022395833333333334 0.07407407407407407
1 0.3377604166666667 0.5958333333333333 0.0234375 0.0712962962962963
0 0.4552083333333333 0.5777777777777778 0.005208333333333333 0.007407407407407408
0 0.4473958333333333 0.5810185185185185 0.00625 0.008333333333333333
0 0.4328125 0.5773148148148148 0.004166666666666667 0.006481481481481482
0 0.4244791666666667 0.5740740740740741 0.00625 0.009259259259259259
0 0.43645833333333334 0.575925925925926 0.004166666666666667 0.005555555555555556
1 0.45677083333333335 0.600462962962963 0.009375 0.05277777777777778
1 0.4458333333333333 0.600462962962963 0.0125 0.05092592592592593
1 0.43255208333333334 0.600925925925926 0.0078125 0.053703703703703705
1 0.4375 0.5962962962962963 0.005208333333333333 0.04814814814814815
1 0.42421875 0.5949074074074074 0.008854166666666666 0.05092592592592593
