0 0.6707031250000001 0.7569444444444444 0.02421875 0.044444444444444446
0 0.659375 0.7270833333333334 0.021875000000000002 0.029166666666666667
0 0.95234375 0.7090277777777778 0.028125 0.0375
0 0.923828125 0.6569444444444444 0.014843750000000001 0.030555555555555558
0 0.864453125 0.6597222222222222 0.014843750000000001 0.02777777777777778
0 0.839453125 0.6347222222222223 0.01171875 0.025
0 0.8386718750000001 0.5152777777777778 0.01171875 0.016666666666666666
1 0.659375 0.8673611111111111 0.0671875 0.2625
1 0.6589843750000001 0.75625 0.02890625 0.09027777777777778
1 0.9480468750000001 0.8 0.049218750000000006 0.21666666666666667
1 0.916015625 0.7145833333333333 0.041406250000000006 0.14305555555555557
1 0.864453125 0.7201388888888889 0.03828125 0.14583333333333334
1 0.833203125 0.6854166666666667 0.03828125 0.12638888888888888
1 0.831640625 0.5604166666666667 0.039843750000000004 0.10694444444444445
