0 0.47500000000000003 0.7347222222222223 0.028125 0.05555555555555556
0 0.527734375 0.6743055555555556 0.01640625 0.04861111111111111
0 0.837890625 0.6180555555555556 0.02890625 0.03888888888888889
0 0.8636718750000001 0.61875 0.017968750000000002 0.04861111111111111
0 0.93359375 0.7423611111111111 0.0484375 0.06805555555555556
0 0.753125 0.3784722222222222 0.009375000000000001 0.018055555555555557
1 0.48867187500000003 0.8541666666666667 0.06171875 0.2888888888888889
1 0.546875 0.86875 0.0671875 0.25972222222222224
1 0.529296875 0.8145833333333333 0.06484375 0.32916666666666666
1 0.91796875 0.8534722222222223 0.10625000000000001 0.2902777777777778
1 0.8210937500000001 0.7194444444444444 0.07968750000000001 0.23611111111111113
1 0.87109375 0.6638888888888889 0.037500000000000006 0.13333333333333333
1 0.755078125 0.4236111111111111 0.02890625 0.10555555555555556
