0 0.49140625000000004 0.8861111111111112 0.0140625 0.03333333333333333
0 0.5085937500000001 0.8784722222222222 0.0125 0.03194444444444445
0 0.6578125 0.8979166666666667 0.015625 0.029166666666666667
0 0.65625 0.8618055555555556 0.010937500000000001 0.02361111111111111
0 0.50390625 0.7208333333333333 0.0125 0.02777777777777778
1 0.48828125 0.9347222222222222 0.040625 0.1277777777777778
1 0.5140625 0.9298611111111111 0.029687500000000002 0.13472222222222222
1 0.66328125 0.9423611111111111 0.0390625 0.1125
1 0.6578125 0.8798611111111111 0.0203125 0.059722222222222225
1 0.49765625 0.7881944444444444 0.040625 0.15972222222222224
