0 0.6742187500000001 0.6270833333333333 0.034375 0.05416666666666667
0 0.744140625 0.7270833333333334 0.032031250000000004 0.04861111111111111
0 0.778515625 0.7284722222222223 0.030468750000000003 0.04861111111111111
0 0.8738281250000001 0.7819444444444444 0.03671875 0.044444444444444446
0 0.9187500000000001 0.5680555555555555 0.034375 0.04722222222222222
0 0.7640625000000001 0.5375 0.025 0.04166666666666667
0 0.78046875 0.6826388888888889 0.028125 0.04861111111111111
1 0.923828125 0.7256944444444444 0.07578125000000001 0.3652777777777778
1 0.8679687500000001 0.8708333333333333 0.08125 0.21944444444444444
1 0.784375 0.85 0.084375 0.28611111111111115
1 0.671875 0.7930555555555556 0.084375 0.3888888888888889
1 0.63671875 0.851388888888889 0.029687500000000002 0.14722222222222223
1 0.7332031250000001 0.8118055555555556 0.055468750000000004 0.2125
1 0.8128906250000001 0.7340277777777778 0.09296875 0.15694444444444444
1 0.75546875 0.6201388888888889 0.06875 0.20416666666666666
0 0.9593750000000001 0.37430555555555556 0.0078125 0.018055555555555557
1 0.95703125 0.41250000000000003 0.018750000000000003 0.1
