0 0.8234375 0.5618055555555556 0.026562500000000003 0.029166666666666667
0 0.796875 0.5444444444444445 0.018750000000000003 0.030555555555555558
0 0.7839843750000001 0.6618055555555555 0.01953125 0.029166666666666667
0 0.753515625 0.6381944444444445 0.017968750000000002 0.029166666666666667
0 0.7347656250000001 0.6458333333333334 0.01640625 0.022222222222222223
0 0.7214843750000001 0.6243055555555556 0.017968750000000002 0.029166666666666667
0 0.7156250000000001 0.6048611111111112 0.0125 0.020833333333333336
1 0.83359375 0.6611111111111111 0.046875 0.22777777777777777
1 0.7839843750000001 0.7090277777777778 0.049218750000000006 0.12361111111111112
1 0.79296875 0.6069444444444445 0.037500000000000006 0.15555555555555556
1 0.7328125000000001 0.7020833333333334 0.045312500000000006 0.13472222222222222
1 0.7035156250000001 0.6291666666666667 0.039843750000000004 0.06944444444444445
1 0.706640625 0.6666666666666667 0.047656250000000004 0.11388888888888889
0 0.844921875 0.38819444444444445 0.00703125 0.0125
1 0.8425781250000001 0.41250000000000003 0.013281250000000001 0.0638888888888889
