0 0.4366666666666667 0.17250000000000001 0.05 0.09166666666666667
0 0.6525000000000001 0.23 0.03166666666666667 0.06333333333333334
0 0.3916666666666667 0.5266666666666667 0.1366666666666667 0.49333333333333335
1 0.335 0.2833333333333333 0.21333333333333335 0.043333333333333335
1 0.6166666666666667 0.33916666666666667 0.2833333333333333 0.04166666666666667
1 0.8383333333333334 0.25583333333333336 0.3166666666666667 0.05166666666666667
1 0.8725 0.3433333333333334 0.24166666666666667 0.07
1 0.5741666666666667 0.265 0.195 0.04666666666666667
1 0.2791666666666667 0.5683333333333334 0.19833333333333333 0.043333333333333335
1 0.7066666666666667 0.6891666666666667 0.5833333333333334 0.14500000000000002
