0 0.285 0.2958 0.07 0.1291 
0 0.017 0.3063 0.026 0.048 
0 0.05 0.3033 0.028 0.048 
0 0.07 0.2943 0.02 0.042 
0 0.094 0.3078 0.016 0.027 
0 0.122 0.2868 0.024 0.045 
0 0.145 0.2853 0.022 0.042 
0 0.165 0.2973 0.026 0.042 
0 0.19 0.2958 0.016 0.033 
0 0.204 0.2913 0.02 0.042 
0 0.222 0.2898 0.02 0.045 
0 0.398 0.2853 0.056 0.1021 
0 0.362 0.2823 0.024 0.048 
0 0.342 0.2808 0.02 0.039 
0 0.322 0.2793 0.02 0.036 
0 0.238 0.2973 0.016 0.03 
0 0.438 0.2688 0.028 0.0511 
0 0.457 0.2658 0.022 0.0511 
0 0.477 0.2808 0.022 0.045 
0 0.52 0.2748 0.024 0.0511 
0 0.551 0.2763 0.022 0.042 
0 0.56 0.2628 0.016 0.033 
0 0.576 0.2868 0.02 0.033 
0 0.589 0.2763 0.018 0.0541 
0 0.668 0.2988 0.028 0.0511 
1 0.498 0.2793 0.032 0.0661 
0 0.751 0.2613 0.034 0.0601 
0 0.817 0.2913 0.026 0.042 
0 0.837 0.2568 0.026 0.045 
0 0.88 0.3048 0.028 0.0511 
0 0.906 0.2853 0.024 0.048 
0 0.981 0.3063 0.03 0.0541 
0 0.952 0.2748 0.028 0.045 
0 0.979 0.2643 0.018 0.03 
0 0.995 0.2883 0.01 0.048 
0 0.86 0.2868 0.024 0.033 
0 0.791 0.2898 0.022 0.045 
0 0.642 0.2688 0.02 0.045 
0 0.612 0.2778 0.02 0.045 
0 0.623 0.2763 0.018 0.036 
0 0.712 0.2913 0.024 0.048 
0 0.691 0.2673 0.014 0.036 
