1 0.0982 0.5888 0.1164 0.1557 
1 0.2255 0.3798 0.0509 0.0765 
1 0.3209 0.3784 0.0455 0.0792 
1 0.3136 0.321 0.0345 0.041 
1 0.3691 0.2896 0.0327 0.0601 
1 0.3882 0.3128 0.0418 0.0847 
1 0.4173 0.3702 0.0491 0.1011 
1 0.4882 0.3333 0.0491 0.0874 
1 0.4482 0.3046 0.0345 0.0738 
1 0.4127 0.2623 0.0364 0.0765 
1 0.4809 0.2705 0.0309 0.0601 
1 0.5255 0.2923 0.0327 0.0765 
1 0.5727 0.2732 0.0327 0.071 
1 0.5636 0.3907 0.0545 0.0984 
1 0.6018 0.3415 0.0327 0.082 
1 0.63 0.3101 0.0309 0.0792 
1 0.6518 0.3005 0.0309 0.0656 
1 0.6618 0.2445 0.04 0.0792 
1 0.7255 0.388 0.0509 0.1093 
1 0.7555 0.3456 0.0345 0.0847 
1 0.7582 0.2951 0.0327 0.0656 
