1 0.9332 0.1505 0.0152 0.0319 
1 0.906 0.1241 0.012 0.0291 
1 0.896 0.1463 0.0144 0.0319 
1 0.8916 0.1741 0.0184 0.0347 
1 0.922 0.2018 0.0136 0.0347 
1 0.9404 0.2552 0.0184 0.0472 
1 0.9072 0.2164 0.0144 0.0361 
1 0.9132 0.3294 0.02 0.0596 
1 0.8844 0.4709 0.0264 0.0652 
1 0.8816 0.2441 0.0192 0.0527 
1 0.8384 0.3148 0.024 0.0638 
1 0.8172 0.3786 0.028 0.0749 
1 0.8284 0.2344 0.0168 0.0444 
1 0.8644 0.2101 0.0184 0.0402 
1 0.8656 0.1366 0.0112 0.0236 
1 0.87 0.1248 0.0104 0.0277 
1 0.8484 0.1845 0.0136 0.0333 
1 0.8524 0.1581 0.012 0.0277 
1 0.8404 0.1193 0.0104 0.025 
1 0.8316 0.1366 0.012 0.0291 
1 0.824 0.1512 0.0176 0.0333 
1 0.8056 0.1775 0.0144 0.0361 
1 0.7688 0.2885 0.024 0.0527 
1 0.748 0.2483 0.0208 0.0444 
1 0.776 0.199 0.0192 0.0374 
1 0.8092 0.1179 0.012 0.0277 
1 0.78 0.1019 0.0144 0.0319 
1 0.78 0.1436 0.0144 0.0291 
1 0.7644 0.1325 0.0152 0.0264 
1 0.7568 0.1685 0.0144 0.0347 
1 0.7388 0.1373 0.0152 0.0277 
1 0.732 0.1248 0.0128 0.0277 
1 0.7164 0.1352 0.0136 0.0291 
1 0.7272 0.1796 0.0192 0.0402 
1 0.7132 0.1623 0.0152 0.0333 
1 0.6868 0.1061 0.0104 0.0236 
1 0.7092 0.2136 0.0184 0.0499 
1 0.6812 0.2053 0.0168 0.0416 
1 0.688 0.1845 0.016 0.0388 
1 0.644 0.0902 0.0096 0.0222 
1 0.2828 0.2746 0.02 0.0416 
1 0.3136 0.2205 0.0144 0.0333 
1 0.3372 0.2524 0.0184 0.0444 
1 0.3456 0.2087 0.0144 0.0319 
1 0.3596 0.2184 0.0152 0.0402 
1 0.3712 0.2233 0.016 0.0361 
1 0.3628 0.2663 0.0184 0.0388 
1 0.3864 0.2774 0.0208 0.0444 
1 0.396 0.2171 0.0176 0.0347 
1 0.42 0.181 0.016 0.0319 
1 0.43 0.215 0.0152 0.0388 
1 0.4464 0.1609 0.0112 0.025 
1 0.4548 0.1879 0.0152 0.0347 
1 0.4656 0.1394 0.0112 0.0291 
1 0.4864 0.2164 0.016 0.0388 
1 0.4876 0.1956 0.0152 0.0333 
1 0.484 0.1318 0.0096 0.025 
1 0.4888 0.1491 0.0112 0.0319 
1 0.5076 0.1262 0.0104 0.025 
1 0.5056 0.156 0.0096 0.0319 
1 0.5176 0.1512 0.0112 0.0305 
1 0.5272 0.1325 0.0128 0.0319 
1 0.612 0.0985 0.0128 0.0277 
1 0.6612 0.1172 0.0152 0.0236 
1 0.6544 0.1401 0.0144 0.0333 
1 0.6052 0.2483 0.02 0.0499 
1 0.6084 0.2011 0.02 0.0472 
1 0.6748 0.2614 0.0232 0.0513 
1 0.6164 0.3252 0.0296 0.0596 
1 0.5388 0.2829 0.0232 0.0527 
1 0.5648 0.2386 0.024 0.0527 
1 0.542 0.163 0.0152 0.0347 
1 0.556 0.138 0.0128 0.0319 
1 0.57 0.1678 0.0168 0.0333 
1 0.564 0.1033 0.0128 0.018 
1 0.5652 0.1234 0.012 0.025 
1 0.5848 0.1089 0.0128 0.0236 
1 0.594 0.1373 0.0152 0.0305 
1 0.6176 0.1207 0.0144 0.0333 
1 0.6324 0.1359 0.012 0.0277 
1 0.0476 0.4119 0.0296 0.0555 
