1 0.15 0.8677 0.095 0.1407 
1 0.1431 0.7514 0.0612 0.0844 
1 0.1131 0.6538 0.0437 0.0657 
1 0.1588 0.622 0.035 0.0544 
1 0.1419 0.5891 0.0213 0.0375 
1 0.1175 0.5347 0.02 0.0375 
1 0.0831 0.5657 0.0213 0.0319 
1 0.0594 0.5704 0.0238 0.0338 
1 0.0344 0.6032 0.0288 0.0469 
1 0.19 0.6041 0.0275 0.0525 
1 0.2425 0.576 0.02 0.0413 
1 0.2531 0.56 0.0187 0.0281 
1 0.2875 0.5403 0.02 0.0263 
1 0.275 0.7645 0.05 0.0844 
1 0.3412 0.6285 0.0325 0.0525 
1 0.3681 0.6116 0.0288 0.0413 
1 0.3819 0.5835 0.0163 0.03 
1 0.3956 0.5666 0.0187 0.0188 
1 0.4313 0.576 0.03 0.045 
1 0.4381 0.5422 0.0163 0.0263 
1 0.4487 0.4371 0.015 0.03 
1 0.3563 0.9362 0.09 0.1276 
1 0.5144 0.8274 0.0712 0.1013 
1 0.6969 0.8893 0.0838 0.1276 
1 0.5775 0.6407 0.035 0.0582 
1 0.5475 0.6341 0.03 0.045 
1 0.5325 0.5966 0.025 0.045 
1 0.5056 0.5713 0.0238 0.0319 
1 0.4781 0.5591 0.0187 0.0263 
1 0.5431 0.5432 0.0163 0.0281 
1 0.5475 0.5685 0.02 0.03 
1 0.6288 0.5356 0.0225 0.0432 
1 0.6519 0.5919 0.0213 0.0356 
1 0.685 0.6051 0.0225 0.0394 
1 0.6856 0.5769 0.0187 0.0319 
1 0.6519 0.6567 0.0338 0.0563 
1 0.745 0.6023 0.025 0.0413 
1 0.75 0.5797 0.0225 0.0338 
1 0.7275 0.5629 0.0175 0.03 
1 0.7913 0.5263 0.02 0.0281 
1 0.785 0.6116 0.0275 0.045 
1 0.8494 0.6426 0.0413 0.0619 
1 0.8331 0.591 0.0238 0.0413 
1 0.8619 0.5685 0.0288 0.0375 
1 0.8525 0.5038 0.0175 0.0281 
1 0.9044 0.5722 0.0262 0.0375 
1 0.8969 0.6191 0.0312 0.0525 
1 0.9425 0.6051 0.0225 0.0319 
1 0.9513 0.5788 0.02 0.0319 
1 0.945 0.5488 0.0175 0.0244 
1 0.9694 0.5638 0.0163 0.0281 
1 0.9869 0.5835 0.0187 0.03 
1 0.97 0.6332 0.0375 0.0469 
1 0.9769 0.7495 0.0462 0.0769 
