1 0.0744 0.5084 0.0515 0.1171 
1 0.2575 0.2818 0.0169 0.0318 
1 0.2757 0.2809 0.0159 0.0401 
1 0.3038 0.2592 0.0159 0.0401 
1 0.3132 0.2349 0.014 0.0284 
1 0.3413 0.2174 0.0178 0.0334 
1 0.375 0.2157 0.014 0.0301 
1 0.3816 0.2048 0.0197 0.0351 
1 0.4092 0.1722 0.0169 0.0268 
1 0.4508 0.1472 0.0103 0.0268 
1 0.4831 0.1321 0.015 0.0268 
1 0.4785 0.148 0.0187 0.0251 
1 0.4312 0.194 0.014 0.0268 
1 0.4391 0.24 0.0206 0.0351 
1 0.4644 0.1965 0.015 0.0318 
1 0.493 0.1898 0.0159 0.0251 
1 0.4635 0.2349 0.0187 0.0351 
1 0.5328 0.1388 0.015 0.0368 
1 0.5609 0.1171 0.0169 0.0268 
1 0.5529 0.1355 0.0122 0.0268 
1 0.5403 0.2048 0.0225 0.0385 
1 0.5735 0.1647 0.0197 0.0351 
1 0.5843 0.1313 0.0225 0.0284 
1 0.5993 0.1003 0.0169 0.0301 
1 0.6292 0.0995 0.015 0.0284 
1 0.6203 0.1355 0.0178 0.0401 
1 0.6058 0.2082 0.0169 0.0351 
1 0.5604 0.2926 0.0234 0.0535 
1 0.478 0.306 0.0253 0.0569 
1 0.6035 0.2692 0.0272 0.0535 
1 0.6475 0.1154 0.014 0.0268 
1 0.6728 0.1129 0.0122 0.0284 
1 0.6854 0.1087 0.0131 0.0268 
1 0.6507 0.1722 0.0187 0.0368 
1 0.6835 0.1848 0.015 0.0452 
1 0.6592 0.26 0.0206 0.0552 
1 0.6063 0.3403 0.029 0.0686 
1 0.669 0.3386 0.0272 0.0652 
1 0.7097 0.1388 0.0206 0.0435 
1 0.7322 0.1237 0.015 0.0435 
1 0.7055 0.2166 0.0215 0.0452 
1 0.7163 0.2784 0.03 0.0485 
1 0.7303 0.1965 0.0169 0.0418 
1 0.7547 0.0995 0.0131 0.0217 
1 0.7533 0.2408 0.0215 0.0502 
1 0.7809 0.1212 0.0112 0.0251 
1 0.779 0.1614 0.0169 0.0351 
1 0.7823 0.2885 0.0197 0.0552 
1 0.8123 0.2433 0.0197 0.0518 
1 0.794 0.1254 0.0112 0.0301 
1 0.7992 0.1798 0.0197 0.0452 
1 0.8118 0.1304 0.0094 0.0234 
1 0.8305 0.1371 0.0131 0.0301 
1 0.8488 0.1865 0.0215 0.0418 
1 0.8713 0.1254 0.0122 0.0301 
1 0.868 0.2232 0.0131 0.0318 
1 0.9026 0.1338 0.0112 0.0334 
1 0.8914 0.2007 0.0169 0.0334 
1 0.9265 0.1681 0.0159 0.0318 
1 0.9279 0.1589 0.0131 0.0334 
1 0.926 0.1957 0.0169 0.0301 
1 0.9288 0.2692 0.0225 0.0468 
1 0.8624 0.1614 0.0169 0.0318 
1 0.8151 0.1697 0.0159 0.0318 
1 0.7411 0.1597 0.0178 0.0418 
1 0.6667 0.2032 0.0206 0.0518 
1 0.4096 0.2174 0.0178 0.0334 
1 0.4345 0.2751 0.0187 0.0418 
1 0.3385 0.2659 0.0178 0.0368 
1 0.3858 0.2182 0.015 0.0351 
1 0.6821 0.1446 0.0178 0.0318 
1 0.7673 0.1313 0.0178 0.0318 
