1 0.35 0.6332 0.0418 0.0751 
1 0.6955 0.655 0.0382 0.0605 
1 0.0282 0.4685 0.0418 0.0557 
1 0.0745 0.5182 0.0327 0.0436 
1 0.1027 0.4734 0.0309 0.0412 
1 0.1455 0.4697 0.0291 0.0484 
1 0.15 0.4346 0.0236 0.0363 
1 0.1718 0.4528 0.0273 0.0387 
1 0.2118 0.4722 0.0345 0.0484 
1 0.2264 0.4395 0.0273 0.0412 
1 0.2618 0.4952 0.0327 0.0508 
1 0.2709 0.4467 0.0255 0.0412 
1 0.3109 0.4722 0.0364 0.0533 
1 0.3236 0.437 0.0291 0.046 
1 0.3609 0.4758 0.0345 0.046 
1 0.37 0.4286 0.0309 0.0484 
1 0.38 0.3983 0.0255 0.0363 
1 0.3427 0.4007 0.0236 0.0363 
1 0.2882 0.3971 0.0273 0.0387 
1 0.2373 0.3935 0.0273 0.0363 
1 0.2355 0.3608 0.0236 0.0339 
1 0.2309 0.3196 0.0291 0.0339 
1 0.1873 0.3559 0.0255 0.0291 
1 0.1709 0.3293 0.0291 0.0387 
1 0.1436 0.3705 0.0255 0.0387 
1 0.0945 0.3644 0.0255 0.0412 
1 0.11 0.3366 0.0309 0.0387 
1 0.2727 0.3499 0.0255 0.0412 
1 0.2964 0.3402 0.0218 0.0412 
1 0.3264 0.3414 0.0273 0.0387 
1 0.3482 0.3245 0.0236 0.0339 
1 0.3791 0.3426 0.0236 0.0412 
1 0.4045 0.3232 0.02 0.0412 
1 0.4309 0.339 0.0291 0.0387 
1 0.4527 0.3172 0.0218 0.0387 
1 0.43 0.3874 0.0236 0.0387 
1 0.4127 0.4431 0.0255 0.0436 
1 0.4255 0.4709 0.0364 0.0557 
1 0.4827 0.4843 0.0345 0.0533 
1 0.4691 0.4274 0.0291 0.046 
1 0.4891 0.391 0.0255 0.046 
1 0.4764 0.3608 0.0255 0.0387 
1 0.4991 0.339 0.0236 0.0387 
1 0.5309 0.3559 0.0218 0.0387 
1 0.5391 0.3789 0.0236 0.0363 
1 0.5255 0.4274 0.0364 0.0508 
1 0.5427 0.4867 0.0345 0.0581 
1 0.6164 0.4952 0.0364 0.0654 
1 0.6882 0.4927 0.0345 0.0605 
1 0.7664 0.4867 0.0345 0.0581 
1 0.7855 0.4225 0.0327 0.0557 
1 0.8464 0.4794 0.0309 0.0533 
1 0.8555 0.437 0.0309 0.0557 
1 0.9255 0.4988 0.0327 0.0581 
1 0.9136 0.4431 0.0309 0.0436 
1 0.9173 0.4056 0.0236 0.0412 
1 0.9736 0.4262 0.0345 0.063 
1 0.9809 0.3535 0.0309 0.0581 
1 0.9509 0.3341 0.0327 0.0581 
1 0.8773 0.3959 0.02 0.0363 
1 0.8527 0.3838 0.0255 0.0508 
1 0.8945 0.3608 0.0291 0.0387 
1 0.8836 0.3414 0.0255 0.0387 
1 0.82 0.3814 0.0291 0.046 
1 0.8255 0.3366 0.0255 0.0339 
1 0.7991 0.3584 0.02 0.0339 
1 0.7818 0.3414 0.0255 0.0387 
1 0.7609 0.3789 0.0236 0.0412 
1 0.7482 0.3547 0.0236 0.0363 
1 0.7264 0.322 0.0273 0.0387 
1 0.7136 0.3462 0.0273 0.0436 
1 0.7091 0.4237 0.0327 0.0533 
1 0.6945 0.3935 0.0218 0.0315 
1 0.6709 0.3584 0.0291 0.0387 
1 0.6618 0.3378 0.0218 0.0218 
1 0.6464 0.4383 0.0236 0.0436 
1 0.6409 0.3983 0.0273 0.0363 
1 0.5982 0.431 0.0291 0.0484 
1 0.5882 0.3923 0.0273 0.0339 
1 0.5827 0.3559 0.0236 0.0387 
1 0.6073 0.3402 0.0255 0.0412 
1 0.6318 0.3499 0.0236 0.046 
1 0.5527 0.3305 0.0255 0.0363 
