1 0.3337 0.1979 0.0218 0.0352 
1 0.3807 0.1937 0.0186 0.0296 
1 0.3956 0.1718 0.0146 0.031 
1 0.4264 0.1746 0.0146 0.0338 
1 0.4434 0.1789 0.0178 0.0338 
1 0.4527 0.1465 0.0121 0.031 
1 0.4652 0.1493 0.0162 0.031 
1 0.4717 0.1768 0.0194 0.0352 
1 0.4923 0.1662 0.017 0.0394 
1 0.4899 0.1331 0.017 0.0239 
1 0.485 0.1585 0.0121 0.0268 
1 0.5093 0.1317 0.0138 0.0239 
1 0.5267 0.1324 0.0129 0.031 
1 0.5194 0.1831 0.0162 0.0394 
1 0.532 0.1662 0.017 0.031 
1 0.5554 0.1486 0.017 0.038 
1 0.5651 0.188 0.017 0.0296 
1 0.5708 0.1176 0.0121 0.0324 
1 0.5837 0.1521 0.0154 0.0338 
1 0.5934 0.1225 0.0121 0.0254 
1 0.6104 0.1303 0.0154 0.0296 
1 0.6133 0.1542 0.0146 0.0296 
1 0.6468 0.1577 0.0186 0.031 
1 0.6481 0.1324 0.0129 0.0254 
1 0.646 0.1141 0.0105 0.0197 
1 0.6323 0.1063 0.0121 0.0239 
1 0.6735 0.1162 0.0105 0.0211 
1 0.68 0.1317 0.0121 0.0239 
1 0.6917 0.1127 0.0129 0.0225 
1 0.699 0.1296 0.0129 0.0282 
1 0.7217 0.1218 0.0113 0.0268 
1 0.6068 0.2394 0.0243 0.0507 
1 0.6343 0.2134 0.0227 0.0493 
1 0.6752 0.1908 0.0202 0.0437 
1 0.6845 0.2254 0.021 0.0507 
1 0.7205 0.2366 0.0202 0.0535 
1 0.6897 0.3014 0.0429 0.0873 
1 0.7124 0.1782 0.0138 0.0352 
1 0.7269 0.1944 0.0202 0.0423 
1 0.7516 0.1739 0.0162 0.038 
1 0.7492 0.1493 0.0146 0.0282 
1 0.735 0.1683 0.0138 0.0268 
1 0.7735 0.1415 0.0113 0.0239 
1 0.7816 0.1366 0.0113 0.0282 
1 0.7949 0.1732 0.0154 0.0366 
1 0.7994 0.1521 0.0129 0.0254 
1 0.8123 0.1732 0.0162 0.0366 
1 0.8066 0.2162 0.021 0.0437 
1 0.8382 0.1866 0.0162 0.038 
1 0.8285 0.1585 0.0146 0.0296 
1 0.843 0.1387 0.0129 0.0324 
1 0.8515 0.1725 0.0121 0.0352 
1 0.8778 0.1394 0.0129 0.031 
1 0.8778 0.2007 0.0178 0.0437 
1 0.8977 0.2732 0.0202 0.0535 
1 0.9041 0.2275 0.0186 0.0465 
1 0.9118 0.2056 0.0146 0.0338 
1 0.9049 0.15 0.0154 0.0324 
1 0.9357 0.1852 0.0154 0.0408 
1 0.9571 0.2275 0.0178 0.0408 
1 0.9519 0.1993 0.0154 0.038 
1 0.9612 0.1761 0.0113 0.031 
