1 0.1902 0.459 0.0483 0.0987 
1 0.2008 0.3754 0.0483 0.1054 
1 0.2905 0.2023 0.0251 0.0435 
1 0.3779 0.2726 0.0222 0.0435 
1 0.3586 0.2609 0.0222 0.0502 
1 0.4112 0.199 0.0174 0.0334 
1 0.4319 0.2324 0.0183 0.0334 
1 0.4527 0.245 0.0232 0.0351 
1 0.4382 0.2851 0.0251 0.0452 
1 0.4628 0.194 0.0183 0.0401 
1 0.486 0.2082 0.0183 0.0351 
1 0.4903 0.1697 0.0135 0.0284 
1 0.4831 0.1572 0.0125 0.0234 
1 0.471 0.1488 0.0154 0.0301 
1 0.4961 0.1363 0.0154 0.0251 
1 0.5444 0.1455 0.0154 0.0368 
1 0.5208 0.1806 0.0183 0.0368 
1 0.5516 0.2057 0.0222 0.0334 
1 0.57 0.1572 0.0164 0.0301 
1 0.5888 0.1196 0.0154 0.0251 
1 0.5912 0.1622 0.0145 0.0301 
1 0.4923 0.3261 0.029 0.0602 
1 0.6303 0.2492 0.0328 0.0602 
1 0.681 0.2542 0.0261 0.0502 
1 0.6998 0.1605 0.0212 0.0435 
1 0.7273 0.1413 0.0164 0.0418 
1 0.707 0.0987 0.0164 0.0301 
1 0.7524 0.1656 0.0183 0.0435 
1 0.7597 0.1538 0.0154 0.0334 
1 0.7708 0.1806 0.0164 0.0401 
1 0.7698 0.1087 0.0125 0.0301 
1 0.8171 0.1931 0.0203 0.0452 
1 0.8282 0.1346 0.0154 0.0351 
1 0.8678 0.1848 0.0154 0.0351 
1 0.888 0.2408 0.0193 0.0502 
1 0.7799 0.3035 0.0309 0.0552 
1 0.7346 0.286 0.027 0.0602 
