1 0.0771 0.6847 0.0542 0.0806 
1 0.1229 0.7333 0.0625 0.1 
1 0.05 0.8222 0.0792 0.1167 
1 0.2188 0.6819 0.05 0.0806 
1 0.3438 0.8514 0.0667 0.125 
1 0.3479 0.7542 0.0583 0.0806 
1 0.3812 0.6972 0.0375 0.0667 
1 0.4917 0.6972 0.0417 0.0611 
1 0.5271 0.7569 0.05 0.0806 
1 0.5396 0.8431 0.0625 0.0972 
1 0.575 0.9458 0.0917 0.0972 
1 0.675 0.7153 0.0417 0.0583 
1 0.75 0.5417 0.0417 0.0667 
1 0.7323 0.7722 0.0479 0.0722 
1 0.7896 0.7042 0.0458 0.075 
1 0.826 0.8319 0.0604 0.1028 
1 0.8615 0.7583 0.0479 0.0833 
