1 0.2111 0.551 0.0917 0.0583 
1 0.0396 0.5349 0.0653 0.0552 
1 0.1125 0.4885 0.0444 0.0354 
1 0.1472 0.4089 0.0361 0.0385 
1 0.1243 0.412 0.0347 0.0302 
1 0.084 0.4349 0.0236 0.0156 
1 0.0569 0.4302 0.025 0.0146 
1 0.0271 0.425 0.0236 0.0146 
1 0.2222 0.476 0.0528 0.0292 
1 0.1979 0.4406 0.0319 0.0229 
1 0.2562 0.4349 0.0264 0.0177 
1 0.2819 0.4427 0.0194 0.0187 
1 0.2938 0.4661 0.0347 0.026 
1 0.3292 0.4448 0.0333 0.0229 
1 0.3243 0.5786 0.0958 0.0656 
1 0.3847 0.4953 0.0472 0.0365 
1 0.4257 0.4552 0.0319 0.025 
1 0.4556 0.4651 0.0278 0.024 
1 0.5146 0.4589 0.0264 0.0281 
1 0.5139 0.5104 0.0556 0.0417 
1 0.5597 0.4813 0.0417 0.0354 
1 0.5542 0.4531 0.025 0.0292 
1 0.5889 0.4625 0.0389 0.0312 
1 0.6257 0.4547 0.0264 0.0156 
1 0.6618 0.5188 0.0653 0.0417 
1 0.6479 0.4813 0.0347 0.0292 
1 0.6868 0.463 0.0292 0.0219 
1 0.8014 0.4786 0.0389 0.0323 
1 0.7875 0.4589 0.0278 0.0219 
1 0.6868 0.45 0.0236 0.0146 
1 0.8542 0.4708 0.0306 0.0229 
1 0.8771 0.488 0.0347 0.0281 
1 0.9486 0.4682 0.0361 0.0281 
1 0.6861 0.3563 0.0167 0.0146 
