1 0.1667 0.5883 0.0683 0.0905 
1 0.1229 0.4994 0.0358 0.0425 
1 0.0479 0.5 0.0308 0.0346 
1 0.0596 0.4715 0.0342 0.038 
1 0.0312 0.5335 0.0442 0.057 
1 0.1967 0.5251 0.0533 0.0514 
1 0.1888 0.4793 0.0275 0.0425 
1 0.2254 0.4832 0.0425 0.0525 
1 0.2687 0.4749 0.0258 0.0425 
1 0.2917 0.495 0.0267 0.0335 
1 0.3129 0.4737 0.0258 0.0291 
1 0.3504 0.5045 0.0392 0.0413 
1 0.3517 0.4693 0.0317 0.0335 
1 0.3946 0.4804 0.0225 0.0335 
1 0.4175 0.4883 0.04 0.0514 
1 0.4583 0.481 0.03 0.0525 
1 0.4971 0.467 0.0342 0.038 
1 0.4954 0.514 0.0442 0.0559 
1 0.4429 0.6436 0.0875 0.0961 
1 0.3017 0.5771 0.06 0.0704 
1 0.5942 0.6363 0.0717 0.086 
1 0.5704 0.5218 0.0458 0.0603 
1 0.5533 0.4899 0.0317 0.0391 
1 0.6004 0.486 0.0308 0.0425 
1 0.685 0.4866 0.04 0.0547 
1 0.6929 0.5609 0.0575 0.076 
1 0.7671 0.4827 0.0375 0.0492 
1 0.8208 0.5112 0.05 0.0816 
1 0.8738 0.5218 0.0442 0.067 
1 0.8754 0.4939 0.0408 0.0492 
