1 0.0642 0.5579 0.0559 0.0919 
1 0.0204 0.5509 0.0378 0.0739 
1 0.1325 0.6028 0.0698 0.095 
1 0.2587 0.7787 0.1331 0.1668 
1 0.2218 0.522 0.0409 0.0604 
1 0.2785 0.5315 0.0424 0.0558 
1 0.2886 0.5088 0.0324 0.0465 
1 0.3181 0.4034 0.0282 0.0362 
1 0.3601 0.5315 0.0421 0.0579 
1 0.4406 0.4974 0.0355 0.0548 
1 0.4751 0.5852 0.0544 0.0919 
1 0.5035 0.5145 0.0309 0.0434 
1 0.5432 0.524 0.0316 0.0429 
1 0.5961 0.5163 0.0363 0.0418 
1 0.6086 0.5762 0.0598 0.0821 
1 0.701 0.6759 0.1065 0.1503 
1 0.6661 0.5496 0.0475 0.0537 
1 0.6366 0.5003 0.0293 0.0377 
1 0.6952 0.4904 0.0285 0.0408 
1 0.7461 0.5227 0.0394 0.0506 
1 0.788 0.5108 0.0297 0.0589 
1 0.8221 0.5222 0.034 0.0537 
1 0.8686 0.5325 0.0498 0.0775 
1 0.8621 0.6552 0.0883 0.1183 
1 0.9342 0.5648 0.0529 0.078 
1 0.9441 0.5222 0.0394 0.0537 
