1 0.2081 0.4903 0.0378 0.0735 
1 0.3418 0.2247 0.025 0.0416 
1 0.3539 0.2559 0.025 0.0513 
1 0.3969 0.267 0.0225 0.043 
1 0.3716 0.2372 0.0217 0.0333 
1 0.3981 0.2344 0.0201 0.0388 
1 0.4122 0.2032 0.0177 0.0374 
1 0.4412 0.2219 0.0209 0.0388 
1 0.471 0.2358 0.0274 0.0499 
1 0.5133 0.1852 0.0217 0.0458 
1 0.4541 0.1748 0.0161 0.0305 
1 0.4416 0.1713 0.0137 0.0319 
1 0.4593 0.154 0.0169 0.0333 
1 0.4706 0.1456 0.0169 0.025 
1 0.5121 0.1269 0.0129 0.0236 
1 0.5258 0.1477 0.0129 0.0291 
1 0.535 0.1352 0.0121 0.0236 
1 0.5499 0.1616 0.0177 0.0402 
1 0.56 0.1401 0.0153 0.0277 
1 0.5705 0.1283 0.0137 0.0291 
1 0.5845 0.1623 0.0177 0.0361 
1 0.5902 0.129 0.0161 0.025 
1 0.5982 0.1137 0.0145 0.025 
1 0.6159 0.1477 0.0193 0.0402 
1 0.6167 0.1186 0.0161 0.0264 
1 0.6365 0.1117 0.0169 0.0291 
1 0.6457 0.0964 0.0145 0.0319 
1 0.6546 0.1117 0.0145 0.0291 
1 0.6534 0.138 0.0137 0.0291 
1 0.6719 0.1214 0.0153 0.0291 
1 0.7001 0.1075 0.0169 0.0319 
1 0.5499 0.3058 0.0258 0.0624 
1 0.566 0.2524 0.0258 0.0416 
1 0.6115 0.2171 0.0266 0.0458 
1 0.6131 0.258 0.0298 0.0583 
1 0.6369 0.3121 0.0322 0.0666 
1 0.6534 0.2691 0.0282 0.0527 
1 0.6634 0.2261 0.0274 0.0527 
1 0.6856 0.1928 0.025 0.0444 
1 0.7158 0.2205 0.0242 0.0499 
1 0.723 0.1727 0.0209 0.043 
1 0.7407 0.1879 0.0258 0.0485 
1 0.7593 0.1734 0.0209 0.0444 
1 0.7601 0.1394 0.0177 0.0319 
1 0.7814 0.1047 0.0153 0.0347 
1 0.7955 0.1519 0.0177 0.0374 
1 0.7911 0.1976 0.0153 0.0347 
1 0.7806 0.2316 0.0266 0.0416 
1 0.7774 0.2857 0.0282 0.0555 
1 0.8084 0.396 0.0386 0.0818 
1 0.8965 0.4196 0.0362 0.0735 
1 0.8752 0.3183 0.0322 0.0707 
1 0.9151 0.3454 0.0362 0.0638 
1 0.9134 0.2767 0.0266 0.0541 
1 0.9336 0.2476 0.0217 0.0569 
1 0.8772 0.2545 0.025 0.043 
1 0.8253 0.2372 0.0209 0.0472 
1 0.8337 0.2178 0.0233 0.0444 
1 0.8221 0.1644 0.0161 0.0374 
1 0.8072 0.1893 0.0185 0.0402 
1 0.82 0.1214 0.0185 0.0374 
1 0.8527 0.129 0.0161 0.0305 
1 0.874 0.1415 0.0137 0.0277 
1 0.8639 0.172 0.0161 0.0305 
1 0.8514 0.1928 0.0185 0.0416 
1 0.88 0.2205 0.0161 0.0305 
1 0.9022 0.1803 0.0153 0.0416 
1 0.909 0.1422 0.0209 0.0374 
