1 0.1521 0.402 0.0426 0.0784 
1 0.2935 0.2584 0.0197 0.0378 
1 0.3329 0.2465 0.0229 0.042 
1 0.3314 0.2115 0.0181 0.0308 
1 0.3483 0.2073 0.0158 0.0364 
1 0.3656 0.2122 0.0158 0.035 
1 0.3775 0.222 0.0173 0.035 
1 0.3857 0.2549 0.0181 0.0448 
1 0.3613 0.2521 0.0165 0.0308 
1 0.3964 0.2178 0.0142 0.0322 
1 0.4291 0.2199 0.0181 0.0364 
1 0.4232 0.2528 0.0205 0.0378 
1 0.4476 0.1856 0.0126 0.0294 
1 0.4208 0.1926 0.0158 0.035 
1 0.4507 0.166 0.0142 0.0266 
1 0.4578 0.1408 0.0126 0.0266 
1 0.474 0.1415 0.0134 0.028 
1 0.4779 0.1765 0.0181 0.028 
1 0.4984 0.1772 0.015 0.035 
1 0.4807 0.215 0.0221 0.0406 
1 0.5083 0.1548 0.0126 0.0294 
1 0.5181 0.1225 0.0118 0.0238 
1 0.5319 0.138 0.0126 0.0238 
1 0.5477 0.1618 0.0173 0.0406 
1 0.5335 0.1246 0.0126 0.0168 
1 0.5516 0.1296 0.0126 0.035 
1 0.5591 0.1176 0.015 0.0336 
1 0.5776 0.1527 0.0173 0.0336 
1 0.5835 0.1317 0.015 0.0308 
1 0.5859 0.1127 0.0118 0.0266 
1 0.6048 0.1415 0.015 0.0336 
1 0.6072 0.1218 0.0165 0.0308 
1 0.6131 0.1106 0.0095 0.0252 
1 0.6162 0.0973 0.0095 0.0238 
1 0.6288 0.119 0.0142 0.0308 
1 0.6446 0.1303 0.0158 0.0336 
1 0.6489 0.0917 0.0118 0.0238 
1 0.6615 0.105 0.0102 0.0224 
1 0.6631 0.1282 0.0118 0.0266 
1 0.6903 0.0959 0.0126 0.0294 
1 0.5595 0.2304 0.0252 0.049 
1 0.5362 0.2787 0.0276 0.0616 
1 0.5871 0.3144 0.0299 0.0546 
1 0.6154 0.236 0.0221 0.0462 
1 0.6261 0.1905 0.0181 0.0364 
1 0.6517 0.2234 0.0205 0.0462 
1 0.6812 0.2416 0.0244 0.0518 
1 0.6761 0.1863 0.0173 0.0392 
1 0.7029 0.1408 0.0126 0.0294 
1 0.7128 0.1597 0.015 0.0336 
1 0.7238 0.1765 0.0213 0.0476 
1 0.7049 0.2367 0.0229 0.0504 
1 0.7455 0.1373 0.0158 0.0336 
1 0.7273 0.131 0.0158 0.0266 
1 0.751 0.1709 0.0173 0.0364 
1 0.7778 0.1464 0.0142 0.0294 
1 0.7679 0.1338 0.0087 0.021 
1 0.775 0.1218 0.0102 0.0224 
1 0.8002 0.1197 0.015 0.0294 
1 0.7561 0.2248 0.0229 0.035 
1 0.7431 0.2451 0.0236 0.0448 
1 0.7565 0.3053 0.0252 0.0588 
1 0.8322 0.341 0.0284 0.0798 
1 0.8369 0.306 0.0284 0.0546 
1 0.8093 0.2395 0.0205 0.0448 
1 0.8227 0.1996 0.0158 0.0406 
1 0.7896 0.18 0.0205 0.0378 
1 0.8128 0.1457 0.0118 0.0336 
1 0.8215 0.1296 0.0134 0.0294 
1 0.8306 0.1197 0.011 0.0238 
1 0.8455 0.1562 0.0142 0.0294 
1 0.8396 0.1807 0.0134 0.0364 
1 0.842 0.2402 0.0213 0.0462 
1 0.8716 0.4041 0.0331 0.091 
1 0.9027 0.3529 0.0276 0.07 
1 0.8948 0.2997 0.0213 0.0364 
1 0.8692 0.2122 0.0173 0.0406 
1 0.8861 0.1772 0.015 0.035 
1 0.8956 0.1527 0.015 0.0336 
1 0.8566 0.1401 0.0142 0.0336 
1 0.8637 0.1303 0.0142 0.028 
1 0.8995 0.1275 0.015 0.0252 
1 0.9141 0.2227 0.0205 0.0504 
1 0.9279 0.1954 0.0165 0.0294 
1 0.9251 0.1569 0.0142 0.0336 
1 0.9377 0.1562 0.0126 0.0294 
