1 0.0883 0.4778 0.07 0.1289 
1 0.2717 0.5244 0.11 0.1956 
1 0.34 0.2622 0.08 0.1422 
1 0.2317 0.3822 0.05 0.0622 
1 0.17 0.3689 0.04 0.0622 
1 0.1267 0.3689 0.04 0.0533 
1 0.0867 0.3489 0.0333 0.0667 
1 0.0217 0.3444 0.0233 0.0489 
1 0.485 0.4711 0.0567 0.1067 
1 0.54 0.4178 0.0467 0.08 
1 0.5117 0.3889 0.03 0.0578 
1 0.425 0.3867 0.0367 0.0711 
1 0.725 0.5222 0.09 0.1289 
1 0.7383 0.4222 0.0567 0.1067 
1 0.855 0.5289 0.07 0.1156 
1 0.8517 0.4556 0.05 0.0667 
1 0.915 0.4889 0.0633 0.0889 
1 0.9417 0.4311 0.0367 0.0622 
1 0.8933 0.4333 0.04 0.0667 
1 0.8183 0.4111 0.0367 0.0578 
1 0.685 0.4289 0.0367 0.0578 
1 0.6083 0.4356 0.05 0.0711 
1 0.5733 0.3956 0.0333 0.0622 
1 0.5967 0.3689 0.04 0.0533 
1 0.6317 0.3933 0.0367 0.0578 
1 0.635 0.3578 0.0433 0.0578 
1 0.6833 0.3733 0.04 0.0533 
1 0.555 0.3533 0.0233 0.0489 
1 0.4633 0.3556 0.0267 0.0356 
1 0.4033 0.3333 0.02 0.0356 
