1 0.0582 0.5461 0.0436 0.0804 
1 0.1627 0.6042 0.0745 0.1369 
1 0.2527 0.5685 0.0364 0.0655 
1 0.2755 0.5565 0.0345 0.0655 
1 0.3609 0.5908 0.06 0.0923 
1 0.3882 0.5565 0.0418 0.0595 
1 0.4291 0.5491 0.0182 0.0387 
1 0.4691 0.5 0.0218 0.0417 
1 0.4818 0.5893 0.0436 0.0893 
1 0.52 0.683 0.0836 0.1637 
1 0.59 0.5982 0.0455 0.0655 
1 0.5891 0.5476 0.0291 0.0476 
1 0.6036 0.503 0.0182 0.0357 
1 0.6109 0.5506 0.0218 0.0417 
1 0.6309 0.5461 0.0182 0.0327 
1 0.6455 0.5491 0.0291 0.0565 
1 0.6873 0.5759 0.04 0.0744 
1 0.7127 0.4896 0.0182 0.0446 
1 0.7364 0.5446 0.0218 0.0417 
1 0.7536 0.5491 0.0236 0.0387 
1 0.7673 0.5774 0.0291 0.0595 
1 0.7827 0.5536 0.02 0.0417 
1 0.7991 0.5685 0.0236 0.0417 
1 0.8345 0.5714 0.0291 0.0476 
1 0.7055 0.6905 0.0618 0.125 
1 0.8509 0.6488 0.0545 0.1071 
1 0.9127 0.622 0.0473 0.1012 
1 0.9482 0.6071 0.0455 0.0714 
1 0.9345 0.5045 0.0218 0.0506 
1 0.9882 0.6086 0.0236 0.0685 
