1 0.129 0.4795 0.042 0.082 
1 0.169 0.5442 0.054 0.0915 
1 0.226 0.5694 0.06 0.0978 
1 0.249 0.4968 0.042 0.0852 
1 0.345 0.4795 0.038 0.0694 
1 0.329 0.6262 0.074 0.1356 
1 0.452 0.6845 0.084 0.1514 
1 0.573 0.8754 0.106 0.2177 
1 0.765 0.7098 0.07 0.1136 
1 0.813 0.6356 0.062 0.1104 
1 0.861 0.5741 0.054 0.0946 
1 0.914 0.5552 0.044 0.0757 
1 0.914 0.5158 0.032 0.0536 
1 0.94 0.4984 0.028 0.0568 
1 0.928 0.47 0.032 0.0568 
1 0.945 0.4511 0.022 0.0505 
1 0.954 0.4937 0.04 0.0599 
1 0.892 0.4322 0.016 0.0379 
1 0.867 0.4543 0.026 0.0379 
1 0.84 0.4353 0.02 0.0379 
1 0.807 0.4416 0.022 0.0442 
1 0.798 0.4243 0.02 0.041 
1 0.759 0.4385 0.026 0.0568 
1 0.717 0.4274 0.022 0.041 
1 0.716 0.4038 0.02 0.0315 
1 0.672 0.4196 0.024 0.0442 
1 0.64 0.418 0.024 0.0473 
1 0.627 0.4227 0.026 0.0442 
1 0.58 0.4353 0.02 0.0442 
1 0.534 0.4401 0.024 0.0473 
1 0.474 0.4401 0.028 0.0536 
1 0.404 0.4606 0.036 0.0694 
