1 0.1766 0.4665 0.0475 0.0934 
1 0.2308 0.334 0.015 0.0321 
1 0.2585 0.3417 0.0198 0.0418 
1 0.2874 0.302 0.0174 0.0377 
1 0.2807 0.3703 0.0214 0.0432 
1 0.3321 0.3563 0.0198 0.046 
1 0.3511 0.3166 0.0166 0.0335 
1 0.3492 0.2901 0.0174 0.0307 
1 0.3876 0.3187 0.0135 0.0349 
1 0.403 0.3285 0.0206 0.0377 
1 0.4026 0.295 0.0166 0.0349 
1 0.399 0.2727 0.0158 0.0265 
1 0.3899 0.2552 0.015 0.0307 
1 0.4315 0.3006 0.0206 0.0432 
1 0.4208 0.2615 0.015 0.0293 
1 0.4363 0.2629 0.0158 0.0349 
1 0.4648 0.2957 0.0158 0.0279 
1 0.4624 0.2587 0.0158 0.0321 
1 0.4513 0.2448 0.0143 0.0265 
1 0.4596 0.2343 0.0135 0.0251 
1 0.4913 0.3138 0.0198 0.0391 
1 0.4873 0.2664 0.0166 0.0335 
1 0.4972 0.2524 0.0127 0.0251 
1 0.5075 0.2762 0.0158 0.0335 
1 0.5091 0.2413 0.0127 0.0307 
1 0.5218 0.2448 0.0158 0.0377 
1 0.555 0.219 0.0127 0.0251 
1 0.5614 0.2364 0.0143 0.0265 
1 0.5669 0.2559 0.0127 0.0321 
1 0.5903 0.2392 0.0119 0.0293 
1 0.5887 0.2197 0.0119 0.0237 
1 0.5998 0.2043 0.0135 0.0265 
1 0.612 0.2162 0.0127 0.0251 
1 0.6247 0.2469 0.0143 0.0307 
1 0.6512 0.2106 0.015 0.0307 
1 0.6572 0.2273 0.0127 0.0279 
1 0.6683 0.2252 0.0127 0.0293 
1 0.5245 0.355 0.0261 0.0572 
1 0.4956 0.3759 0.0269 0.0628 
1 0.5368 0.3968 0.0301 0.0516 
1 0.5788 0.3801 0.0285 0.0544 
1 0.5827 0.3257 0.0206 0.046 
1 0.5424 0.2768 0.0158 0.0321 
1 0.5998 0.4212 0.0261 0.0614 
1 0.6251 0.4526 0.0372 0.0739 
1 0.6512 0.3647 0.0261 0.0488 
1 0.631 0.3354 0.0238 0.046 
1 0.618 0.302 0.0198 0.0432 
1 0.6532 0.2768 0.019 0.0377 
1 0.6774 0.3487 0.0214 0.0586 
1 0.6892 0.507 0.0404 0.0823 
1 0.7063 0.3975 0.0301 0.0558 
1 0.766 0.4198 0.0293 0.0558 
1 0.7807 0.4909 0.0348 0.0669 
1 0.8242 0.4344 0.0253 0.0628 
1 0.8373 0.3703 0.0245 0.0516 
1 0.7933 0.3577 0.0238 0.0488 
1 0.8959 0.4616 0.0325 0.0642 
1 0.8892 0.3919 0.0269 0.053 
1 0.9018 0.3508 0.019 0.0404 
1 0.8757 0.3257 0.0222 0.046 
1 0.8444 0.3326 0.0198 0.0432 
1 0.8163 0.304 0.0222 0.0446 
1 0.7918 0.2992 0.019 0.0377 
1 0.7961 0.2734 0.0182 0.0363 
1 0.7906 0.2462 0.0166 0.0321 
1 0.7633 0.2615 0.0158 0.0321 
1 0.7597 0.2364 0.015 0.0293 
1 0.7395 0.2831 0.0174 0.0391 
1 0.7308 0.2629 0.0127 0.0293 
1 0.7458 0.2608 0.0127 0.0307 
1 0.73 0.2322 0.0143 0.0321 
1 0.7102 0.2497 0.0158 0.0335 
1 0.694 0.302 0.0198 0.0377 
1 0.6873 0.2497 0.0158 0.0335 
1 0.8191 0.2573 0.015 0.0349 
1 0.8306 0.2706 0.0143 0.0363 
1 0.8492 0.2559 0.0135 0.0377 
1 0.8678 0.2741 0.0174 0.0377 
1 0.9054 0.3054 0.015 0.0279 
1 0.9093 0.2796 0.0135 0.0237 
