1 0.1276 0.5613 0.0483 0.1166 
1 0.1362 0.8666 0.0621 0.1012 
1 0.3672 0.6043 0.0552 0.1166 
1 0.4724 0.5414 0.0517 0.1012 
1 0.406 0.3988 0.0431 0.0859 
1 0.3534 0.2868 0.0379 0.0706 
1 0.3155 0.1748 0.0345 0.0552 
1 0.294 0.138 0.0259 0.0429 
1 0.2724 0.0475 0.0241 0.046 
1 0.2233 0.1074 0.0293 0.0491 
1 0.2526 0.184 0.0293 0.0613 
1 0.2741 0.2653 0.031 0.0644 
1 0.2957 0.4586 0.0431 0.0767 
1 0.1379 0.3252 0.0345 0.0675 
1 0.1586 0.2607 0.0276 0.0552 
1 0.1457 0.1764 0.0259 0.0521 
1 0.1586 0.1135 0.0241 0.0368 
1 0.3422 0.0567 0.0224 0.0337 
1 0.3698 0.1242 0.0293 0.046 
1 0.4267 0.1641 0.0328 0.0644 
1 0.4233 0.0767 0.019 0.0491 
1 0.4698 0.0721 0.019 0.0399 
1 0.4534 0.1181 0.0207 0.046 
1 0.4897 0.181 0.0276 0.0552 
1 0.5129 0.1181 0.0224 0.046 
1 0.5052 0.0828 0.0172 0.0368 
1 0.55 0.1212 0.0172 0.046 
1 0.5543 0.1718 0.0224 0.0429 
1 0.5974 0.1779 0.0224 0.0429 
1 0.669 0.1733 0.0276 0.0521 
1 0.6414 0.2807 0.0345 0.0521 
1 0.6405 0.227 0.0224 0.0491 
1 0.55 0.2868 0.031 0.0644 
1 0.4862 0.2745 0.0345 0.0644 
1 0.5336 0.3681 0.0328 0.0798 
1 0.6259 0.3865 0.0414 0.0859 
1 0.6957 0.2975 0.0259 0.0429 
1 0.7302 0.2485 0.019 0.0491 
1 0.7681 0.2715 0.019 0.0399 
1 0.7638 0.4126 0.031 0.0644 
1 0.8198 0.3666 0.0259 0.0583 
1 0.8647 0.4264 0.0293 0.0613 
1 0.944 0.5245 0.0259 0.0613 
1 0.8491 0.4969 0.0224 0.0613 
1 0.8095 0.5215 0.0293 0.0613 
1 0.7241 0.5215 0.031 0.0798 
1 0.6336 0.5752 0.0362 0.0828 
1 0.894 0.7224 0.0534 0.1074 
