1 0.0933 0.4334 0.0578 0.0799 
1 0.1822 0.4956 0.0756 0.1095 
1 0.23 0.4956 0.0689 0.1036 
1 0.3567 0.5503 0.1178 0.1538 
1 0.3933 0.4541 0.0444 0.068 
1 0.3411 0.3506 0.0422 0.0562 
1 0.5133 0.4867 0.0533 0.074 
1 0.6022 0.4467 0.0356 0.0592 
1 0.6644 0.503 0.0756 0.0947 
1 0.63 0.5015 0.0422 0.068 
1 0.6433 0.4453 0.0333 0.0503 
1 0.5944 0.8861 0.26 0.2278 
1 0.71 0.4645 0.0644 0.071 
1 0.7711 0.4719 0.0667 0.0976 
1 0.8211 0.4601 0.0378 0.068 
1 0.8689 0.4852 0.0889 0.1302 
1 0.9656 0.5237 0.0689 0.1124 
1 0.9722 0.4749 0.0556 0.0858 
