1 0.1945 0.6219 0.0582 0.1187 
1 0.2518 0.5453 0.0527 0.1031 
1 0.3055 0.5906 0.0473 0.0938 
1 0.3736 0.5594 0.0491 0.1062 
1 0.4682 0.6 0.0527 0.1125 
1 0.5727 0.6672 0.0582 0.1094 
1 0.6745 0.5719 0.0509 0.125 
1 0.7991 0.3328 0.0491 0.1031 
1 0.8473 0.2891 0.0473 0.1094 
1 0.9045 0.2984 0.06 0.1156 
1 0.75 0.3031 0.0491 0.1 
1 0.7364 0.2359 0.0473 0.0906 
1 0.6909 0.2844 0.0545 0.1187 
1 0.6409 0.2453 0.0455 0.0844 
1 0.5918 0.2859 0.0491 0.1031 
1 0.5482 0.2453 0.0527 0.1031 
1 0.5073 0.3016 0.0582 0.1031 
1 0.4509 0.2484 0.0473 0.0969 
1 0.4009 0.2953 0.0491 0.0969 
1 0.3473 0.3063 0.0436 0.075 
1 0.2964 0.3422 0.0473 0.0844 
1 0.2591 0.3047 0.0345 0.0781 
1 0.2227 0.3297 0.0455 0.0969 
1 0.13 0.3359 0.0527 0.1031 
