1 0.1067 0.7071 0.0942 0.15 
1 0.2783 0.6705 0.0513 0.0768 
1 0.149 0.7402 0.0548 0.1125 
1 0.3558 0.7518 0.0822 0.1286 
1 0.4058 0.6366 0.0465 0.0804 
1 0.472 0.6518 0.0596 0.0821 
1 0.4553 0.5045 0.0381 0.0696 
1 0.5715 0.6589 0.0513 0.0857 
1 0.5769 0.8027 0.1168 0.1875 
1 0.3981 0.9054 0.1478 0.1357 
1 0.6406 0.7089 0.0727 0.1179 
1 0.5882 0.6286 0.0393 0.0643 
1 0.6585 0.6152 0.0489 0.0804 
1 0.7187 0.6241 0.0501 0.0804 
1 0.7676 0.6804 0.0644 0.0964 
1 0.7557 0.6134 0.0334 0.0518 
1 0.795 0.6125 0.0429 0.0714 
1 0.8123 0.5643 0.0369 0.0536 
1 0.9094 0.5848 0.0381 0.0625 
1 0.9237 0.642 0.0381 0.0768 
1 0.9583 0.6277 0.0477 0.1411 
