1 0.3583 0.9197 0.1629 0.1605 
1 0.1886 0.7191 0.0871 0.1137 
1 0.1462 0.5886 0.0558 0.087 
1 0.1027 0.5418 0.0357 0.0669 
1 0.0134 0.4866 0.0223 0.0368 
1 0.0513 0.4682 0.0268 0.0401 
1 0.0781 0.495 0.0223 0.0401 
1 0.0949 0.5 0.0246 0.0435 
1 0.1161 0.4732 0.0223 0.0368 
1 0.125 0.4933 0.0268 0.0502 
1 0.1507 0.5017 0.0246 0.0401 
1 0.1897 0.5184 0.0268 0.0535 
1 0.2321 0.5435 0.0402 0.0702 
1 0.2891 0.587 0.0558 0.0836 
1 0.279 0.4816 0.0223 0.0334 
1 0.3013 0.4783 0.0223 0.0401 
1 0.3359 0.4833 0.0246 0.0435 
1 0.3683 0.5 0.0268 0.0502 
1 0.3806 0.4732 0.0246 0.0368 
1 0.3583 0.4097 0.0201 0.0368 
1 0.4062 0.4615 0.0223 0.0268 
1 0.4074 0.4916 0.0156 0.0401 
1 0.4252 0.4916 0.029 0.0468 
1 0.4431 0.5151 0.029 0.0468 
1 0.4565 0.4833 0.0201 0.0301 
1 0.49 0.4615 0.0246 0.0401 
1 0.5 0.4766 0.0223 0.0368 
1 0.519 0.4967 0.029 0.0502 
1 0.5279 0.5217 0.029 0.0468 
1 0.4978 0.5468 0.0446 0.0702 
1 0.442 0.7408 0.0804 0.1438 
1 0.6004 0.8027 0.1295 0.2074 
1 0.6417 0.6187 0.0558 0.0936 
1 0.615 0.5585 0.0424 0.0669 
1 0.5826 0.5033 0.0357 0.0635 
1 0.5502 0.4833 0.0335 0.0435 
1 0.5536 0.4699 0.0223 0.0368 
1 0.577 0.4615 0.029 0.0468 
1 0.6038 0.4766 0.0156 0.0301 
1 0.6194 0.4866 0.0201 0.0435 
1 0.6339 0.5067 0.0312 0.0502 
1 0.6708 0.495 0.0246 0.0468 
1 0.702 0.5602 0.0424 0.0702 
1 0.7344 0.5134 0.0402 0.0502 
1 0.7154 0.4866 0.0246 0.0368 
1 0.7478 0.4766 0.0268 0.0435 
1 0.7891 0.51 0.029 0.0435 
1 0.7556 0.5017 0.029 0.0468 
1 0.8292 0.5769 0.0513 0.0903 
1 0.8426 0.4967 0.029 0.0368 
1 0.8806 0.5385 0.0469 0.087 
1 0.9163 0.5067 0.0335 0.0502 
1 0.9576 0.4833 0.0357 0.0502 
