1 0.191 0.4696 0.0438 0.0841 
1 0.2866 0.2272 0.0199 0.0358 
1 0.3353 0.2182 0.0179 0.0358 
1 0.3517 0.2504 0.0189 0.0429 
1 0.4353 0.2522 0.0269 0.0465 
1 0.3751 0.2818 0.0239 0.0411 
1 0.3254 0.1995 0.0159 0.0304 
1 0.3463 0.1932 0.0159 0.0358 
1 0.3811 0.1896 0.0159 0.0358 
1 0.391 0.2013 0.0179 0.0411 
1 0.4438 0.2129 0.0199 0.0465 
1 0.4189 0.1503 0.0179 0.0286 
1 0.4348 0.1682 0.0159 0.0394 
1 0.4463 0.1547 0.0149 0.034 
1 0.4692 0.1691 0.0189 0.0376 
1 0.4746 0.2129 0.0239 0.0465 
1 0.5139 0.2191 0.0229 0.0447 
1 0.5119 0.1798 0.0209 0.0376 
1 0.4741 0.1369 0.0129 0.0268 
1 0.4886 0.1458 0.0119 0.0376 
1 0.4945 0.1243 0.0159 0.0268 
1 0.5075 0.1422 0.0179 0.0376 
1 0.5358 0.1592 0.0169 0.0322 
1 0.5557 0.1932 0.0249 0.0394 
1 0.5856 0.1771 0.0189 0.0322 
1 0.5806 0.1476 0.0149 0.0304 
1 0.5716 0.1485 0.0109 0.0286 
1 0.5597 0.1377 0.0109 0.0215 
1 0.5612 0.1619 0.0159 0.0304 
1 0.5468 0.1324 0.0149 0.0286 
1 0.5239 0.1279 0.0169 0.0304 
1 0.5791 0.1163 0.0139 0.0322 
1 0.591 0.1181 0.01 0.0286 
1 0.601 0.1458 0.0159 0.0304 
1 0.6214 0.1538 0.0169 0.0358 
1 0.6164 0.1216 0.0169 0.0286 
1 0.6378 0.1163 0.0139 0.0286 
1 0.6547 0.1342 0.0139 0.0322 
1 0.6597 0.1002 0.0159 0.0286 
1 0.6741 0.1172 0.0129 0.0304 
1 0.6876 0.1199 0.0119 0.0286 
1 0.698 0.1002 0.0129 0.025 
1 0.7164 0.1011 0.0159 0.034 
1 0.5244 0.2746 0.0318 0.0698 
1 0.5468 0.2889 0.0269 0.0626 
1 0.5776 0.2361 0.0289 0.0501 
1 0.6 0.3435 0.0338 0.0644 
1 0.6274 0.2701 0.0289 0.0501 
1 0.6388 0.2138 0.0199 0.0447 
1 0.6836 0.2818 0.0279 0.0626 
1 0.702 0.3157 0.0308 0.0698 
1 0.6891 0.1735 0.0229 0.0429 
1 0.71 0.1896 0.0229 0.0465 
1 0.7343 0.2299 0.0199 0.0519 
1 0.7502 0.2048 0.0179 0.0447 
1 0.7612 0.1816 0.0179 0.034 
1 0.7303 0.1431 0.0179 0.0394 
1 0.7582 0.1404 0.0159 0.034 
1 0.7711 0.1592 0.0179 0.0394 
1 0.7672 0.127 0.0139 0.025 
1 0.791 0.1324 0.0179 0.0358 
1 0.8169 0.1538 0.0179 0.0358 
1 0.7751 0.2433 0.0259 0.0537 
1 0.797 0.2522 0.0279 0.0537 
1 0.803 0.2218 0.0219 0.0429 
1 0.7139 0.2907 0.0269 0.0483 
1 0.7826 0.4016 0.0348 0.0769 
1 0.8284 0.415 0.0348 0.0716 
1 0.903 0.4258 0.0348 0.0823 
1 0.9174 0.3569 0.0279 0.0662 
1 0.9343 0.3104 0.0259 0.059 
1 0.9323 0.2352 0.0219 0.0483 
1 0.89 0.2397 0.0189 0.0429 
1 0.8682 0.2835 0.0249 0.0519 
1 0.8458 0.3292 0.0318 0.0644 
1 0.797 0.3175 0.0279 0.0626 
