1 0.1665 0.4657 0.0596 0.1154 
1 0.3408 0.2149 0.0193 0.0452 
1 0.3491 0.1898 0.0174 0.0318 
1 0.3431 0.1781 0.0165 0.0351 
1 0.4147 0.1973 0.0202 0.0435 
1 0.4477 0.2107 0.022 0.0435 
1 0.4849 0.2132 0.0193 0.0452 
1 0.4807 0.1656 0.0202 0.0401 
1 0.4518 0.1714 0.0174 0.0351 
1 0.4523 0.1405 0.0165 0.0368 
1 0.428 0.1421 0.0156 0.0301 
1 0.4229 0.1714 0.0183 0.0385 
1 0.4803 0.1371 0.0156 0.0268 
1 0.5073 0.1388 0.0147 0.0301 
1 0.5413 0.1798 0.0202 0.0385 
1 0.5344 0.1513 0.0174 0.0385 
1 0.517 0.1246 0.0138 0.0251 
1 0.4995 0.1112 0.0156 0.0217 
1 0.5298 0.112 0.0138 0.0334 
1 0.544 0.1204 0.0128 0.0234 
1 0.5638 0.1488 0.0174 0.0368 
1 0.5881 0.1589 0.0183 0.0368 
1 0.6018 0.1363 0.0147 0.0351 
1 0.5899 0.1012 0.011 0.0251 
1 0.6064 0.1079 0.0128 0.0284 
1 0.6055 0.0903 0.0128 0.0234 
1 0.6174 0.1045 0.0147 0.0284 
1 0.6239 0.1405 0.0183 0.0368 
1 0.6372 0.0903 0.0138 0.0301 
1 0.6601 0.0962 0.0156 0.0351 
1 0.6555 0.1279 0.0156 0.0351 
1 0.6794 0.1137 0.0101 0.0234 
1 0.6894 0.1137 0.0156 0.0368 
1 0.7087 0.1154 0.0119 0.0301 
1 0.6225 0.189 0.0211 0.0502 
1 0.5771 0.2408 0.022 0.0502 
1 0.5546 0.2834 0.0303 0.0686 
1 0.5234 0.2659 0.0321 0.0602 
1 0.6069 0.2985 0.0358 0.0786 
1 0.6289 0.2391 0.0248 0.0535 
1 0.672 0.2441 0.0266 0.0468 
1 0.6697 0.2048 0.0202 0.0452 
1 0.6688 0.1747 0.0183 0.0418 
1 0.6821 0.3236 0.0413 0.0853 
1 0.7615 0.3336 0.0367 0.0786 
1 0.7009 0.1957 0.022 0.0435 
1 0.7206 0.2224 0.0266 0.0502 
1 0.7101 0.1538 0.0183 0.0334 
1 0.7252 0.1246 0.0174 0.0351 
1 0.7472 0.163 0.0156 0.0385 
1 0.7573 0.1355 0.0193 0.0368 
1 0.7573 0.1095 0.0156 0.0284 
1 0.7706 0.1095 0.011 0.0318 
1 0.7789 0.1288 0.0147 0.0334 
1 0.7757 0.1747 0.0174 0.0418 
1 0.7908 0.2023 0.022 0.0435 
1 0.7739 0.2759 0.0284 0.0669 
1 0.8367 0.3503 0.0349 0.0786 
1 0.811 0.2651 0.0257 0.0585 
1 0.8133 0.158 0.0156 0.0318 
1 0.8161 0.1923 0.0174 0.0435 
1 0.8408 0.2316 0.0248 0.0518 
1 0.8555 0.2935 0.0229 0.0585 
1 0.8642 0.2751 0.0183 0.0518 
1 0.8523 0.1773 0.0165 0.0435 
1 0.8339 0.1664 0.0165 0.0452 
1 0.8417 0.1455 0.0156 0.0334 
1 0.8706 0.1706 0.0147 0.0368 
1 0.8771 0.1446 0.0147 0.0351 
1 0.8899 0.1463 0.0128 0.0351 
1 0.8922 0.1906 0.0174 0.0435 
1 0.8849 0.2216 0.0174 0.0552 
1 0.9032 0.1773 0.0138 0.0368 
1 0.911 0.163 0.0147 0.0385 
1 0.917 0.3311 0.0248 0.0736 
1 0.9303 0.2993 0.0257 0.0535 
1 0.9307 0.2416 0.0193 0.0518 
1 0.9495 0.2015 0.0147 0.0385 
1 0.9445 0.1622 0.0193 0.0401 
