1 0.0556 0.2553 0.0189 0.036 
1 0.0781 0.2383 0.0166 0.0275 
1 0.1627 0.3051 0.0367 0.089 
1 0.1669 0.4502 0.0379 0.0869 
1 0.3331 0.1547 0.0201 0.0297 
1 0.5284 0.1515 0.0225 0.0487 
1 0.4627 0.1737 0.0213 0.0381 
1 0.629 0.2013 0.0249 0.0551 
1 0.5651 0.0593 0.013 0.0254 
1 0.5923 0.0604 0.013 0.0275 
1 0.613 0.0636 0.0166 0.0254 
1 0.742 0.0763 0.0142 0.0339 
1 0.7982 0.0964 0.0154 0.036 
1 0.9071 0.1684 0.013 0.0318 
1 0.9385 0.1907 0.0118 0.0297 
1 0.9278 0.2383 0.0189 0.036 
1 0.9302 0.1727 0.0071 0.0233 
