1 0.023 0.4598 0.0328 0.0586 
1 0.2303 0.3297 0.014 0.0327 
1 0.2566 0.3556 0.0189 0.0463 
1 0.2828 0.3052 0.0172 0.0327 
1 0.2935 0.3535 0.0172 0.0395 
1 0.3337 0.3474 0.0205 0.0463 
1 0.3522 0.3188 0.0164 0.03 
1 0.3547 0.2813 0.0148 0.0259 
1 0.3834 0.3236 0.0148 0.0368 
1 0.4097 0.3311 0.0197 0.0354 
1 0.4655 0.3951 0.0279 0.0545 
1 0.4495 0.3311 0.0222 0.0381 
1 0.5427 0.3931 0.0263 0.0422 
1 0.5936 0.4285 0.0263 0.0559 
1 0.6556 0.4353 0.0238 0.0613 
1 0.7053 0.4639 0.0328 0.0749 
1 0.8198 0.4843 0.0287 0.0613 
1 0.9085 0.453 0.0255 0.0613 
1 0.8456 0.4619 0.0263 0.0545 
1 0.7828 0.4169 0.0287 0.0599 
1 0.7188 0.404 0.0238 0.045 
1 0.6539 0.3665 0.0189 0.0463 
1 0.5324 0.3433 0.0222 0.0409 
1 0.5029 0.3079 0.0156 0.0354 
1 0.3892 0.2609 0.0148 0.0259 
1 0.4089 0.2609 0.0131 0.0259 
1 0.4273 0.2384 0.0123 0.0218 
1 0.4454 0.2575 0.0156 0.03 
1 0.4758 0.2595 0.014 0.0313 
1 0.5029 0.2589 0.0123 0.0272 
1 0.5156 0.2691 0.0131 0.0313 
1 0.5259 0.2459 0.0123 0.0286 
1 0.5435 0.2473 0.0197 0.0232 
1 0.5616 0.2704 0.0148 0.0341 
1 0.58 0.2548 0.0156 0.0327 
1 0.6856 0.3597 0.0181 0.0354 
1 0.812 0.3495 0.0213 0.045 
1 0.8576 0.3597 0.0238 0.0436 
1 0.835 0.3297 0.0148 0.0354 
1 0.876 0.3467 0.0181 0.0395 
1 0.9384 0.3488 0.0181 0.0381 
1 0.6884 0.299 0.0189 0.0368 
1 0.5969 0.3311 0.023 0.0354 
1 0.6351 0.2977 0.0222 0.0395 
1 0.6609 0.2623 0.0181 0.0313 
1 0.6014 0.2473 0.0107 0.0232 
1 0.7258 0.2793 0.0164 0.03 
1 0.702 0.2466 0.0148 0.03 
1 0.7344 0.2439 0.0172 0.0327 
1 0.7779 0.28 0.014 0.0341 
1 0.8157 0.2984 0.0156 0.0354 
1 0.8506 0.2745 0.0148 0.0286 
1 0.8768 0.3011 0.0148 0.0327 
1 0.9056 0.3208 0.0181 0.0341 
1 0.8933 0.2725 0.0164 0.0272 
1 0.8736 0.2561 0.0131 0.0381 
1 0.9319 0.3025 0.0131 0.0327 
1 0.8218 0.2629 0.0131 0.0327 
1 0.7947 0.2398 0.0148 0.0327 
1 0.7808 0.2411 0.0115 0.0245 
1 0.7615 0.2282 0.014 0.0259 
1 0.6999 0.2187 0.0123 0.0286 
1 0.6088 0.203 0.009 0.0272 
1 0.5562 0.2268 0.0107 0.0313 
1 0.5722 0.2173 0.0131 0.0232 
1 0.6363 0.2193 0.0115 0.0245 
1 0.6613 0.2146 0.0123 0.0232 
1 0.6757 0.2248 0.0115 0.0245 
1 0.936 0.2779 0.0131 0.03 
1 0.5915 0.389 0.032 0.0477 
1 0.8395 0.3018 0.0172 0.0286 
1 0.8415 0.2493 0.0131 0.0272 
1 0.9175 0.3031 0.014 0.0395 
1 0.7635 0.2575 0.0131 0.0245 
1 0.5993 0.2166 0.0115 0.0272 
1 0.6236 0.2132 0.0107 0.0259 
1 0.6433 0.2371 0.0123 0.0272 
1 0.4048 0.2956 0.0131 0.0272 
1 0.4323 0.3065 0.0189 0.0327 
1 0.4659 0.3106 0.0205 0.0381 
1 0.4643 0.2384 0.0123 0.0245 
1 0.6453 0.3433 0.0197 0.0436 
