1 0.0421 0.6012 0.0798 0.2521 
1 0.129 0.5212 0.0666 0.1015 
1 0.1275 0.4488 0.0421 0.0621 
1 0.197 0.403 0.0474 0.0732 
1 0.2346 0.4696 0.0514 0.0942 
1 0.2947 0.4067 0.037 0.0736 
1 0.3466 0.427 0.05 0.104 
1 0.3662 0.3827 0.0344 0.0574 
1 0.3989 0.357 0.0281 0.0599 
1 0.6248 0.3741 0.0337 0.0625 
1 0.6458 0.3932 0.0358 0.0586 
1 0.6918 0.3878 0.0399 0.0942 
1 0.7148 0.3658 0.0296 0.0672 
1 0.7669 0.3718 0.0421 0.0672 
1 0.7956 0.4574 0.0522 0.0895 
1 0.699 0.4946 0.0611 0.1271 
1 0.8903 0.43 0.0661 0.1271 
1 0.8339 0.3921 0.0413 0.0685 
1 0.8088 0.3669 0.0296 0.0574 
1 0.9554 0.5405 0.0892 0.241 
