1 0.1098 0.2394 0.05 0.0788 
1 0.1439 0.2545 0.0576 0.0727 
1 0.1242 0.3657 0.0848 0.1212 
1 0.2174 0.3222 0.0652 0.103 
1 0.2492 0.2333 0.047 0.0667 
1 0.3902 0.3606 0.0773 0.103 
1 0.4811 0.3131 0.0682 0.1051 
1 0.4894 0.2333 0.0394 0.0545 
1 0.5068 0.1929 0.0379 0.0667 
1 0.5765 0.2475 0.0439 0.0667 
1 0.5265 0.4808 0.0742 0.1535 
1 0.6765 0.4131 0.0742 0.1192 
1 0.7242 0.2768 0.0455 0.0606 
1 0.6864 0.2364 0.0455 0.0687 
1 0.8568 0.299 0.053 0.0929 
1 0.9697 0.3768 0.0606 0.103 
1 0.972 0.3152 0.047 0.0646 
1 0.9189 0.5556 0.1045 0.1535 
1 0.8098 0.6222 0.1288 0.1778 
