1 0.0134 0.4471 0.0252 0.0796 
1 0.0721 0.4751 0.0213 0.038 
1 0.0469 0.4602 0.0118 0.0321 
1 0.0559 0.4703 0.0126 0.0238 
1 0.0926 0.5624 0.0292 0.0606 
1 0.119 0.6574 0.0552 0.0843 
1 0.1568 0.6865 0.0615 0.1306 
1 0.1801 0.5974 0.0339 0.0713 
1 0.1883 0.5546 0.0252 0.0451 
1 0.2151 0.5665 0.0284 0.0523 
1 0.3302 0.6746 0.0489 0.0831 
1 0.3164 0.63 0.0496 0.0724 
1 0.2896 0.5564 0.0213 0.0392 
1 0.3195 0.5618 0.026 0.0475 
1 0.3834 0.4495 0.0449 0.0748 
1 0.4228 0.5499 0.0229 0.0404 
1 0.4858 0.6116 0.0402 0.0689 
1 0.487 0.5665 0.0252 0.0356 
1 0.5028 0.5392 0.0252 0.0428 
1 0.5398 0.5814 0.0252 0.0392 
1 0.5611 0.6384 0.0473 0.0843 
1 0.5607 0.538 0.0229 0.038 
1 0.5792 0.5529 0.0221 0.0368 
1 0.6174 0.557 0.0307 0.0499 
1 0.6517 0.5986 0.0441 0.0618 
1 0.6769 0.5493 0.0268 0.0392 
1 0.7108 0.6087 0.0394 0.0653 
1 0.7195 0.5475 0.0252 0.0475 
1 0.7455 0.5796 0.0268 0.0451 
1 0.8306 0.5986 0.0347 0.057 
1 0.8459 0.5719 0.0292 0.0439 
1 0.9441 0.5861 0.0331 0.0511 
