1 0.082 0.4978 0.0807 0.1289 
1 0.0527 0.3922 0.056 0.0911 
1 0.0638 0.3267 0.0469 0.0844 
1 0.1868 0.3278 0.043 0.0778 
1 0.2415 0.3678 0.0508 0.0867 
1 0.2533 0.4056 0.0534 0.0956 
1 0.3542 0.4833 0.0729 0.1044 
1 0.3451 0.33 0.0443 0.0778 
1 0.3711 0.2856 0.0339 0.06 
1 0.4577 0.3622 0.043 0.0756 
1 0.3561 0.7644 0.1081 0.1956 
1 0.5228 0.5411 0.0664 0.14 
1 0.543 0.3911 0.0495 0.0933 
1 0.696 0.4411 0.056 0.1133 
1 0.7285 0.6411 0.082 0.1756 
1 0.7201 0.2211 0.0286 0.0511 
1 0.9668 0.43 0.0664 0.1044 
