1 0.2383 0.8518 0.2671 0.2867 
1 0.7338 0.6867 0.1498 0.2072 
1 0.9413 0.7048 0.1173 0.2675 
1 0.8881 0.4072 0.0469 0.0771 
1 0.9422 0.3819 0.0505 0.0699 
1 0.7283 0.3639 0.074 0.0964 
1 0.6706 0.4 0.0379 0.0482 
1 0.5866 0.3699 0.0722 0.0988 
1 0.4738 0.406 0.0523 0.0988 
1 0.426 0.4337 0.083 0.1012 
1 0.3484 0.4229 0.0578 0.094 
1 0.3881 0.3831 0.0325 0.053 
1 0.3005 0.4157 0.0451 0.0602 
1 0.1895 0.3675 0.0542 0.0699 
1 0.1552 0.4181 0.0903 0.1277 
1 0.0948 0.4169 0.0487 0.0723 
1 0.0505 0.406 0.0614 0.0795 
