1 0.08 0.3966 0.115 0.1617 
1 0.2075 0.4549 0.135 0.2256 
1 0.2313 0.2857 0.0725 0.1278 
1 0.175 0.282 0.06 0.1203 
1 0.2075 0.1823 0.07 0.109 
1 0.3837 0.2782 0.0725 0.1203 
1 0.4163 0.235 0.0575 0.109 
1 0.4738 0.391 0.1125 0.218 
1 0.5212 0.265 0.0875 0.1692 
1 0.6088 0.2538 0.0625 0.1391 
1 0.7238 0.3195 0.0875 0.1504 
1 0.695 0.25 0.055 0.1015 
1 0.7238 0.5752 0.1425 0.2406 
1 0.8825 0.5432 0.13 0.2143 
1 0.8287 0.4286 0.0825 0.1353 
1 0.9012 0.3891 0.0825 0.1466 
1 0.8488 0.2932 0.0625 0.1203 
1 0.9738 0.2594 0.0525 0.1128 
