1 0.1588 0.6425 0.145 0.2083 
1 0.0344 0.6233 0.0638 0.0967 
1 0.0525 0.485 0.0325 0.0467 
1 0.07 0.47 0.0275 0.05 
1 0.025 0.4925 0.0275 0.0383 
1 0.0344 0.4667 0.0238 0.03 
1 0.0944 0.4767 0.0262 0.0367 
1 0.1138 0.4942 0.03 0.0417 
1 0.1294 0.4783 0.0238 0.0367 
1 0.18 0.4875 0.0275 0.035 
1 0.2031 0.5258 0.0462 0.0617 
1 0.2219 0.4892 0.0362 0.0483 
1 0.2631 0.5175 0.0512 0.065 
1 0.34 0.5383 0.0475 0.07 
1 0.3137 0.625 0.0625 0.0767 
1 0.4119 0.5867 0.0612 0.0967 
1 0.3781 0.5225 0.0312 0.045 
1 0.3875 0.5058 0.0275 0.0517 
1 0.445 0.5583 0.04 0.0733 
1 0.4444 0.51 0.0413 0.06 
1 0.51 0.5333 0.035 0.05 
1 0.5294 0.6008 0.0688 0.1017 
1 0.5494 0.7333 0.1187 0.1333 
1 0.6219 0.6392 0.0938 0.1517 
1 0.5813 0.53 0.04 0.0667 
1 0.5081 0.5083 0.0312 0.04 
1 0.6075 0.5 0.03 0.0533 
1 0.66 0.5442 0.0675 0.0983 
1 0.7212 0.5792 0.0775 0.135 
1 0.6937 0.4992 0.0325 0.0383 
1 0.7619 0.51 0.0288 0.0467 
1 0.785 0.4392 0.0275 0.0417 
1 0.8037 0.5417 0.035 0.0633 
1 0.825 0.5183 0.0275 0.05 
1 0.85 0.5175 0.0275 0.0517 
