1 0.1281 0.5608 0.0448 0.11 
1 0.2226 0.2668 0.016 0.0411 
1 0.2402 0.2718 0.0144 0.0411 
1 0.2578 0.2586 0.0176 0.0443 
1 0.3094 0.2397 0.0168 0.0394 
1 0.3122 0.211 0.0192 0.0378 
1 0.3423 0.2299 0.0184 0.0361 
1 0.3679 0.2003 0.02 0.0296 
1 0.3511 0.2069 0.0152 0.0361 
1 0.4115 0.188 0.0144 0.0345 
1 0.4388 0.1691 0.0144 0.0394 
1 0.4584 0.1683 0.0152 0.0345 
1 0.472 0.1658 0.0152 0.046 
1 0.4772 0.1732 0.0176 0.0509 
1 0.5008 0.1527 0.0152 0.0361 
1 0.3735 0.2652 0.0152 0.0476 
1 0.4007 0.2479 0.0136 0.0296 
1 0.4376 0.1979 0.0152 0.0345 
1 0.4732 0.2496 0.0192 0.046 
1 0.4363 0.3128 0.0256 0.0476 
1 0.5004 0.2118 0.016 0.0328 
1 0.5188 0.1724 0.0192 0.046 
1 0.5584 0.1412 0.0136 0.0361 
1 0.6021 0.133 0.016 0.0328 
1 0.6369 0.1305 0.0152 0.0345 
1 0.5348 0.1741 0.016 0.0427 
1 0.5552 0.2209 0.0152 0.0411 
1 0.6641 0.1388 0.012 0.0312 
1 0.6617 0.1864 0.02 0.0246 
1 0.5853 0.1716 0.0176 0.0345 
1 0.5865 0.1478 0.0232 0.0296 
1 0.6926 0.1429 0.0128 0.0328 
1 0.5857 0.2069 0.0152 0.0361 
1 0.6061 0.2069 0.0144 0.0361 
1 0.6153 0.1839 0.0168 0.0427 
1 0.6914 0.1675 0.0168 0.0427 
1 0.7142 0.1585 0.0128 0.0443 
1 0.5789 0.3342 0.0208 0.0476 
1 0.6061 0.3054 0.0192 0.0657 
1 0.6601 0.2479 0.02 0.0525 
1 0.709 0.2192 0.0184 0.0411 
1 0.7818 0.1691 0.0152 0.0394 
1 0.7606 0.2003 0.0176 0.0427 
1 0.7398 0.2315 0.0224 0.0427 
1 0.5977 0.3793 0.0168 0.0493 
1 0.6613 0.3998 0.024 0.0608 
1 0.7162 0.2808 0.0216 0.0493 
1 0.7234 0.3974 0.0232 0.0591 
1 0.7574 0.303 0.0224 0.0542 
1 0.7858 0.2176 0.02 0.0476 
1 0.8106 0.1946 0.012 0.0411 
1 0.8259 0.22 0.0184 0.0427 
1 0.8259 0.2365 0.0232 0.0493 
1 0.7958 0.266 0.016 0.0361 
1 0.8195 0.312 0.02 0.046 
1 0.7966 0.4433 0.0256 0.0755 
1 0.8571 0.4787 0.0296 0.0805 
1 0.8675 0.3407 0.0184 0.0542 
1 0.8783 0.4253 0.0208 0.0722 
1 0.8735 0.2365 0.0144 0.0427 
1 0.9063 0.2274 0.0144 0.0476 
1 0.8911 0.2841 0.0176 0.046 
1 0.946 0.2447 0.0136 0.0427 
1 0.9319 0.2718 0.016 0.0378 
1 0.9836 0.2553 0.012 0.0411 
1 0.9764 0.3087 0.0152 0.0394 
1 0.9283 0.3489 0.0168 0.0542 
1 0.9788 0.3629 0.0184 0.0591 
1 0.9576 0.4286 0.0272 0.0493 
1 0.6085 0.156 0.0192 0.0361 
1 0.6573 0.1535 0.0144 0.0312 
1 0.9472 0.3719 0.0144 0.0509 
