1 0.0626 0.3041 0.0204 0.0515 
1 0.2898 0.2354 0.0184 0.0378 
1 0.3092 0.2345 0.0146 0.0361 
1 0.3505 0.1821 0.0155 0.0309 
1 0.3718 0.2002 0.0175 0.0361 
1 0.3607 0.2216 0.0204 0.0344 
1 0.3646 0.2466 0.0184 0.0395 
1 0.3845 0.2474 0.0175 0.0412 
1 0.417 0.189 0.0184 0.0378 
1 0.4282 0.2062 0.0175 0.0344 
1 0.4296 0.232 0.0204 0.0412 
1 0.4476 0.2199 0.0194 0.0412 
1 0.4184 0.1426 0.0155 0.0378 
1 0.451 0.1753 0.0204 0.0412 
1 0.4917 0.2216 0.0184 0.0412 
1 0.4859 0.1847 0.0184 0.0326 
1 0.4772 0.1383 0.0146 0.0292 
1 0.4922 0.1478 0.0117 0.0309 
1 0.5126 0.1237 0.0117 0.0241 
1 0.5233 0.1375 0.0117 0.0275 
1 0.5112 0.1478 0.0107 0.0241 
1 0.5131 0.1787 0.0165 0.0378 
1 0.5267 0.1667 0.0165 0.0344 
1 0.5617 0.1813 0.0165 0.0361 
1 0.5592 0.1572 0.0136 0.0258 
1 0.5515 0.1452 0.0117 0.0258 
1 0.5583 0.122 0.0136 0.0275 
1 0.5791 0.1263 0.0126 0.0326 
1 0.5854 0.116 0.0117 0.0292 
1 0.5893 0.1744 0.0155 0.0326 
1 0.5927 0.1529 0.0146 0.0309 
1 0.6097 0.1229 0.0136 0.0292 
1 0.6238 0.146 0.0126 0.0309 
1 0.633 0.1297 0.0136 0.0326 
1 0.618 0.1125 0.0107 0.0258 
1 0.6345 0.11 0.0107 0.0206 
1 0.6626 0.1409 0.0165 0.0344 
1 0.6641 0.1134 0.0136 0.0241 
1 0.6723 0.1074 0.0107 0.0258 
1 0.6893 0.1203 0.0136 0.0275 
1 0.6908 0.1022 0.0126 0.0258 
1 0.7121 0.104 0.0126 0.0258 
1 0.5694 0.2371 0.0262 0.0584 
1 0.4971 0.2869 0.033 0.0653 
1 0.5447 0.2964 0.0291 0.0704 
1 0.6102 0.2363 0.0282 0.0498 
1 0.6369 0.2182 0.0214 0.0447 
1 0.6204 0.2998 0.0369 0.0567 
1 0.6757 0.2457 0.0233 0.0584 
1 0.668 0.1778 0.0175 0.0361 
1 0.7063 0.1581 0.0165 0.0344 
1 0.716 0.189 0.0165 0.0412 
1 0.7097 0.2285 0.0214 0.0481 
1 0.7262 0.2852 0.0272 0.0619 
1 0.6932 0.3058 0.0291 0.055 
1 0.7291 0.1409 0.0136 0.0309 
1 0.7515 0.1667 0.0175 0.0378 
1 0.7563 0.195 0.0194 0.043 
1 0.7558 0.1392 0.0165 0.0275 
1 0.8024 0.1564 0.0165 0.0344 
1 0.7961 0.1418 0.0136 0.0292 
1 0.8034 0.2277 0.0204 0.0498 
1 0.7796 0.2388 0.0233 0.0447 
1 0.7864 0.3196 0.0252 0.0584 
1 0.7573 0.3729 0.035 0.0687 
1 0.8447 0.3737 0.0311 0.0704 
1 0.8374 0.3084 0.0262 0.0601 
1 0.8267 0.2552 0.0204 0.0464 
1 0.8684 0.2595 0.0223 0.0584 
1 0.8917 0.2311 0.0243 0.0464 
1 0.9413 0.2156 0.0165 0.0464 
1 0.9272 0.2844 0.0194 0.0464 
1 0.9214 0.3239 0.0233 0.0601 
1 0.9117 0.4261 0.0388 0.0756 
