1 0.102 0.566 0.0414 0.1066 
1 0.2359 0.2699 0.0159 0.0423 
1 0.2382 0.2927 0.0223 0.044 
1 0.2892 0.2453 0.0175 0.0372 
1 0.3207 0.2132 0.0167 0.0338 
1 0.3163 0.2487 0.0207 0.0406 
1 0.3422 0.2403 0.0167 0.044 
1 0.3645 0.2149 0.0167 0.0372 
1 0.3861 0.192 0.0151 0.0389 
1 0.3809 0.269 0.0207 0.0508 
1 0.4187 0.2327 0.0151 0.0389 
1 0.4223 0.1827 0.0143 0.0338 
1 0.4363 0.1624 0.0135 0.0305 
1 0.4438 0.1937 0.0143 0.0389 
1 0.4781 0.1481 0.0127 0.0321 
1 0.4833 0.1751 0.0183 0.0423 
1 0.5024 0.1574 0.012 0.0338 
1 0.539 0.1633 0.0151 0.0355 
1 0.5223 0.176 0.0183 0.044 
1 0.5088 0.214 0.0183 0.0355 
1 0.4869 0.2589 0.0207 0.044 
1 0.4414 0.3215 0.0223 0.0508 
1 0.5641 0.1421 0.0127 0.0271 
1 0.5661 0.1684 0.0135 0.0288 
1 0.5649 0.2276 0.0159 0.0389 
1 0.588 0.203 0.0159 0.0338 
1 0.5876 0.143 0.0135 0.0321 
1 0.6072 0.1345 0.0127 0.0288 
1 0.6147 0.1574 0.0135 0.0271 
1 0.6211 0.1844 0.0135 0.0338 
1 0.6263 0.2064 0.0159 0.0406 
1 0.6199 0.0787 0.0127 0.0321 
1 0.6458 0.1328 0.012 0.0321 
1 0.6622 0.1311 0.0143 0.0288 
1 0.6614 0.1582 0.0127 0.0288 
1 0.6693 0.1836 0.0127 0.0321 
1 0.696 0.1591 0.0135 0.0372 
1 0.7012 0.143 0.0127 0.0321 
1 0.7247 0.1599 0.0135 0.0321 
1 0.7068 0.2225 0.0175 0.0389 
1 0.6649 0.2648 0.0183 0.0423 
1 0.7219 0.2834 0.0207 0.0491 
1 0.7478 0.2479 0.0167 0.0389 
1 0.7677 0.2107 0.0135 0.0321 
1 0.7853 0.1904 0.0151 0.0355 
1 0.7865 0.2208 0.0143 0.0355 
1 0.8171 0.198 0.0135 0.0338 
1 0.8255 0.2267 0.0175 0.0372 
1 0.8036 0.2631 0.0167 0.0457 
1 0.7641 0.2995 0.0207 0.0406 
1 0.8092 0.3173 0.0199 0.0525 
1 0.7287 0.4171 0.0247 0.066 
1 0.8016 0.4729 0.0287 0.0795 
1 0.6673 0.4154 0.0247 0.0592 
1 0.8805 0.2394 0.0127 0.0321 
1 0.9108 0.2343 0.0159 0.0389 
1 0.9092 0.2657 0.0159 0.0406 
1 0.8964 0.2944 0.0175 0.0474 
1 0.8733 0.3486 0.0175 0.044 
1 0.8789 0.3985 0.0223 0.0728 
1 0.8681 0.5 0.0295 0.0829 
1 0.9566 0.4518 0.0199 0.0643 
1 0.9546 0.3849 0.0191 0.0525 
1 0.9323 0.3604 0.0143 0.0474 
1 0.939 0.2716 0.0135 0.0355 
1 0.9562 0.2521 0.0127 0.0372 
1 0.9873 0.264 0.0112 0.0372 
1 0.9793 0.324 0.0127 0.0423 
1 0.9865 0.3113 0.0112 0.0338 
1 0.9845 0.3697 0.0151 0.0491 
1 0.6247 0.2876 0.0223 0.0541 
1 0.5857 0.3401 0.0207 0.0541 
1 0.6036 0.3832 0.0247 0.0626 
