1 0.137 0.4461 0.046 0.1041 
1 0.094 0.4461 0.036 0.0818 
1 0.064 0.448 0.032 0.0706 
1 0.031 0.4424 0.034 0.0669 
1 0.223 0.4554 0.054 0.1301 
1 0.187 0.4517 0.026 0.0706 
1 0.281 0.4145 0.038 0.0929 
1 0.3 0.4219 0.02 0.0483 
1 0.321 0.4405 0.026 0.0558 
1 0.336 0.4108 0.02 0.0483 
1 0.383 0.4294 0.058 0.1078 
1 0.426 0.4201 0.024 0.0595 
1 0.444 0.4201 0.02 0.0446 
1 0.481 0.4201 0.034 0.0818 
1 0.456 0.3996 0.024 0.0558 
1 0.5 0.4182 0.016 0.0483 
1 0.521 0.4257 0.018 0.0483 
1 0.563 0.4052 0.038 0.0818 
1 0.64 0.3922 0.048 0.1004 
1 0.667 0.4052 0.026 0.0595 
1 0.721 0.4033 0.054 0.0929 
1 0.784 0.4033 0.032 0.0558 
1 0.851 0.4108 0.038 0.0706 
1 0.907 0.4015 0.03 0.0669 
