1 0.1653 0.4789 0.0375 0.0674 
1 0.2896 0.2697 0.0183 0.0393 
1 0.2992 0.2367 0.0167 0.0351 
1 0.3235 0.2697 0.0207 0.0393 
1 0.3486 0.2809 0.0215 0.0449 
1 0.3562 0.2598 0.0207 0.0281 
1 0.349 0.2289 0.0159 0.0281 
1 0.3466 0.2086 0.0175 0.0295 
1 0.3781 0.2198 0.0199 0.0407 
1 0.3976 0.2247 0.0175 0.0365 
1 0.4068 0.1945 0.0135 0.0295 
1 0.4199 0.1826 0.0143 0.0309 
1 0.4331 0.2135 0.0151 0.0281 
1 0.4522 0.2121 0.0199 0.0365 
1 0.4442 0.1671 0.0151 0.0309 
1 0.4841 0.2128 0.0183 0.0379 
1 0.4896 0.177 0.0183 0.0337 
1 0.4645 0.1447 0.0159 0.0309 
1 0.4498 0.1489 0.0135 0.0253 
1 0.3904 0.2788 0.0223 0.0463 
1 0.4924 0.1475 0.0159 0.0281 
1 0.492 0.1292 0.012 0.0253 
1 0.5052 0.1292 0.0127 0.0309 
1 0.5151 0.1587 0.0151 0.0309 
1 0.5267 0.1412 0.0143 0.0323 
1 0.5454 0.1573 0.0151 0.0337 
1 0.5677 0.1812 0.0183 0.0337 
1 0.5574 0.1348 0.0135 0.0281 
1 0.5625 0.106 0.0127 0.0211 
1 0.5793 0.1468 0.0159 0.0323 
1 0.5821 0.1222 0.0135 0.0225 
1 0.5908 0.1004 0.012 0.0211 
1 0.6048 0.1545 0.0159 0.0365 
1 0.6124 0.1018 0.0135 0.0239 
1 0.6335 0.0948 0.0112 0.0267 
1 0.6378 0.1313 0.0167 0.0295 
1 0.6124 0.125 0.0151 0.0281 
1 0.661 0.1103 0.012 0.0239 
1 0.661 0.132 0.0151 0.0225 
1 0.6964 0.1074 0.0096 0.0239 
1 0.5371 0.2837 0.0287 0.0618 
1 0.5522 0.25 0.0239 0.0478 
1 0.6044 0.2605 0.0247 0.0463 
1 0.6159 0.2065 0.0175 0.0449 
1 0.6526 0.2296 0.0239 0.0463 
1 0.6554 0.2746 0.0263 0.0548 
1 0.6127 0.3336 0.0303 0.0688 
1 0.7693 0.2956 0.0263 0.0632 
1 0.6837 0.184 0.0175 0.0393 
1 0.6821 0.158 0.0159 0.0267 
1 0.7124 0.1419 0.0159 0.0337 
1 0.7223 0.1685 0.0199 0.0449 
1 0.7108 0.2289 0.0191 0.0449 
1 0.7327 0.144 0.0167 0.0379 
1 0.743 0.118 0.0135 0.0281 
1 0.7534 0.1749 0.0167 0.0379 
1 0.7701 0.2163 0.0167 0.0337 
1 0.7418 0.2563 0.0239 0.0492 
1 0.8147 0.25 0.0231 0.0534 
1 0.8127 0.4031 0.0398 0.0815 
1 0.8853 0.4298 0.0351 0.0787 
1 0.9024 0.3371 0.0263 0.0646 
1 0.8502 0.2921 0.0287 0.0618 
1 0.8681 0.2521 0.0231 0.0463 
1 0.9124 0.29 0.0207 0.0492 
1 0.9159 0.2416 0.0199 0.0478 
1 0.9223 0.2128 0.0151 0.0323 
1 0.8629 0.2198 0.0207 0.0351 
1 0.8239 0.2177 0.0191 0.0365 
1 0.796 0.1784 0.0191 0.0365 
1 0.7753 0.151 0.0175 0.0295 
1 0.7801 0.1334 0.0159 0.0253 
1 0.7884 0.1117 0.012 0.0239 
1 0.8052 0.1222 0.0135 0.0337 
1 0.8052 0.1573 0.0183 0.0337 
1 0.8255 0.1362 0.0159 0.0337 
1 0.8343 0.1299 0.0127 0.0295 
1 0.8498 0.1601 0.0167 0.0337 
1 0.8406 0.1896 0.0175 0.0337 
1 0.8618 0.1468 0.0151 0.0323 
1 0.8733 0.1236 0.0127 0.0253 
1 0.8884 0.1819 0.0143 0.0295 
1 0.8968 0.1538 0.0151 0.0295 
1 0.9072 0.1468 0.012 0.0295 
1 0.9231 0.1573 0.0135 0.0281 
