1 0.148 0.5545 0.051 0.0818 
1 0.2857 0.575 0.034 0.05 
1 0.4303 0.5432 0.0306 0.0409 
1 0.369 0.5227 0.0306 0.0364 
1 0.3724 0.4841 0.017 0.0318 
1 0.2976 0.5045 0.017 0.0273 
1 0.3129 0.5295 0.0272 0.0318 
1 0.432 0.4705 0.0204 0.0227 
1 0.4711 0.4568 0.017 0.0318 
1 0.4983 0.4909 0.0238 0.0364 
1 0.5408 0.5205 0.0272 0.0318 
1 0.5493 0.4455 0.017 0.0273 
1 0.5935 0.4341 0.017 0.0318 
1 0.6378 0.4182 0.0306 0.0364 
1 0.6854 0.4523 0.0306 0.0409 
1 0.6905 0.5182 0.034 0.0545 
1 0.949 0.4477 0.0612 0.0864 
1 0.9184 0.4023 0.034 0.0591 
1 0.9031 0.3591 0.0238 0.0364 
1 0.9473 0.35 0.0238 0.0364 
1 0.9762 0.3409 0.0272 0.0364 
1 0.869 0.3773 0.0306 0.0455 
1 0.852 0.4159 0.0238 0.0409 
1 0.8299 0.4182 0.0272 0.0455 
1 0.801 0.4227 0.0238 0.0455 
1 0.8163 0.3841 0.0272 0.0409 
1 0.7194 0.4045 0.0238 0.0364 
1 0.7381 0.3864 0.0204 0.0364 
1 0.6837 0.4045 0.0204 0.0364 
