1 0.0978 0.5316 0.0756 0.1225 
1 0.1567 0.4289 0.0467 0.083 
1 0.2333 0.4545 0.0444 0.087 
1 0.2522 0.4111 0.0378 0.0791 
1 0.3111 0.4289 0.0356 0.0514 
1 0.3256 0.3992 0.0333 0.0553 
1 0.3322 0.5336 0.0689 0.1265 
1 0.3778 0.413 0.0267 0.0514 
1 0.3689 0.3874 0.0222 0.0474 
1 0.4356 0.3083 0.0311 0.0553 
1 0.4378 0.3834 0.0356 0.0553 
1 0.4767 0.4111 0.0378 0.0711 
1 0.4944 0.3893 0.0378 0.0672 
1 0.6622 0.3814 0.0267 0.0593 
1 0.68 0.4071 0.0356 0.0711 
1 0.7133 0.4427 0.04 0.0791 
1 0.7411 0.3854 0.0333 0.0593 
1 0.7733 0.4032 0.0356 0.0632 
1 0.8178 0.3874 0.0311 0.0553 
1 0.8422 0.4664 0.0533 0.0949 
1 0.8922 0.3834 0.0422 0.0711 
1 0.9567 0.5889 0.0778 0.1344 
1 0.9689 0.4684 0.0533 0.0909 
1 0.98 0.4051 0.04 0.0751 
