1 0.1252 0.5315 0.0399 0.0774 
1 0.2279 0.3424 0.0178 0.0372 
1 0.2551 0.3711 0.0195 0.0372 
1 0.284 0.3188 0.0178 0.033 
1 0.3374 0.3746 0.0246 0.0501 
1 0.2869 0.3811 0.0238 0.0458 
1 0.357 0.3309 0.0195 0.0372 
1 0.3557 0.3009 0.0187 0.0344 
1 0.4155 0.3324 0.0178 0.0372 
1 0.4385 0.3152 0.0195 0.0372 
1 0.4113 0.298 0.0161 0.0315 
1 0.3947 0.265 0.0153 0.0315 
1 0.4202 0.2593 0.0153 0.0344 
1 0.4329 0.2593 0.017 0.0258 
1 0.4533 0.2615 0.0136 0.0301 
1 0.4669 0.2686 0.0153 0.0272 
1 0.4499 0.3503 0.0238 0.0473 
1 0.4741 0.3145 0.0246 0.0415 
1 0.511 0.3331 0.0221 0.0387 
1 0.4694 0.2443 0.0136 0.0272 
1 0.5106 0.2751 0.0195 0.0372 
1 0.5301 0.2765 0.0161 0.0372 
1 0.5314 0.2464 0.0153 0.0315 
1 0.562 0.2787 0.017 0.0358 
1 0.5641 0.2299 0.0127 0.0301 
1 0.57 0.2479 0.0127 0.0258 
1 0.5836 0.2536 0.0161 0.0287 
1 0.5811 0.2206 0.0144 0.0229 
1 0.6091 0.2543 0.0127 0.0272 
1 0.6159 0.2307 0.0127 0.0258 
1 0.6227 0.2135 0.0127 0.0287 
1 0.643 0.2077 0.0127 0.0229 
1 0.4873 0.4119 0.0306 0.0587 
1 0.5471 0.3596 0.0246 0.0516 
1 0.5539 0.4054 0.0297 0.0544 
1 0.604 0.4506 0.0314 0.0645 
1 0.6218 0.3639 0.0229 0.043 
1 0.6112 0.3324 0.0221 0.0458 
1 0.6447 0.298 0.0212 0.0401 
1 0.6375 0.2572 0.017 0.033 
1 0.6541 0.2242 0.0144 0.033 
1 0.6791 0.2099 0.0153 0.0301 
1 0.6698 0.3775 0.0323 0.0616 
1 0.6549 0.4713 0.0382 0.0716 
1 0.6592 0.3453 0.0212 0.0401 
1 0.6851 0.2801 0.017 0.0358 
1 0.7101 0.3052 0.0178 0.0372 
1 0.722 0.2994 0.0178 0.0372 
1 0.7224 0.2521 0.017 0.0315 
1 0.6885 0.2335 0.0136 0.0258 
1 0.6965 0.2213 0.0127 0.0272 
1 0.7513 0.2393 0.0153 0.0287 
1 0.7598 0.2615 0.0153 0.0301 
1 0.7653 0.2307 0.0127 0.0287 
1 0.7818 0.2572 0.0153 0.033 
1 0.798 0.2858 0.017 0.0387 
1 0.8001 0.2428 0.0161 0.0358 
1 0.8285 0.245 0.0153 0.0372 
1 0.8336 0.3023 0.0204 0.0372 
1 0.8383 0.2715 0.0144 0.0301 
1 0.8604 0.2607 0.0161 0.0344 
1 0.8795 0.2758 0.0153 0.033 
1 0.8688 0.3231 0.0195 0.0473 
1 0.8434 0.3395 0.0229 0.043 
1 0.705 0.3625 0.0229 0.0516 
1 0.7377 0.404 0.0323 0.0544 
1 0.7186 0.538 0.045 0.0759 
1 0.7903 0.4327 0.034 0.0688 
1 0.8468 0.5014 0.0297 0.0688 
1 0.8612 0.4592 0.028 0.0587 
1 0.8315 0.3632 0.0195 0.0473 
1 0.8773 0.3897 0.0263 0.0544 
1 0.8986 0.3503 0.0229 0.0444 
1 0.9126 0.3216 0.017 0.0358 
1 0.9181 0.2837 0.0161 0.0315 
1 0.899 0.2607 0.0153 0.0315 
1 0.9427 0.3309 0.0229 0.043 
1 0.9486 0.3703 0.0229 0.0473 
1 0.9334 0.4542 0.0331 0.0659 
1 0.9542 0.3023 0.0153 0.0258 
1 0.961 0.2822 0.0153 0.0287 
