1 0.0698 0.4387 0.0453 0.1076 
1 0.2575 0.2815 0.0189 0.0353 
1 0.2849 0.2664 0.0189 0.0353 
1 0.3028 0.2571 0.0189 0.0403 
1 0.3255 0.2664 0.0189 0.0454 
1 0.3448 0.2773 0.0179 0.0437 
1 0.3972 0.3076 0.0245 0.0504 
1 0.3226 0.2227 0.017 0.0353 
1 0.3481 0.2151 0.017 0.037 
1 0.3538 0.2403 0.0189 0.0336 
1 0.375 0.2277 0.0217 0.0319 
1 0.4208 0.221 0.017 0.0387 
1 0.4972 0.2874 0.0264 0.0605 
1 0.3877 0.2109 0.0189 0.0319 
1 0.4094 0.1756 0.0151 0.0319 
1 0.4278 0.1824 0.0142 0.0353 
1 0.4594 0.1681 0.017 0.037 
1 0.4542 0.142 0.0142 0.0286 
1 0.4491 0.221 0.0189 0.042 
1 0.4802 0.163 0.0132 0.0303 
1 0.4741 0.1479 0.0123 0.0269 
1 0.4873 0.137 0.0104 0.0218 
1 0.4976 0.2303 0.0198 0.0403 
1 0.4642 0.2 0.0151 0.0336 
1 0.4453 0.1966 0.0151 0.0336 
1 0.4797 0.1992 0.016 0.0387 
1 0.5047 0.2042 0.017 0.0387 
1 0.5075 0.1664 0.0151 0.0336 
1 0.5014 0.1521 0.0123 0.0319 
1 0.5292 0.1345 0.0151 0.0303 
1 0.5354 0.1723 0.0198 0.042 
1 0.5509 0.1546 0.0132 0.0303 
1 0.5401 0.1294 0.0123 0.0269 
1 0.5623 0.1336 0.0151 0.0286 
1 0.5717 0.1134 0.0132 0.0252 
1 0.5858 0.1378 0.0113 0.0303 
1 0.5736 0.163 0.017 0.0336 
1 0.5887 0.1269 0.0113 0.0252 
1 0.5991 0.1008 0.0132 0.0269 
1 0.6193 0.1017 0.0123 0.0286 
1 0.6226 0.142 0.0151 0.0387 
1 0.6358 0.121 0.0132 0.0269 
1 0.6406 0.105 0.0113 0.0286 
1 0.6731 0.1227 0.0142 0.0269 
1 0.6906 0.1059 0.0132 0.0336 
1 0.5684 0.2403 0.0198 0.037 
1 0.5632 0.295 0.0245 0.0588 
1 0.6042 0.3328 0.0274 0.0639 
1 0.6099 0.2555 0.0274 0.0571 
1 0.6264 0.1899 0.0189 0.0437 
1 0.6509 0.1765 0.0189 0.0471 
1 0.6646 0.2059 0.0198 0.0521 
1 0.6816 0.2437 0.0198 0.0504 
1 0.6981 0.216 0.0208 0.0487 
1 0.6887 0.1412 0.0132 0.0303 
1 0.716 0.1378 0.0132 0.0437 
1 0.7425 0.1176 0.0132 0.0336 
1 0.7519 0.1109 0.0132 0.0336 
1 0.7344 0.1538 0.016 0.042 
1 0.6783 0.3361 0.0283 0.0672 
1 0.7132 0.2874 0.0283 0.0571 
1 0.7439 0.2042 0.016 0.042 
1 0.7637 0.2303 0.0198 0.0538 
1 0.7741 0.279 0.0255 0.0571 
1 0.7594 0.1563 0.0132 0.0336 
1 0.7491 0.1471 0.0132 0.0319 
1 0.7698 0.137 0.0151 0.0353 
1 0.7901 0.1202 0.0123 0.0319 
1 0.7962 0.1319 0.0094 0.0319 
1 0.8104 0.1202 0.0113 0.0319 
1 0.7991 0.1849 0.0151 0.0403 
1 0.8245 0.1571 0.0151 0.0387 
1 0.8335 0.1345 0.0142 0.037 
1 0.8566 0.1504 0.0113 0.0286 
1 0.8542 0.1815 0.0142 0.0336 
1 0.8703 0.1504 0.0123 0.0319 
1 0.8731 0.1252 0.0123 0.0286 
1 0.8783 0.2185 0.0151 0.0403 
1 0.9005 0.1269 0.0104 0.0286 
1 0.9368 0.1655 0.0132 0.0353 
1 0.8868 0.1933 0.0132 0.0403 
1 0.9335 0.2748 0.0236 0.0487 
1 0.8929 0.1782 0.0142 0.037 
1 0.8972 0.163 0.0151 0.037 
