1 0.0808 0.2778 0.0259 0.0521 
1 0.2934 0.2405 0.018 0.033 
1 0.2864 0.2248 0.018 0.0399 
1 0.3363 0.1918 0.018 0.0399 
1 0.3578 0.1962 0.019 0.0382 
1 0.3603 0.224 0.018 0.0382 
1 0.3837 0.2378 0.023 0.0451 
1 0.3398 0.2283 0.019 0.0365 
1 0.3837 0.2014 0.015 0.0382 
1 0.3992 0.2083 0.016 0.0347 
1 0.3897 0.1736 0.017 0.0347 
1 0.4092 0.1719 0.012 0.0347 
1 0.4281 0.204 0.016 0.0365 
1 0.4122 0.2422 0.0259 0.0434 
1 0.4506 0.2474 0.023 0.0503 
1 0.4511 0.2023 0.02 0.0399 
1 0.4706 0.204 0.021 0.0434 
1 0.4321 0.1606 0.016 0.0295 
1 0.4546 0.1615 0.019 0.0382 
1 0.491 0.138 0.012 0.026 
1 0.4935 0.1502 0.013 0.026 
1 0.5025 0.1554 0.015 0.026 
1 0.507 0.1866 0.02 0.0365 
1 0.5314 0.1797 0.021 0.0365 
1 0.5185 0.1519 0.015 0.0295 
1 0.5105 0.1345 0.013 0.026 
1 0.5294 0.1372 0.013 0.0208 
1 0.5569 0.1285 0.016 0.0243 
1 0.5619 0.1415 0.014 0.026 
1 0.5758 0.1615 0.014 0.0312 
1 0.5664 0.1849 0.017 0.0434 
1 0.5444 0.1606 0.017 0.0365 
1 0.5853 0.1432 0.015 0.033 
1 0.6013 0.1398 0.013 0.0295 
1 0.6143 0.1675 0.015 0.0365 
1 0.6158 0.1267 0.01 0.0243 
1 0.6223 0.1276 0.013 0.026 
1 0.6337 0.138 0.014 0.033 
1 0.6487 0.125 0.016 0.0347 
1 0.6722 0.1233 0.013 0.0243 
1 0.6662 0.1102 0.011 0.0191 
1 0.6921 0.1345 0.013 0.033 
1 0.6946 0.112 0.01 0.026 
1 0.7041 0.1276 0.013 0.026 
1 0.7166 0.1181 0.014 0.0312 
1 0.6771 0.1866 0.019 0.0365 
1 0.6642 0.1458 0.013 0.0243 
1 0.6512 0.158 0.015 0.0312 
1 0.6018 0.2292 0.0259 0.0486 
1 0.6322 0.2101 0.025 0.0486 
1 0.6487 0.2509 0.0259 0.0538 
1 0.7016 0.2604 0.0259 0.0521 
1 0.6916 0.2248 0.022 0.0503 
1 0.7131 0.184 0.017 0.0417 
1 0.7265 0.1858 0.016 0.0382 
1 0.748 0.1788 0.019 0.0382 
1 0.7086 0.3255 0.0339 0.0781 
1 0.7605 0.3811 0.0319 0.0677 
1 0.8064 0.2986 0.0279 0.0625 
1 0.7799 0.2517 0.0269 0.0625 
1 0.7435 0.2431 0.022 0.0521 
1 0.7665 0.1979 0.022 0.0417 
1 0.745 0.1528 0.017 0.0312 
1 0.7725 0.1372 0.014 0.0312 
1 0.7934 0.1372 0.014 0.0278 
1 0.8004 0.1484 0.012 0.026 
1 0.8054 0.1701 0.012 0.0278 
1 0.8104 0.2075 0.018 0.0399 
1 0.8288 0.2031 0.017 0.0382 
1 0.8538 0.2231 0.021 0.0434 
1 0.8398 0.2656 0.023 0.059 
1 0.8703 0.2309 0.016 0.0382 
1 0.8438 0.178 0.015 0.0365 
1 0.8129 0.1424 0.015 0.0312 
1 0.8373 0.1476 0.012 0.0312 
1 0.8498 0.158 0.015 0.0347 
1 0.8688 0.1562 0.015 0.0347 
1 0.8882 0.1658 0.016 0.0399 
1 0.8807 0.191 0.015 0.0382 
1 0.9017 0.2318 0.019 0.0399 
1 0.9102 0.2118 0.016 0.0417 
1 0.9157 0.191 0.017 0.0312 
1 0.9261 0.1571 0.012 0.0399 
1 0.9631 0.1866 0.014 0.0434 
1 0.9511 0.2083 0.016 0.0417 
1 0.9571 0.2344 0.018 0.0417 
1 0.9366 0.263 0.023 0.0503 
1 0.9266 0.3229 0.0309 0.0625 
