1 0.2098 0.3592 0.048 0.0794 
1 0.3252 0.1995 0.017 0.0379 
1 0.3212 0.2374 0.019 0.0379 
1 0.3596 0.204 0.016 0.0361 
1 0.7592 0.1264 0.014 0.0289 
1 0.7872 0.1372 0.014 0.0325 
1 0.6933 0.1182 0.014 0.0235 
1 0.8362 0.1561 0.018 0.0307 
1 0.6439 0.111 0.015 0.0343 
1 0.6304 0.0993 0.012 0.0253 
1 0.5834 0.1011 0.01 0.0217 
1 0.4291 0.1751 0.019 0.0397 
1 0.8771 0.1625 0.014 0.0361 
1 0.9096 0.1661 0.019 0.0325 
1 0.9481 0.1796 0.018 0.0307 
1 0.4665 0.1408 0.012 0.0361 
1 0.5 0.1209 0.011 0.0217 
1 0.544 0.1218 0.015 0.0343 
1 0.4486 0.2211 0.018 0.0343 
1 0.4031 0.2121 0.017 0.0307 
1 0.5045 0.2103 0.02 0.0343 
1 0.5994 0.1399 0.016 0.0307 
1 0.5639 0.1534 0.015 0.0361 
1 0.5435 0.1886 0.02 0.0415 
1 0.5155 0.1498 0.016 0.0289 
1 0.492 0.1751 0.015 0.0253 
1 0.4585 0.1751 0.018 0.0361 
1 0.7228 0.1399 0.017 0.0343 
1 0.7697 0.185 0.015 0.0379 
1 0.7038 0.1625 0.015 0.0397 
1 0.6444 0.1507 0.016 0.0343 
1 0.6653 0.1227 0.016 0.0361 
1 0.6753 0.1101 0.018 0.0289 
1 0.6419 0.2013 0.021 0.0415 
1 0.533 0.2789 0.023 0.0487 
1 0.5844 0.2807 0.024 0.0451 
1 0.5899 0.2446 0.025 0.056 
1 0.6269 0.2969 0.025 0.0596 
1 0.6683 0.2283 0.022 0.0523 
1 0.6673 0.1715 0.018 0.0469 
1 0.6753 0.2906 0.024 0.0433 
1 0.6888 0.3357 0.031 0.0722 
1 0.7532 0.4161 0.032 0.0632 
1 0.7383 0.2247 0.018 0.0487 
1 0.7483 0.1688 0.014 0.0343 
1 0.8077 0.1877 0.019 0.0542 
1 0.7907 0.278 0.023 0.0542 
1 0.8317 0.3628 0.027 0.0686 
1 0.8202 0.2554 0.022 0.056 
1 0.8347 0.2139 0.023 0.0596 
1 0.8656 0.1697 0.015 0.0397 
1 0.8726 0.2139 0.019 0.0487 
1 0.8731 0.2662 0.02 0.0596 
1 0.8871 0.2175 0.014 0.0487 
1 0.9041 0.3186 0.02 0.0523 
1 0.9361 0.2861 0.026 0.0596 
1 0.4451 0.1417 0.011 0.0235 
1 0.6064 0.1065 0.014 0.0289 
1 0.5939 0.1733 0.019 0.0361 
1 0.7033 0.2103 0.024 0.0415 
1 0.8921 0.1805 0.018 0.0361 
1 0.7602 0.1471 0.014 0.0343 
1 0.7962 0.1643 0.018 0.0433 
1 0.9416 0.2049 0.017 0.0415 
1 0.8511 0.1922 0.018 0.0487 
1 0.489 0.1453 0.015 0.0271 
1 0.5385 0.1543 0.02 0.0343 
1 0.9341 0.2527 0.024 0.0469 
