1 0.124 0.3383 0.056 0.0958 
1 0.215 0.3892 0.046 0.0778 
1 0.236 0.3563 0.044 0.0659 
1 0.279 0.3937 0.046 0.0749 
1 0.328 0.3982 0.04 0.0778 
1 0.314 0.3443 0.028 0.0659 
1 0.338 0.3728 0.036 0.0629 
1 0.372 0.3877 0.044 0.0928 
1 0.427 0.3593 0.042 0.0778 
1 0.455 0.3533 0.034 0.0659 
1 0.471 0.4012 0.042 0.0778 
1 0.493 0.3757 0.03 0.0629 
1 0.52 0.3757 0.028 0.0629 
1 0.543 0.3982 0.034 0.0778 
1 0.547 0.3563 0.038 0.0599 
1 0.571 0.4012 0.038 0.0778 
1 0.589 0.3533 0.038 0.0719 
1 0.617 0.3683 0.034 0.0659 
1 0.639 0.4087 0.034 0.0629 
1 0.613 0.4431 0.042 0.0659 
1 0.675 0.4296 0.038 0.0689 
1 0.66 0.3638 0.032 0.0629 
1 0.693 0.3817 0.034 0.0689 
1 0.728 0.4102 0.032 0.0659 
1 0.759 0.4087 0.038 0.0689 
1 0.813 0.3728 0.038 0.0689 
1 0.825 0.4341 0.046 0.0778 
1 0.873 0.4147 0.046 0.0808 
1 0.913 0.4027 0.042 0.0808 
1 0.953 0.3967 0.058 0.0988 
