1 0.0912 0.5299 0.049 0.1196 
1 0.2193 0.2417 0.0177 0.0482 
1 0.2337 0.2442 0.0193 0.0532 
1 0.253 0.2334 0.0177 0.0515 
1 0.31 0.2226 0.0193 0.0498 
1 0.3076 0.1885 0.0177 0.0382 
1 0.3333 0.2143 0.0209 0.0498 
1 0.3478 0.1894 0.0161 0.0399 
1 0.3703 0.2384 0.0209 0.0515 
1 0.396 0.2251 0.0193 0.0482 
1 0.4285 0.2998 0.0233 0.0581 
1 0.3639 0.1777 0.0177 0.0432 
1 0.412 0.157 0.0177 0.0349 
1 0.4313 0.1711 0.0161 0.0432 
1 0.4325 0.147 0.0169 0.0316 
1 0.4695 0.2193 0.0217 0.0532 
1 0.4956 0.1919 0.0161 0.0382 
1 0.4526 0.1462 0.0185 0.0432 
1 0.4723 0.147 0.0193 0.0449 
1 0.494 0.1279 0.0161 0.0332 
1 0.5104 0.1512 0.0169 0.0465 
1 0.5482 0.2002 0.0169 0.0382 
1 0.5317 0.1487 0.0145 0.0382 
1 0.5486 0.1379 0.0145 0.0365 
1 0.5526 0.1154 0.0145 0.0349 
1 0.5743 0.1163 0.0177 0.0365 
1 0.5847 0.1686 0.0161 0.0415 
1 0.5699 0.1761 0.0185 0.0432 
1 0.5783 0.1462 0.0129 0.0365 
1 0.6032 0.1877 0.0161 0.0432 
1 0.6088 0.1578 0.0129 0.0365 
1 0.6044 0.1321 0.0153 0.0316 
1 0.5968 0.1055 0.0145 0.0316 
1 0.6301 0.1055 0.0153 0.0382 
1 0.6518 0.1329 0.0169 0.0365 
1 0.655 0.1636 0.0169 0.0415 
1 0.6578 0.1146 0.0145 0.0399 
1 0.6892 0.1154 0.0145 0.0382 
1 0.6835 0.1412 0.0161 0.0399 
1 0.7129 0.1312 0.0153 0.0465 
1 0.6912 0.1894 0.0217 0.0565 
1 0.6582 0.2126 0.0217 0.0565 
1 0.6036 0.2766 0.0233 0.0615 
1 0.5723 0.3164 0.0249 0.0615 
1 0.5944 0.3463 0.0273 0.0681 
1 0.655 0.3754 0.0265 0.0764 
1 0.7157 0.3953 0.0289 0.0698 
1 0.7213 0.2442 0.0209 0.0565 
1 0.7386 0.2201 0.0185 0.0482 
1 0.7289 0.196 0.0185 0.0365 
1 0.7578 0.1752 0.0201 0.0515 
1 0.7763 0.1819 0.0169 0.0482 
1 0.7851 0.1553 0.0169 0.0482 
1 0.7643 0.2658 0.0185 0.0598 
1 0.7948 0.436 0.0313 0.1013 
1 0.8542 0.4792 0.0313 0.0947 
1 0.8739 0.3995 0.0273 0.0814 
1 0.943 0.4236 0.0257 0.0797 
1 0.9514 0.3439 0.0217 0.0598 
1 0.9763 0.3447 0.0185 0.0648 
1 0.9683 0.2882 0.0201 0.0515 
1 0.9815 0.2434 0.0193 0.0515 
1 0.943 0.2226 0.0129 0.0498 
1 0.9289 0.2492 0.0137 0.0432 
1 0.9225 0.3264 0.0201 0.0482 
1 0.861 0.3214 0.0241 0.0548 
1 0.888 0.2575 0.0185 0.0498 
1 0.9 0.2392 0.0153 0.0432 
1 0.9012 0.2101 0.0145 0.0349 
1 0.8695 0.2135 0.0169 0.0482 
1 0.8193 0.2076 0.0193 0.0498 
1 0.7912 0.24 0.0193 0.0581 
1 0.8149 0.2924 0.0217 0.0598 
1 0.8088 0.1694 0.0161 0.0465 
