1 0.155 0.5007 0.0561 0.1047 
1 0.2315 0.3366 0.0187 0.0363 
1 0.2587 0.3513 0.0244 0.0461 
1 0.2958 0.3561 0.0236 0.0447 
1 0.2884 0.3003 0.0171 0.0363 
1 0.3332 0.361 0.0252 0.0433 
1 0.367 0.3149 0.0179 0.0321 
1 0.3584 0.2877 0.0171 0.0307 
1 0.3922 0.3247 0.0179 0.0349 
1 0.4142 0.3261 0.0195 0.0349 
1 0.4117 0.2905 0.0163 0.0307 
1 0.4467 0.3359 0.0228 0.0461 
1 0.3881 0.2605 0.0146 0.0349 
1 0.3999 0.2758 0.0138 0.0265 
1 0.4105 0.2577 0.0171 0.0321 
1 0.4504 0.2584 0.0155 0.0279 
1 0.4349 0.2779 0.0171 0.0363 
1 0.4699 0.2989 0.0155 0.0335 
1 0.5134 0.3024 0.0195 0.0349 
1 0.4959 0.2612 0.0171 0.0335 
1 0.4654 0.2374 0.013 0.0279 
1 0.4719 0.2263 0.0114 0.0223 
1 0.5191 0.2409 0.0163 0.0293 
1 0.5468 0.2437 0.0163 0.0321 
1 0.5513 0.2807 0.0171 0.0391 
1 0.581 0.25 0.0179 0.0335 
1 0.5586 0.2109 0.0122 0.0307 
1 0.5712 0.2123 0.0114 0.0196 
1 0.5745 0.2353 0.0114 0.0237 
1 0.6001 0.236 0.0138 0.0307 
1 0.609 0.199 0.0122 0.0265 
1 0.6265 0.2088 0.0114 0.0265 
1 0.6334 0.2242 0.0106 0.0265 
1 0.6387 0.2423 0.0146 0.0293 
1 0.6749 0.227 0.0138 0.0321 
1 0.6615 0.2144 0.013 0.0237 
1 0.5016 0.3799 0.0285 0.0642 
1 0.5504 0.3911 0.0317 0.0615 
1 0.6143 0.4176 0.0309 0.0698 
1 0.6074 0.3708 0.0285 0.0545 
1 0.5989 0.317 0.0244 0.0447 
1 0.6322 0.2905 0.0212 0.0391 
1 0.6477 0.3254 0.0212 0.0475 
1 0.6953 0.345 0.022 0.0503 
1 0.6664 0.433 0.0342 0.0726 
1 0.657 0.3862 0.0269 0.0545 
1 0.7177 0.4553 0.0391 0.081 
1 0.7425 0.3973 0.0285 0.0545 
1 0.7742 0.4483 0.0301 0.0587 
1 0.8002 0.3527 0.022 0.0517 
1 0.8137 0.5035 0.0342 0.0684 
1 0.8421 0.4267 0.0277 0.0601 
1 0.9068 0.4602 0.0301 0.0656 
1 0.8946 0.3876 0.0236 0.0489 
1 0.8548 0.3764 0.0236 0.0545 
1 0.8775 0.3149 0.0187 0.0461 
1 0.8735 0.3589 0.022 0.0447 
1 0.917 0.3568 0.0212 0.0461 
1 0.926 0.3261 0.0163 0.0377 
1 0.9272 0.2926 0.0138 0.0321 
1 0.6778 0.2654 0.0179 0.0363 
1 0.7075 0.2486 0.0155 0.0363 
1 0.7225 0.2835 0.0179 0.0391 
1 0.7319 0.2577 0.0171 0.0377 
1 0.7335 0.2297 0.0138 0.0321 
1 0.7559 0.2249 0.0163 0.0307 
1 0.7701 0.28 0.0171 0.0405 
1 0.7738 0.2493 0.0146 0.0293 
1 0.7799 0.2367 0.0122 0.0265 
1 0.751 0.2577 0.0146 0.0293 
1 0.8153 0.2996 0.0212 0.0349 
1 0.8491 0.301 0.0171 0.0377 
1 0.8194 0.3422 0.0212 0.0503 
1 0.8153 0.2703 0.0163 0.0321 
1 0.8092 0.2381 0.0171 0.0349 
1 0.8369 0.2542 0.0138 0.0307 
1 0.8511 0.2682 0.0163 0.0335 
1 0.858 0.2556 0.0155 0.0307 
1 0.8682 0.2472 0.0146 0.0335 
1 0.9048 0.28 0.0179 0.0377 
1 0.9325 0.2591 0.0179 0.0321 
