1 0.1911 0.2475 0.017 0.0426 
1 0.3623 0.2877 0.0208 0.0344 
1 0.3917 0.2852 0.0189 0.0492 
1 0.4948 0.3016 0.0246 0.0459 
1 0.6135 0.259 0.0237 0.0459 
1 0.7171 0.182 0.017 0.0393 
1 0.763 0.2344 0.0237 0.0426 
1 0.7616 0.0574 0.0114 0.0197 
1 0.5809 0.1369 0.0114 0.0279 
1 0.3675 0.1967 0.0142 0.0295 
1 0.394 0.1836 0.0161 0.0295 
1 0.4096 0.2131 0.017 0.0328 
1 0.4513 0.1861 0.0151 0.0344 
1 0.4631 0.1967 0.0142 0.0328 
1 0.4948 0.1926 0.017 0.0311 
1 0.4636 0.2303 0.0189 0.041 
1 0.4929 0.2238 0.017 0.041 
1 0.4144 0.1893 0.0132 0.0246 
