1 0.037 0.4007 0.0272 0.0634 
1 0.2563 0.2713 0.0141 0.0284 
1 0.2807 0.2638 0.0159 0.0334 
1 0.3097 0.2329 0.0159 0.0284 
1 0.321 0.2429 0.0178 0.0351 
1 0.3472 0.2262 0.0159 0.0317 
1 0.3496 0.2638 0.0187 0.0367 
1 0.3758 0.217 0.015 0.0301 
1 0.3843 0.202 0.0131 0.0234 
1 0.4119 0.2788 0.0197 0.0367 
1 0.4138 0.227 0.0178 0.0334 
1 0.4377 0.1987 0.015 0.0301 
1 0.4494 0.2129 0.0159 0.0317 
1 0.4639 0.2262 0.0206 0.0384 
1 0.4691 0.1945 0.0159 0.0284 
1 0.4302 0.1761 0.015 0.025 
1 0.4536 0.1511 0.015 0.0217 
1 0.4569 0.1669 0.0141 0.0267 
1 0.4761 0.1528 0.0131 0.0217 
1 0.4817 0.1661 0.0131 0.025 
1 0.4864 0.1344 0.0094 0.015 
1 0.5103 0.1661 0.0141 0.0284 
1 0.5009 0.1953 0.0141 0.0301 
1 0.5333 0.207 0.0187 0.0334 
1 0.5431 0.1628 0.0159 0.0284 
1 0.5286 0.1386 0.0131 0.0267 
1 0.5351 0.1311 0.0131 0.025 
1 0.5609 0.1102 0.0103 0.02 
1 0.5759 0.1544 0.0159 0.0284 
1 0.5853 0.1294 0.0141 0.0217 
1 0.589 0.106 0.0122 0.0217 
1 0.6125 0.1144 0.0122 0.0217 
1 0.6139 0.1352 0.0131 0.02 
1 0.6054 0.1544 0.0169 0.0317 
1 0.6228 0.1035 0.0122 0.02 
1 0.6378 0.106 0.0122 0.0217 
1 0.6542 0.1135 0.0112 0.0267 
1 0.6692 0.1185 0.0112 0.0234 
1 0.7024 0.0968 0.0122 0.0301 
1 0.4873 0.303 0.0244 0.0484 
1 0.545 0.3072 0.0216 0.0501 
1 0.605 0.3322 0.0272 0.0467 
1 0.6068 0.2471 0.0234 0.0434 
1 0.5698 0.2396 0.0187 0.0417 
1 0.6022 0.2037 0.0178 0.0401 
1 0.6537 0.1795 0.0159 0.0317 
1 0.6617 0.2012 0.0187 0.0351 
1 0.6598 0.2538 0.0206 0.0467 
1 0.6781 0.3272 0.0253 0.0601 
1 0.709 0.2838 0.0253 0.0501 
1 0.7104 0.2162 0.0206 0.0484 
1 0.7512 0.2187 0.0197 0.0467 
1 0.7816 0.2905 0.0225 0.0534 
1 0.6809 0.1503 0.0178 0.0334 
1 0.7057 0.1369 0.0169 0.0301 
1 0.702 0.1753 0.0187 0.0301 
1 0.7334 0.1594 0.0141 0.025 
1 0.7493 0.1795 0.0178 0.0317 
1 0.7502 0.1419 0.0159 0.0301 
1 0.732 0.1202 0.015 0.0301 
1 0.7465 0.1093 0.0122 0.025 
1 0.7685 0.1244 0.0131 0.0217 
1 0.7816 0.1119 0.0112 0.0234 
1 0.798 0.1285 0.0103 0.0267 
1 0.7704 0.1661 0.015 0.0351 
1 0.8013 0.177 0.015 0.0301 
1 0.814 0.1669 0.0103 0.0267 
1 0.8219 0.1227 0.0112 0.025 
1 0.8332 0.1369 0.0131 0.0301 
1 0.8529 0.1494 0.0131 0.0351 
1 0.8618 0.1411 0.0122 0.0284 
1 0.8716 0.1327 0.0112 0.025 
1 0.8458 0.1828 0.0141 0.0384 
1 0.8613 0.2137 0.015 0.0301 
1 0.8857 0.1995 0.0112 0.0284 
1 0.896 0.1736 0.0131 0.0301 
1 0.9007 0.1269 0.0094 0.0234 
1 0.9321 0.1561 0.0141 0.0284 
1 0.9288 0.1903 0.0131 0.0401 
1 0.9203 0.2755 0.0169 0.0501 
