1 0.0628 0.3462 0.0306 0.0509 
1 0.2962 0.2179 0.0158 0.0283 
1 0.3046 0.2425 0.018 0.0358 
1 0.3342 0.2311 0.018 0.0358 
1 0.3342 0.1764 0.0158 0.0358 
1 0.3511 0.1953 0.0158 0.0321 
1 0.3796 0.1925 0.0158 0.0377 
1 0.3601 0.2462 0.019 0.0396 
1 0.3738 0.267 0.0232 0.0472 
1 0.4029 0.1915 0.018 0.0396 
1 0.415 0.2038 0.0169 0.0415 
1 0.4203 0.1745 0.0169 0.0321 
1 0.4245 0.1491 0.0169 0.0302 
1 0.4498 0.167 0.019 0.0396 
1 0.443 0.2226 0.0201 0.0453 
1 0.4894 0.2151 0.0201 0.0415 
1 0.4794 0.1811 0.019 0.0377 
1 0.4704 0.1566 0.0137 0.0264 
1 0.4752 0.1406 0.0169 0.0208 
1 0.4905 0.1302 0.0137 0.0264 
1 0.5005 0.1557 0.0148 0.0283 
1 0.5132 0.1443 0.0127 0.0208 
1 0.5063 0.117 0.0137 0.0264 
1 0.5285 0.1245 0.0116 0.0264 
1 0.5253 0.1717 0.0158 0.0302 
1 0.5475 0.1962 0.0201 0.0377 
1 0.5539 0.1585 0.0158 0.0302 
1 0.5528 0.133 0.0116 0.0245 
1 0.5491 0.1198 0.0148 0.0358 
1 0.491 0.3009 0.0296 0.0585 
1 0.5517 0.3066 0.0306 0.0585 
1 0.5808 0.2462 0.0275 0.0585 
1 0.5898 0.1708 0.0222 0.0396 
1 0.5744 0.1283 0.0148 0.0302 
1 0.5834 0.1113 0.0158 0.0302 
1 0.6014 0.1217 0.018 0.0321 
1 0.6209 0.1575 0.0148 0.0321 
1 0.6272 0.1292 0.0169 0.0283 
1 0.6336 0.1028 0.0127 0.0283 
1 0.6552 0.1245 0.0158 0.0302 
1 0.6684 0.0972 0.0148 0.0321 
1 0.6895 0.1226 0.0148 0.0264 
1 0.6932 0.0981 0.0116 0.0226 
1 0.7117 0.1085 0.0148 0.0321 
1 0.6526 0.1877 0.019 0.0396 
1 0.6267 0.2132 0.0222 0.034 
1 0.6304 0.2368 0.0211 0.0434 
1 0.6077 0.3377 0.0306 0.0679 
1 0.68 0.2453 0.0232 0.0528 
1 0.7154 0.217 0.0222 0.0528 
1 0.6843 0.3453 0.038 0.0717 
1 0.7555 0.3811 0.0327 0.0679 
1 0.8115 0.4255 0.0391 0.066 
1 0.9097 0.4255 0.037 0.0887 
1 0.9256 0.3443 0.0306 0.0623 
1 0.9203 0.284 0.0222 0.0547 
1 0.9535 0.2236 0.0169 0.0396 
1 0.8791 0.2198 0.0201 0.0434 
1 0.8696 0.2632 0.0201 0.0472 
1 0.8363 0.3434 0.0253 0.0528 
1 0.7793 0.3151 0.0232 0.0566 
1 0.7307 0.3028 0.0253 0.0547 
1 0.7777 0.2651 0.0285 0.0509 
1 0.7999 0.233 0.0201 0.0434 
1 0.8242 0.2623 0.0222 0.0642 
1 0.7075 0.1726 0.0169 0.0321 
1 0.7006 0.1528 0.0158 0.034 
1 0.7328 0.1415 0.0127 0.0302 
1 0.745 0.1604 0.0158 0.0415 
1 0.7619 0.1528 0.0158 0.0302 
1 0.7614 0.1302 0.0127 0.0226 
1 0.7846 0.134 0.0148 0.034 
1 0.7994 0.1566 0.0169 0.0377 
1 0.7645 0.2019 0.0211 0.0415 
