1 0.118 0.6695 0.0298 0.0814 
1 0.0656 0.517 0.0266 0.0682 
1 0.0769 0.464 0.0233 0.0644 
1 0.1932 0.4716 0.0225 0.0682 
1 0.2347 0.4025 0.0217 0.0625 
1 0.246 0.3239 0.0185 0.0644 
1 0.1711 0.2907 0.0153 0.0511 
1 0.1634 0.2509 0.0161 0.0436 
1 0.1288 0.2784 0.0177 0.0455 
1 0.1212 0.2396 0.0153 0.0511 
1 0.0499 0.3097 0.0145 0.0511 
1 0.039 0.2737 0.0153 0.0473 
1 0.0403 0.2434 0.0113 0.0322 
1 0.0423 0.2206 0.0137 0.036 
1 0.1453 0.1686 0.0153 0.0379 
1 0.1634 0.196 0.0145 0.0398 
1 0.1844 0.2188 0.0161 0.0436 
1 0.2037 0.1458 0.0113 0.0379 
1 0.2166 0.1506 0.0129 0.0398 
1 0.2464 0.1373 0.0129 0.0398 
1 0.2886 0.1449 0.0137 0.0436 
1 0.2923 0.1809 0.0145 0.0436 
1 0.289 0.2244 0.0161 0.0473 
1 0.31 0.2576 0.0161 0.053 
1 0.3458 0.2415 0.0185 0.0511 
1 0.378 0.1922 0.0137 0.0436 
1 0.4066 0.1837 0.0145 0.0455 
1 0.3583 0.0985 0.0129 0.0417 
1 0.3986 0.0956 0.0113 0.036 
1 0.4283 0.1032 0.0129 0.0398 
1 0.5443 0.5009 0.0322 0.0777 
1 0.473 0.3182 0.0233 0.0568 
1 0.5608 0.3438 0.0233 0.0663 
1 0.6783 0.3703 0.0185 0.0549 
1 0.7057 0.3002 0.0201 0.0549 
1 0.779 0.4034 0.025 0.0606 
1 0.7323 0.2263 0.0153 0.0436 
1 0.7097 0.2254 0.0153 0.0417 
1 0.6973 0.2386 0.0161 0.0455 
1 0.7077 0.1932 0.0129 0.0379 
1 0.7733 0.2339 0.0169 0.0511 
1 0.8124 0.2585 0.0145 0.0549 
1 0.8482 0.2973 0.0201 0.0455 
1 0.6333 0.2614 0.0169 0.0455 
1 0.5705 0.2216 0.0185 0.0455 
1 0.5616 0.197 0.0137 0.0417 
1 0.5729 0.1553 0.0121 0.0379 
1 0.5942 0.1581 0.0129 0.0322 
1 0.6421 0.1629 0.0137 0.0379 
1 0.4895 0.2434 0.0177 0.0511 
1 0.4964 0.1989 0.0169 0.0455 
1 0.4698 0.1847 0.0169 0.0436 
1 0.4605 0.1449 0.0145 0.036 
1 0.498 0.1383 0.0153 0.0379 
1 0.4762 0.0994 0.0105 0.0284 
1 0.4762 0.0795 0.0105 0.0227 
1 0.5233 0.0928 0.0129 0.0303 
1 0.5853 0.108 0.0097 0.0379 
1 0.6192 0.1307 0.0129 0.0341 
