1 0.0942 0.3862 0.045 0.0825 
1 0.0708 0.5637 0.0383 0.0575 
1 0.0817 0.63 0.07 0.09 
1 0.17 0.6088 0.0467 0.0675 
1 0.1958 0.6975 0.075 0.115 
1 0.33 0.605 0.0533 0.09 
1 0.2558 0.5375 0.0417 0.065 
1 0.3225 0.5125 0.0383 0.055 
1 0.3658 0.54 0.0417 0.065 
1 0.3925 0.5325 0.035 0.07 
1 0.3875 0.745 0.085 0.14 
1 0.4725 0.6362 0.0583 0.0975 
1 0.5117 0.5787 0.05 0.0675 
1 0.53 0.525 0.04 0.055 
1 0.6167 0.7 0.06 0.085 
1 0.6517 0.595 0.0533 0.075 
1 0.6392 0.5425 0.0417 0.06 
1 0.795 0.5713 0.05 0.0725 
1 0.8375 0.6012 0.065 0.0975 
1 0.9375 0.5675 0.0517 0.08 
