1 0.0227 0.5286 0.0273 0.0452 
1 0.0536 0.5527 0.0345 0.0512 
1 0.0918 0.4985 0.0236 0.0271 
1 0.1191 0.5211 0.0273 0.0422 
1 0.1555 0.4834 0.02 0.0271 
1 0.1836 0.4699 0.0182 0.0301 
1 0.1973 0.4593 0.0164 0.0271 
1 0.2082 0.5467 0.0273 0.0392 
1 0.2173 0.488 0.02 0.0361 
1 0.2464 0.4729 0.02 0.0301 
1 0.2891 0.5105 0.0218 0.0392 
1 0.3291 0.4774 0.0218 0.0452 
1 0.3245 0.4383 0.02 0.0271 
1 0.3545 0.4518 0.0145 0.0241 
1 0.3736 0.5241 0.0236 0.0542 
1 0.2873 0.4458 0.0182 0.0361 
1 0.2627 0.3464 0.02 0.0361 
1 0.6345 0.4066 0.0364 0.0663 
1 0.6564 0.4729 0.0509 0.0964 
1 0.7964 0.4849 0.0873 0.1506 
1 0.8873 0.5753 0.1782 0.247 
1 0.6709 0.3178 0.0255 0.0452 
1 0.6236 0.366 0.0255 0.0452 
1 0.5936 0.3765 0.0164 0.0361 
