1 0.4012 0.2456 0.0217 0.0421 
1 0.3903 0.2412 0.0158 0.0333 
1 0.3765 0.2026 0.0237 0.0474 
1 0.4175 0.2 0.0168 0.0351 
1 0.4313 0.2035 0.0168 0.0421 
1 0.4501 0.25 0.0247 0.0544 
1 0.4713 0.2114 0.0198 0.0404 
1 0.4328 0.1702 0.0138 0.0281 
1 0.4125 0.164 0.0128 0.0368 
1 0.4625 0.1667 0.0158 0.0316 
1 0.498 0.2 0.0217 0.0386 
1 0.5163 0.2228 0.0208 0.0421 
1 0.5326 0.1991 0.0198 0.0509 
1 0.5543 0.1675 0.0178 0.0368 
1 0.5371 0.157 0.0148 0.0404 
1 0.5292 0.1456 0.0128 0.0281 
1 0.4956 0.1219 0.0128 0.0228 
1 0.4862 0.1553 0.0158 0.0368 
1 0.4654 0.1439 0.0138 0.0281 
1 0.4916 0.1421 0.0168 0.0246 
1 0.5598 0.1298 0.0089 0.0246 
1 0.5756 0.1421 0.0168 0.0351 
1 0.6018 0.1649 0.0178 0.0316 
1 0.6003 0.136 0.0128 0.0263 
1 0.5998 0.1149 0.0138 0.0263 
1 0.623 0.1018 0.0128 0.0211 
1 0.6225 0.1272 0.0119 0.0228 
1 0.6487 0.1482 0.0168 0.0333 
1 0.6556 0.1123 0.0168 0.0316 
1 0.6907 0.1228 0.0158 0.0316 
1 0.7041 0.1158 0.0148 0.0316 
1 0.6255 0.214 0.0178 0.0386 
1 0.6067 0.257 0.0296 0.0579 
1 0.5613 0.2711 0.0257 0.0474 
1 0.6329 0.2965 0.0366 0.0526 
1 0.6823 0.357 0.0346 0.0684 
1 0.7584 0.3456 0.0504 0.1053 
1 0.7426 0.2702 0.0306 0.0667 
1 0.7564 0.243 0.0247 0.0509 
1 0.7564 0.1965 0.0208 0.0386 
1 0.7446 0.1649 0.0168 0.0386 
1 0.7258 0.1535 0.0168 0.0333 
1 0.7174 0.1605 0.0158 0.0368 
1 0.7159 0.1991 0.0168 0.0368 
1 0.6789 0.1877 0.0198 0.0421 
1 0.7584 0.1395 0.0128 0.0298 
1 0.7821 0.1333 0.0128 0.0351 
1 0.7925 0.1579 0.0138 0.0386 
1 0.8029 0.1781 0.0188 0.0404 
1 0.795 0.2105 0.0168 0.0386 
1 0.8207 0.2746 0.0227 0.0509 
1 0.8429 0.2228 0.0158 0.0386 
1 0.8271 0.1833 0.0158 0.0439 
1 0.8404 0.1614 0.0188 0.0386 
1 0.8572 0.1842 0.0148 0.0351 
1 0.8785 0.1763 0.0158 0.0333 
1 0.872 0.2614 0.0208 0.0526 
1 0.8592 0.3184 0.0247 0.0614 
1 0.9254 0.3202 0.0267 0.0544 
1 0.8864 0.2439 0.0178 0.0456 
1 0.9051 0.2202 0.0158 0.0404 
1 0.8967 0.1939 0.0128 0.0298 
1 0.9373 0.1693 0.0168 0.0368 
1 0.9407 0.1982 0.0138 0.0351 
1 0.9457 0.2202 0.0198 0.0333 
1 0.9303 0.2465 0.0148 0.0404 
