1 0.1373 0.6607 0.1333 0.2102 
1 0.1225 0.4835 0.0529 0.0841 
1 0.2324 0.4429 0.0333 0.0571 
1 0.2755 0.518 0.0725 0.1171 
1 0.2696 0.4354 0.0255 0.048 
1 0.3069 0.4399 0.0294 0.0511 
1 0.3235 0.4144 0.0314 0.0601 
1 0.3608 0.479 0.0471 0.0871 
1 0.3892 0.4595 0.0294 0.0601 
1 0.4127 0.4369 0.0255 0.045 
1 0.3931 0.4189 0.0176 0.039 
1 0.4 0.3874 0.0157 0.03 
1 0.4569 0.3829 0.0196 0.027 
1 0.5275 0.3829 0.0196 0.027 
1 0.5902 0.3844 0.0157 0.024 
1 0.55 0.4354 0.0176 0.03 
1 0.5696 0.4369 0.0255 0.039 
1 0.6078 0.4369 0.0275 0.0511 
1 0.5931 0.4114 0.0176 0.036 
1 0.6392 0.4279 0.0196 0.039 
1 0.6745 0.5135 0.0706 0.0961 
1 0.7108 0.458 0.0255 0.0571 
1 0.6814 0.4264 0.0176 0.042 
1 0.6686 0.4505 0.0196 0.036 
1 0.7275 0.4309 0.0196 0.033 
1 0.7 0.4279 0.0235 0.033 
1 0.7794 0.509 0.0529 0.0811 
1 0.8245 0.452 0.0333 0.0511 
1 0.8853 0.7102 0.1431 0.2733 
1 0.8912 0.53 0.0686 0.1111 
1 0.9745 0.4595 0.0275 0.0541 
