1 0.3425 0.2176 0.0202 0.0392 
1 0.3444 0.2662 0.0259 0.0683 
1 0.402 0.2543 0.0259 0.0444 
1 0.4174 0.2304 0.0183 0.0307 
1 0.4419 0.2261 0.0231 0.0461 
1 0.4909 0.2244 0.0173 0.0461 
1 0.4827 0.1297 0.0144 0.0239 
1 0.5086 0.1297 0.0125 0.0239 
1 0.5226 0.1399 0.0154 0.0341 
1 0.5134 0.1766 0.0183 0.0392 
1 0.5427 0.2116 0.0192 0.0375 
1 0.5879 0.1766 0.0211 0.0324 
1 0.5802 0.1246 0.0134 0.0239 
1 0.6057 0.1323 0.0163 0.0324 
1 0.6287 0.1442 0.0144 0.0324 
1 0.5797 0.2534 0.0202 0.0529 
1 0.6441 0.2517 0.024 0.0427 
1 0.6378 0.2338 0.0211 0.041 
1 0.6748 0.2833 0.024 0.0444 
1 0.7325 0.2961 0.0259 0.0631 
1 0.6748 0.1945 0.0183 0.0375 
1 0.6974 0.186 0.0173 0.0341 
1 0.7358 0.1869 0.0192 0.0324 
1 0.7329 0.0776 0.0154 0.0324 
1 0.743 0.0776 0.0144 0.0256 
1 0.7642 0.2722 0.0259 0.0461 
1 0.8122 0.2824 0.024 0.0597 
1 0.8511 0.1954 0.0173 0.029 
1 0.8439 0.2363 0.0163 0.0461 
1 0.8698 0.2892 0.0221 0.0495 
1 0.8569 0.3234 0.0269 0.0529 
1 0.9212 0.3601 0.0211 0.0683 
1 0.938 0.2807 0.0183 0.0529 
1 0.9371 0.2449 0.0144 0.0358 
1 0.8919 0.2218 0.0202 0.041 
