1 0.1572 0.4992 0.054 0.1275 
1 0.1474 0.3402 0.027 0.0447 
1 0.2163 0.4379 0.0623 0.1142 
1 0.2609 0.2707 0.0288 0.0447 
1 0.3056 0.1937 0.0233 0.0364 
1 0.3126 0.3742 0.0353 0.0662 
1 0.3516 0.1772 0.0186 0.0397 
1 0.3786 0.2161 0.0223 0.0447 
1 0.3935 0.202 0.0149 0.0232 
1 0.4623 0.2285 0.0205 0.0397 
1 0.4605 0.2773 0.0353 0.0712 
1 0.5088 0.2757 0.0205 0.0513 
1 0.5553 0.2136 0.0223 0.0596 
1 0.5726 0.0894 0.014 0.0298 
1 0.5837 0.125 0.0214 0.0447 
1 0.6321 0.2566 0.0233 0.0596 
1 0.6019 0.3022 0.0316 0.0646 
1 0.6456 0.1358 0.0205 0.043 
1 0.6679 0.1374 0.0205 0.053 
1 0.6916 0.1424 0.0214 0.0464 
