1 0.0501 0.5718 0.025 0.0478 
1 0.0286 0.5706 0.0286 0.0407 
1 0.0975 0.5933 0.034 0.0526 
1 0.1252 0.5634 0.0358 0.0359 
1 0.1717 0.5849 0.0286 0.0455 
1 0.2657 0.4976 0.0733 0.1148 
1 0.3435 0.5742 0.0286 0.0431 
1 0.3766 0.5742 0.0304 0.0478 
1 0.4213 0.6136 0.0376 0.0502 
1 0.407 0.5167 0.0233 0.0287 
1 0.4848 0.6041 0.0358 0.0646 
1 0.5295 0.5945 0.0322 0.0455 
1 0.5501 0.6567 0.0662 0.1077 
1 0.5769 0.6268 0.0376 0.0574 
1 0.6968 0.6459 0.0483 0.0861 
1 0.6279 0.5969 0.0286 0.0455 
1 0.6091 0.4844 0.0197 0.0359 
1 0.5948 0.4677 0.0197 0.0311 
1 0.7406 0.5861 0.0215 0.0335 
1 0.8157 0.5263 0.025 0.0383 
1 0.864 0.6136 0.0358 0.0502 
1 0.805 0.634 0.0465 0.0718 
1 0.7826 0.5909 0.0268 0.0383 
1 0.7621 0.5789 0.0143 0.0335 
1 0.9195 0.6352 0.0572 0.0694 
1 0.8953 0.5813 0.0197 0.0287 
1 0.9329 0.5861 0.0197 0.0287 
1 0.941 0.5754 0.0179 0.0263 
1 0.9785 0.5933 0.0286 0.0478 
