1 0.0177 0.5281 0.0313 0.0533 
1 0.0633 0.6417 0.0507 0.0714 
1 0.045 0.6246 0.0327 0.0613 
1 0.2237 0.5201 0.0247 0.0432 
1 0.2573 0.5106 0.0267 0.0462 
1 0.3237 0.6663 0.062 0.1045 
1 0.395 0.7126 0.078 0.1166 
1 0.4247 0.6598 0.0387 0.0714 
1 0.4703 0.6724 0.0513 0.0945 
1 0.4603 0.5045 0.022 0.0382 
1 0.5297 0.6658 0.0407 0.0734 
1 0.5447 0.7412 0.0773 0.1116 
1 0.5693 0.8397 0.1333 0.1899 
1 0.5713 0.6784 0.048 0.0804 
1 0.7187 0.6638 0.0507 0.0915 
1 0.754 0.7392 0.076 0.1055 
1 0.7727 0.8121 0.1107 0.1688 
1 0.8453 0.7412 0.0693 0.0935 
1 0.8267 0.6975 0.06 0.0864 
1 0.9 0.5487 0.032 0.0663 
1 0.9687 0.6905 0.0627 0.1025 
