1 0.1781 0.4891 0.0461 0.0801 
1 0.2636 0.2437 0.016 0.0334 
1 0.3026 0.2513 0.015 0.0317 
1 0.3172 0.2621 0.0197 0.0401 
1 0.3224 0.2362 0.0169 0.0317 
1 0.3285 0.212 0.016 0.0301 
1 0.3609 0.2229 0.0188 0.0384 
1 0.3567 0.2062 0.0141 0.0284 
1 0.3529 0.2621 0.0216 0.0467 
1 0.3966 0.2579 0.0207 0.0484 
1 0.4027 0.2129 0.016 0.0351 
1 0.3877 0.1861 0.016 0.0317 
1 0.3811 0.1803 0.0103 0.0267 
1 0.4319 0.2504 0.0235 0.0467 
1 0.4196 0.1836 0.0179 0.0367 
1 0.4586 0.1803 0.0188 0.0367 
1 0.4803 0.2254 0.0207 0.0434 
1 0.4948 0.1962 0.0235 0.0384 
1 0.4817 0.1594 0.0179 0.0351 
1 0.469 0.1411 0.015 0.025 
1 0.4915 0.1311 0.0132 0.025 
1 0.5038 0.1477 0.0188 0.0384 
1 0.5301 0.1561 0.0188 0.0317 
1 0.5352 0.192 0.0216 0.0401 
1 0.5573 0.1578 0.0169 0.0384 
1 0.5695 0.1436 0.0169 0.0301 
1 0.5691 0.1185 0.0141 0.0301 
1 0.5874 0.1619 0.0169 0.0334 
1 0.5959 0.1377 0.0132 0.0284 
1 0.5907 0.1169 0.0103 0.02 
1 0.6175 0.1402 0.0169 0.0301 
1 0.6133 0.1202 0.0141 0.0267 
1 0.6466 0.1093 0.0169 0.0317 
1 0.6349 0.1285 0.016 0.0334 
1 0.6711 0.1311 0.0113 0.0317 
1 0.524 0.2988 0.031 0.0668 
1 0.562 0.2429 0.0226 0.0551 
1 0.5728 0.2855 0.031 0.0668 
1 0.6358 0.2538 0.0291 0.0601 
1 0.6349 0.3005 0.0273 0.0601 
1 0.6353 0.1987 0.0244 0.0467 
1 0.6621 0.1753 0.0197 0.0434 
1 0.6673 0.2003 0.0188 0.0467 
1 0.6809 0.2437 0.0291 0.0634 
1 0.6997 0.2145 0.0235 0.0584 
1 0.7016 0.1828 0.0235 0.0417 
1 0.6908 0.1386 0.0169 0.0401 
1 0.7054 0.1377 0.016 0.0384 
1 0.7246 0.1636 0.0188 0.0401 
1 0.7448 0.1878 0.016 0.0451 
1 0.7495 0.1361 0.016 0.0417 
1 0.7387 0.1194 0.0169 0.0351 
1 0.7679 0.1319 0.0169 0.0367 
1 0.7721 0.1561 0.0197 0.0384 
1 0.7815 0.1828 0.0216 0.0484 
1 0.7843 0.2254 0.0235 0.0501 
1 0.7726 0.2588 0.0282 0.0568 
1 0.7082 0.2763 0.031 0.0618 
1 0.8459 0.3005 0.0282 0.0601 
1 0.7951 0.1402 0.0169 0.0367 
1 0.8064 0.1603 0.0169 0.0334 
1 0.8275 0.1953 0.0197 0.0467 
1 0.851 0.2279 0.0254 0.0551 
1 0.8459 0.1686 0.0188 0.0367 
1 0.8416 0.1311 0.016 0.0351 
1 0.8576 0.1511 0.016 0.0417 
1 0.8853 0.1753 0.0132 0.0401 
1 0.8961 0.2003 0.0179 0.0467 
1 0.9206 0.2329 0.0216 0.0518 
1 0.9333 0.2571 0.0226 0.0534 
1 0.9051 0.192 0.0132 0.0267 
1 0.8961 0.1603 0.0122 0.0367 
