1 0.1813 0.4714 0.044 0.0997 
1 0.25 0.2361 0.0238 0.0507 
1 0.2669 0.2296 0.0247 0.0539 
1 0.299 0.2214 0.0174 0.0408 
1 0.3187 0.2312 0.0183 0.0408 
1 0.3544 0.174 0.0238 0.0376 
1 0.3837 0.1961 0.0165 0.0392 
1 0.4171 0.2124 0.0229 0.0425 
1 0.4501 0.1413 0.0247 0.0408 
1 0.5467 0.1389 0.0183 0.0392 
1 0.5142 0.0662 0.0101 0.0212 
1 0.5348 0.0523 0.0128 0.0294 
1 0.6387 0.1356 0.0137 0.0261 
1 0.6177 0.0572 0.0137 0.0294 
1 0.6612 0.116 0.0147 0.0294 
1 0.6653 0.1348 0.0119 0.0278 
1 0.6978 0.067 0.0165 0.0294 
1 0.728 0.067 0.0147 0.0327 
1 0.756 0.1307 0.0156 0.0359 
1 0.7734 0.1373 0.0137 0.0359 
1 0.832 0.2565 0.0211 0.0556 
1 0.8709 0.1895 0.0183 0.0392 
1 0.8947 0.2549 0.0183 0.0458 
1 0.924 0.2492 0.0201 0.0474 
1 0.9418 0.1855 0.0174 0.0343 
