1 0.2199 0.3595 0.0381 0.0869 
1 0.1751 0.2089 0.0185 0.0407 
1 0.3682 0.2107 0.0381 0.0591 
1 0.414 0.1895 0.0227 0.0647 
1 0.6308 0.2153 0.0257 0.0351 
1 0.4392 0.1442 0.0134 0.0222 
1 0.4624 0.1414 0.0144 0.024 
1 0.4892 0.1405 0.0124 0.0259 
1 0.5206 0.1285 0.0175 0.0277 
1 0.4511 0.1719 0.0144 0.0222 
1 0.4954 0.1969 0.0144 0.0277 
1 0.4794 0.1922 0.0175 0.0296 
1 0.7194 0.1987 0.0154 0.0425 
1 0.6988 0.1747 0.0154 0.0351 
1 0.639 0.1229 0.0134 0.0277 
1 0.655 0.1285 0.0124 0.0351 
1 0.7271 0.1543 0.0103 0.0277 
1 0.7379 0.1839 0.0196 0.0277 
1 0.7745 0.1488 0.0144 0.0277 
1 0.8115 0.1442 0.0144 0.0333 
1 0.7904 0.183 0.0134 0.037 
1 0.8275 0.1821 0.0154 0.0277 
1 0.809 0.1774 0.0175 0.0296 
1 0.8687 0.2911 0.0175 0.0462 
1 0.932 0.2384 0.0165 0.0333 
1 0.8996 0.171 0.0134 0.0314 
1 0.9346 0.1904 0.0134 0.0296 
1 0.9753 0.1821 0.0185 0.0425 
