1 0.0534 0.3688 0.0312 0.0644 
1 0.2585 0.2896 0.0217 0.0413 
1 0.285 0.2591 0.0217 0.0396 
1 0.3053 0.236 0.0189 0.0363 
1 0.3185 0.2525 0.0227 0.0396 
1 0.3511 0.2723 0.0236 0.0462 
1 0.3842 0.3028 0.0274 0.0578 
1 0.3743 0.2153 0.017 0.038 
1 0.3918 0.2162 0.018 0.0396 
1 0.4201 0.2294 0.0217 0.0429 
1 0.423 0.1906 0.018 0.0314 
1 0.4102 0.1741 0.0151 0.0281 
1 0.4509 0.1931 0.017 0.0363 
1 0.4485 0.2269 0.0198 0.0347 
1 0.4882 0.2244 0.0217 0.0429 
1 0.4953 0.1964 0.017 0.0363 
1 0.4787 0.1724 0.0142 0.0281 
1 0.4844 0.1601 0.0161 0.033 
1 0.4707 0.1559 0.0132 0.0248 
1 0.4565 0.1518 0.0132 0.0264 
1 0.4598 0.1766 0.0142 0.0264 
1 0.4754 0.1955 0.0189 0.0281 
1 0.526 0.2104 0.0198 0.0413 
1 0.5095 0.1749 0.0151 0.033 
1 0.4915 0.1312 0.0095 0.0215 
1 0.5255 0.1444 0.0132 0.0314 
1 0.5359 0.132 0.0132 0.0264 
1 0.551 0.1502 0.017 0.0396 
1 0.4995 0.2822 0.0255 0.0528 
1 0.5657 0.2896 0.0274 0.0611 
1 0.5671 0.245 0.0227 0.0479 
1 0.5799 0.17 0.0142 0.0429 
1 0.5685 0.1139 0.0142 0.0264 
1 0.5907 0.1262 0.0151 0.0347 
1 0.6229 0.1436 0.0189 0.033 
1 0.6059 0.099 0.0151 0.0297 
1 0.6248 0.1163 0.0113 0.0215 
1 0.6215 0.0998 0.0104 0.0215 
1 0.6456 0.1246 0.017 0.0314 
1 0.6564 0.104 0.0123 0.0264 
1 0.6867 0.1188 0.0161 0.033 
1 0.6909 0.1064 0.0132 0.0281 
1 0.6938 0.1535 0.0189 0.0429 
1 0.656 0.1716 0.0189 0.0429 
1 0.6262 0.198 0.0217 0.0495 
1 0.6215 0.2574 0.0255 0.0561 
1 0.6054 0.3408 0.0293 0.0677 
1 0.6701 0.349 0.034 0.071 
1 0.725 0.2954 0.0284 0.0594 
1 0.6668 0.2607 0.0255 0.0495 
1 0.6673 0.2104 0.0208 0.0413 
1 0.7004 0.217 0.0227 0.0479 
1 0.707 0.1757 0.0189 0.0347 
1 0.7164 0.1419 0.017 0.0363 
1 0.7377 0.1254 0.0142 0.0396 
1 0.785 0.2937 0.0274 0.0627 
1 0.7637 0.217 0.0246 0.0545 
1 0.7472 0.1799 0.0217 0.0462 
1 0.7647 0.1592 0.017 0.0314 
1 0.7528 0.137 0.0161 0.033 
1 0.7727 0.1254 0.0142 0.033 
1 0.7892 0.1262 0.0151 0.038 
1 0.8077 0.1328 0.018 0.0314 
1 0.8195 0.1271 0.0132 0.0264 
1 0.8147 0.1741 0.0189 0.038 
1 0.8294 0.1757 0.018 0.0347 
1 0.8526 0.1881 0.0208 0.0429 
1 0.8445 0.1403 0.0123 0.033 
1 0.8578 0.1493 0.018 0.038 
1 0.8767 0.1262 0.0142 0.038 
1 0.8776 0.2071 0.0161 0.0479 
1 0.8937 0.1906 0.018 0.0446 
1 0.9017 0.1361 0.0189 0.038 
1 0.9343 0.1625 0.0161 0.038 
1 0.9319 0.198 0.0227 0.0462 
1 0.9291 0.2789 0.0246 0.0627 
1 0.8261 0.2277 0.0227 0.0429 
