1 0.1914 0.4547 0.038 0.0766 
1 0.2397 0.3364 0.014 0.032 
1 0.2719 0.3454 0.019 0.039 
1 0.3032 0.3586 0.0206 0.0376 
1 0.2958 0.3036 0.0157 0.0306 
1 0.3498 0.3586 0.0198 0.0376 
1 0.3729 0.3245 0.0149 0.0306 
1 0.3696 0.2918 0.0149 0.0348 
1 0.396 0.3315 0.0132 0.0251 
1 0.4187 0.3301 0.0173 0.0279 
1 0.4567 0.3336 0.0157 0.032 
1 0.42 0.3008 0.0149 0.0306 
1 0.42 0.2716 0.0149 0.0251 
1 0.4055 0.257 0.0124 0.0237 
1 0.4509 0.2695 0.0157 0.0265 
1 0.4472 0.3043 0.0132 0.0292 
1 0.4827 0.3001 0.0116 0.0265 
1 0.4806 0.266 0.014 0.0251 
1 0.4732 0.2437 0.0074 0.0195 
1 0.481 0.2347 0.0132 0.0209 
1 0.5074 0.2653 0.0132 0.0292 
1 0.5128 0.312 0.0173 0.0362 
1 0.5281 0.2772 0.0149 0.0279 
1 0.573 0.2486 0.0124 0.0237 
1 0.5351 0.2507 0.0124 0.0251 
1 0.5454 0.257 0.0149 0.0265 
1 0.5755 0.2159 0.0107 0.0195 
1 0.5854 0.2416 0.0107 0.0237 
1 0.6172 0.2242 0.0132 0.0251 
1 0.6242 0.2033 0.0107 0.0251 
1 0.639 0.2208 0.0107 0.0237 
1 0.6477 0.2465 0.0132 0.0251 
1 0.6159 0.2549 0.0124 0.0195 
1 0.5842 0.2751 0.0165 0.0292 
1 0.6757 0.2103 0.0099 0.0223 
1 0.6869 0.2284 0.0107 0.0279 
1 0.703 0.227 0.0149 0.0251 
1 0.6811 0.273 0.014 0.0279 
1 0.5149 0.3788 0.0264 0.0474 
1 0.5573 0.4011 0.0256 0.0418 
1 0.552 0.3691 0.0231 0.0306 
1 0.6106 0.3252 0.0198 0.0376 
1 0.625 0.4192 0.0305 0.0557 
1 0.6803 0.3677 0.0239 0.039 
1 0.6601 0.3412 0.0182 0.039 
1 0.6452 0.3015 0.0165 0.0348 
1 0.7158 0.2604 0.0107 0.0279 
1 0.7335 0.2841 0.0132 0.0334 
1 0.7558 0.2221 0.0149 0.0265 
1 0.6873 0.4345 0.0363 0.0613 
1 0.7178 0.5118 0.0347 0.0738 
1 0.7517 0.4032 0.0248 0.0432 
1 0.7013 0.3524 0.0215 0.039 
1 0.8003 0.4039 0.0198 0.0446 
1 0.8144 0.4826 0.0264 0.0515 
1 0.8568 0.4331 0.0223 0.0474 
1 0.9233 0.4638 0.0297 0.0613 
1 0.9286 0.3948 0.019 0.0376 
1 0.9406 0.351 0.0132 0.0362 
1 0.8696 0.4074 0.0215 0.0487 
1 0.8214 0.3614 0.019 0.0376 
1 0.7578 0.2716 0.0107 0.0195 
1 0.7772 0.282 0.0132 0.0292 
1 0.776 0.2528 0.0107 0.0181 
1 0.7925 0.234 0.0124 0.0279 
1 0.7974 0.2751 0.0124 0.0237 
1 0.8238 0.3057 0.0157 0.0292 
1 0.8259 0.2779 0.0132 0.0209 
1 0.8234 0.243 0.0132 0.0265 
1 0.8531 0.2597 0.0116 0.0292 
1 0.868 0.2639 0.0116 0.0265 
1 0.8853 0.2556 0.0116 0.0292 
1 0.9088 0.2883 0.014 0.0306 
1 0.9493 0.282 0.0124 0.0237 
1 0.948 0.2994 0.0132 0.0251 
1 0.9447 0.3127 0.0149 0.0265 
1 0.8643 0.3127 0.014 0.0292 
1 0.8779 0.3405 0.0149 0.0404 
1 0.8998 0.321 0.0157 0.032 
1 0.8767 0.2876 0.014 0.0292 
