1 0.0611 0.4808 0.0476 0.0619 
1 0.2593 0.2918 0.0187 0.0318 
1 0.2826 0.2784 0.0168 0.0284 
1 0.2994 0.2701 0.0168 0.0351 
1 0.3428 0.2918 0.0177 0.0351 
1 0.3162 0.2391 0.0149 0.0334 
1 0.333 0.2366 0.0168 0.0284 
1 0.3661 0.2291 0.014 0.0368 
1 0.3909 0.209 0.0131 0.0334 
1 0.41 0.1823 0.014 0.0268 
1 0.4291 0.1881 0.0149 0.0318 
1 0.4599 0.1856 0.0205 0.0268 
1 0.4538 0.1538 0.0103 0.0268 
1 0.4701 0.1589 0.0131 0.0268 
1 0.3979 0.3002 0.0252 0.0418 
1 0.4132 0.2341 0.0187 0.0334 
1 0.4417 0.2408 0.0177 0.0368 
1 0.4767 0.2433 0.0205 0.0385 
1 0.493 0.2182 0.0159 0.0351 
1 0.4781 0.3211 0.0215 0.0535 
1 0.5322 0.3211 0.0289 0.0435 
1 0.5965 0.3436 0.0233 0.0552 
1 0.6735 0.3453 0.0243 0.0652 
1 0.7048 0.301 0.0233 0.0468 
1 0.7817 0.2985 0.0243 0.0485 
1 0.7635 0.2508 0.0159 0.0368 
1 0.7015 0.2375 0.0205 0.0435 
1 0.6637 0.2659 0.0215 0.0502 
1 0.6572 0.2199 0.0215 0.0418 
1 0.6138 0.2249 0.0187 0.0418 
1 0.6119 0.2667 0.0243 0.0318 
1 0.5424 0.2032 0.0177 0.0385 
1 0.5462 0.1706 0.0159 0.0268 
1 0.5238 0.1421 0.014 0.0301 
1 0.563 0.1171 0.014 0.0301 
1 0.5779 0.1789 0.0121 0.0334 
1 0.6273 0.1522 0.014 0.0268 
1 0.6101 0.1196 0.0112 0.0251 
1 0.5919 0.1079 0.0103 0.0184 
1 0.6385 0.112 0.0103 0.0268 
1 0.6978 0.1037 0.0131 0.0268 
1 0.6931 0.1547 0.0187 0.0251 
1 0.687 0.1973 0.0196 0.0401 
1 0.7253 0.1656 0.014 0.0368 
1 0.6507 0.1839 0.0159 0.0268 
1 0.7341 0.2099 0.0168 0.0351 
1 0.75 0.1697 0.0149 0.0217 
1 0.7327 0.1204 0.0084 0.0268 
1 0.7635 0.1346 0.0121 0.0351 
1 0.7803 0.1329 0.0103 0.0251 
1 0.7915 0.1405 0.0103 0.0301 
1 0.812 0.138 0.0103 0.0284 
1 0.8302 0.1472 0.0149 0.0301 
1 0.8167 0.1722 0.014 0.0301 
1 0.7962 0.1865 0.0121 0.0318 
1 0.8451 0.1865 0.0131 0.0318 
1 0.868 0.1329 0.0103 0.0284 
1 0.8983 0.1405 0.0112 0.0234 
1 0.9277 0.1672 0.0121 0.0201 
1 0.8913 0.1873 0.0121 0.0268 
1 0.8801 0.2032 0.0177 0.0318 
1 0.8661 0.2291 0.014 0.0401 
1 0.8633 0.1614 0.014 0.0251 
1 0.9235 0.2759 0.0149 0.0401 
1 0.9221 0.2115 0.0159 0.0351 
1 0.6707 0.1329 0.0112 0.0251 
1 0.4809 0.1697 0.0121 0.0284 
1 0.4893 0.1472 0.0121 0.0234 
1 0.5051 0.1798 0.014 0.0318 
1 0.3792 0.2433 0.0177 0.0318 
1 0.5574 0.2625 0.0215 0.0368 
1 0.5956 0.1304 0.014 0.0268 
1 0.5574 0.1497 0.014 0.0351 
1 0.5704 0.158 0.014 0.0318 
1 0.6091 0.1513 0.0131 0.0318 
1 0.6189 0.1062 0.0103 0.0251 
1 0.6329 0.1355 0.0121 0.0268 
1 0.6497 0.1254 0.0121 0.0268 
1 0.7467 0.1296 0.0121 0.0251 
1 0.7024 0.1405 0.0149 0.0334 
