1 0.1373 0.4647 0.0403 0.0817 
1 0.2144 0.3435 0.0158 0.0277 
1 0.254 0.356 0.0253 0.0332 
1 0.2805 0.3006 0.0166 0.0305 
1 0.3113 0.3317 0.0214 0.0402 
1 0.3267 0.3504 0.0237 0.0554 
1 0.3461 0.3227 0.015 0.0305 
1 0.3489 0.2881 0.0158 0.0305 
1 0.3774 0.3255 0.0174 0.036 
1 0.4047 0.3255 0.0182 0.036 
1 0.3975 0.2992 0.0166 0.0305 
1 0.3801 0.2659 0.015 0.0305 
1 0.4193 0.2583 0.0142 0.0208 
1 0.4284 0.2992 0.0134 0.0305 
1 0.4422 0.2472 0.0111 0.0208 
1 0.4616 0.2604 0.0166 0.0332 
1 0.4873 0.2542 0.0127 0.0291 
1 0.4937 0.2458 0.0111 0.018 
1 0.5107 0.2403 0.015 0.0235 
1 0.5103 0.2701 0.0142 0.0277 
1 0.4917 0.3199 0.0182 0.036 
1 0.4553 0.3075 0.015 0.0249 
1 0.4411 0.3421 0.0214 0.0277 
1 0.4513 0.4107 0.0245 0.0485 
1 0.5265 0.401 0.0229 0.0429 
1 0.5451 0.3456 0.0206 0.0429 
1 0.5625 0.277 0.0158 0.0277 
1 0.5344 0.2438 0.0134 0.0277 
1 0.5431 0.2216 0.0119 0.0194 
1 0.5581 0.2168 0.0103 0.018 
1 0.5574 0.2396 0.0119 0.0277 
1 0.5783 0.2445 0.0142 0.0263 
1 0.585 0.223 0.0119 0.0249 
1 0.5961 0.2022 0.0103 0.0194 
1 0.604 0.2154 0.0119 0.0208 
1 0.6088 0.2091 0.0103 0.0166 
1 0.6183 0.2438 0.0119 0.0222 
1 0.6345 0.2154 0.0111 0.018 
1 0.6353 0.2348 0.0111 0.0235 
1 0.6408 0.2244 0.0095 0.0194 
1 0.6535 0.2271 0.0111 0.0277 
1 0.663 0.2258 0.0111 0.0277 
1 0.6574 0.2611 0.0127 0.0319 
1 0.6147 0.2895 0.0158 0.0305 
1 0.5811 0.3158 0.0198 0.0416 
1 0.6357 0.3262 0.015 0.0319 
1 0.6428 0.3553 0.0229 0.054 
1 0.6673 0.3428 0.0198 0.0402 
1 0.5625 0.4245 0.0285 0.0596 
1 0.6238 0.4591 0.0293 0.0596 
1 0.5728 0.4093 0.019 0.0319 
1 0.6792 0.5097 0.0277 0.0637 
1 0.7148 0.394 0.0214 0.0429 
1 0.7492 0.4224 0.0222 0.0526 
1 0.7884 0.5152 0.0245 0.0693 
1 0.8169 0.4335 0.0229 0.0499 
1 0.7832 0.3691 0.019 0.0485 
1 0.8813 0.4508 0.0237 0.0512 
1 0.8691 0.4044 0.0214 0.0416 
1 0.8339 0.3691 0.0206 0.054 
1 0.8513 0.349 0.019 0.0416 
1 0.8983 0.347 0.0166 0.0402 
1 0.871 0.3241 0.0158 0.0332 
1 0.894 0.313 0.0127 0.0249 
1 0.9047 0.3082 0.0134 0.0291 
1 0.9019 0.2687 0.0142 0.0305 
1 0.8675 0.2853 0.015 0.0388 
1 0.818 0.3179 0.019 0.0374 
1 0.8018 0.3428 0.0198 0.0346 
1 0.7793 0.2999 0.0158 0.0291 
1 0.7931 0.2701 0.015 0.0277 
1 0.8133 0.2583 0.0127 0.0208 
1 0.8259 0.2805 0.0127 0.0235 
1 0.8331 0.2604 0.0111 0.0222 
1 0.8438 0.2521 0.0119 0.0277 
1 0.7413 0.2832 0.0127 0.0374 
1 0.752 0.2597 0.0134 0.0319 
1 0.7575 0.2292 0.015 0.0291 
1 0.731 0.2251 0.0127 0.0291 
1 0.7184 0.241 0.0127 0.0305 
1 0.7235 0.2576 0.0134 0.0277 
1 0.7013 0.2798 0.0166 0.036 
1 0.6855 0.2569 0.015 0.0346 
