1 0.1893 0.4196 0.0431 0.0818 
1 0.2792 0.2497 0.0136 0.0277 
1 0.2907 0.2524 0.0176 0.0388 
1 0.3083 0.2718 0.0176 0.0388 
1 0.3159 0.2399 0.0184 0.0388 
1 0.3343 0.2767 0.0248 0.043 
1 0.3371 0.2497 0.0192 0.0388 
1 0.3315 0.2136 0.0192 0.0333 
1 0.399 0.2601 0.0216 0.0458 
1 0.4157 0.2621 0.0216 0.0499 
1 0.3954 0.2219 0.0208 0.0444 
1 0.4073 0.1893 0.0176 0.0319 
1 0.399 0.1768 0.0152 0.0291 
1 0.4229 0.1796 0.0184 0.0374 
1 0.4341 0.2261 0.0216 0.0444 
1 0.4649 0.2254 0.0224 0.043 
1 0.4661 0.1546 0.02 0.0347 
1 0.4808 0.2039 0.0192 0.0388 
1 0.502 0.1872 0.0184 0.0361 
1 0.4421 0.163 0.0152 0.0264 
1 0.4449 0.1484 0.0128 0.0222 
1 0.496 0.1283 0.0144 0.0291 
1 0.514 0.1519 0.0152 0.0291 
1 0.5216 0.1276 0.0144 0.0277 
1 0.5475 0.1436 0.0152 0.0264 
1 0.5635 0.163 0.0216 0.043 
1 0.5471 0.2004 0.0192 0.0458 
1 0.5871 0.1498 0.016 0.0305 
1 0.6218 0.1449 0.0152 0.0319 
1 0.5907 0.1089 0.012 0.0291 
1 0.6014 0.1082 0.0144 0.0277 
1 0.6226 0.1262 0.012 0.0222 
1 0.6454 0.1179 0.0176 0.0333 
1 0.6649 0.1227 0.0152 0.0319 
1 0.6562 0.1685 0.02 0.043 
1 0.6246 0.1997 0.0208 0.0472 
1 0.6018 0.249 0.028 0.0596 
1 0.5551 0.2594 0.0256 0.0472 
1 0.5399 0.3141 0.0335 0.0569 
1 0.4908 0.2982 0.0343 0.0527 
1 0.6641 0.2386 0.0232 0.0499 
1 0.6705 0.2039 0.02 0.0444 
1 0.6877 0.1602 0.0176 0.0374 
1 0.7204 0.154 0.0192 0.0388 
1 0.7388 0.1865 0.0208 0.043 
1 0.74 0.2316 0.0216 0.0472 
1 0.7137 0.2635 0.0296 0.0583 
1 0.7121 0.2171 0.0232 0.0402 
1 0.7065 0.3128 0.0327 0.0652 
1 0.7572 0.3703 0.0383 0.0693 
1 0.7819 0.2933 0.0367 0.0596 
1 0.7676 0.156 0.0192 0.0347 
1 0.75 0.1387 0.0176 0.0361 
1 0.7863 0.1408 0.0168 0.0291 
1 0.8039 0.1727 0.0152 0.0374 
1 0.8107 0.2372 0.0224 0.0527 
1 0.7835 0.2115 0.0208 0.0402 
1 0.8267 0.2143 0.0192 0.0402 
1 0.8399 0.1817 0.0168 0.0361 
1 0.8758 0.1484 0.0168 0.0333 
1 0.8842 0.1852 0.016 0.0347 
1 0.8826 0.2184 0.0208 0.0374 
1 0.883 0.2614 0.0248 0.0485 
1 0.8562 0.3135 0.0288 0.0638 
1 0.9209 0.2628 0.024 0.0624 
