1 0.1909 0.2249 0.0946 0.1514 
1 0.3328 0.29 0.0442 0.0853 
1 0.4598 0.2633 0.0457 0.0746 
1 0.5008 0.2665 0.0457 0.0725 
1 0.5765 0.2761 0.0457 0.0832 
1 0.6175 0.2942 0.0615 0.1023 
1 0.6459 0.2559 0.0489 0.0768 
1 0.735 0.2431 0.0379 0.0725 
1 0.7461 0.2122 0.0315 0.0448 
1 0.7737 0.2708 0.0457 0.0896 
1 0.7973 0.2143 0.0363 0.0576 
1 0.8375 0.2239 0.0315 0.0597 
1 0.8691 0.2303 0.0315 0.0554 
1 0.9148 0.2036 0.0315 0.0618 
1 0.9401 0.2633 0.0536 0.0917 
1 0.959 0.2367 0.0473 0.0981 
1 0.989 0.2058 0.0221 0.0618 
