1 0.0726 0.5465 0.0526 0.0915 
1 0.2205 0.3405 0.0183 0.0319 
1 0.2508 0.3648 0.0231 0.0416 
1 0.2855 0.3592 0.0207 0.0416 
1 0.2863 0.3024 0.0175 0.0333 
1 0.3353 0.3544 0.0199 0.0485 
1 0.3493 0.3225 0.0159 0.0347 
1 0.3541 0.292 0.0159 0.0347 
1 0.3904 0.2635 0.0152 0.0305 
1 0.4027 0.2767 0.0159 0.0319 
1 0.4067 0.2913 0.0144 0.0333 
1 0.4075 0.3322 0.0191 0.0402 
1 0.384 0.3197 0.0215 0.0374 
1 0.4454 0.3377 0.0199 0.0374 
1 0.4362 0.301 0.0191 0.0388 
1 0.4609 0.3086 0.0239 0.0402 
1 0.4211 0.2455 0.0144 0.025 
1 0.4478 0.2566 0.0136 0.0333 
1 0.4498 0.2455 0.0144 0.0277 
1 0.4657 0.2316 0.0128 0.0222 
1 0.4725 0.2594 0.0167 0.0277 
1 0.4964 0.258 0.0152 0.0277 
1 0.5048 0.2455 0.0112 0.025 
1 0.5167 0.2399 0.0159 0.0277 
1 0.5219 0.2635 0.0167 0.0361 
1 0.5048 0.3114 0.0207 0.0374 
1 0.5427 0.2406 0.0136 0.0291 
1 0.5514 0.2191 0.0104 0.0222 
1 0.5662 0.2351 0.0128 0.0264 
1 0.5682 0.2171 0.0152 0.0208 
1 0.5618 0.258 0.0152 0.0277 
1 0.5514 0.2725 0.0152 0.0291 
1 0.5937 0.2164 0.0104 0.025 
1 0.5957 0.2476 0.0144 0.0264 
1 0.6057 0.2032 0.0104 0.0236 
1 0.6188 0.208 0.0128 0.025 
1 0.6284 0.2372 0.0128 0.0277 
1 0.6411 0.2129 0.0128 0.0236 
1 0.4621 0.405 0.0311 0.0583 
1 0.5343 0.3946 0.0271 0.0485 
1 0.5546 0.344 0.0199 0.0472 
1 0.5933 0.3114 0.0191 0.0402 
1 0.5734 0.423 0.0319 0.0693 
1 0.5774 0.4057 0.0271 0.0485 
1 0.6312 0.4501 0.0343 0.0624 
1 0.6244 0.2878 0.0159 0.0374 
1 0.6623 0.2254 0.012 0.0264 
1 0.6719 0.224 0.0136 0.0264 
1 0.6671 0.2587 0.0152 0.0347 
1 0.6958 0.2531 0.0136 0.0347 
1 0.7113 0.276 0.0159 0.0333 
1 0.7209 0.2594 0.0144 0.0361 
1 0.7277 0.2399 0.0136 0.0277 
1 0.7348 0.233 0.0152 0.025 
1 0.6471 0.3259 0.0215 0.0388 
1 0.6567 0.3551 0.0247 0.0527 
1 0.677 0.3412 0.0239 0.0499 
1 0.7337 0.3994 0.0287 0.0499 
1 0.7755 0.4015 0.0231 0.0485 
1 0.7667 0.2295 0.0152 0.0347 
1 0.7879 0.2559 0.0144 0.0236 
1 0.762 0.2607 0.0152 0.0333 
1 0.7855 0.2961 0.0159 0.0402 
1 0.7408 0.2781 0.0191 0.0402 
1 0.7488 0.2594 0.0112 0.0305 
1 0.811 0.2718 0.0159 0.0333 
1 0.8242 0.2566 0.0104 0.025 
1 0.8357 0.2718 0.0128 0.0361 
1 0.8469 0.2684 0.0128 0.0374 
1 0.8585 0.2573 0.0104 0.0347 
1 0.8772 0.2781 0.0112 0.0319 
1 0.9203 0.2594 0.0128 0.0333 
1 0.9151 0.3031 0.0136 0.0319 
1 0.9095 0.3363 0.0199 0.0374 
1 0.9091 0.3509 0.0191 0.0444 
1 0.9055 0.389 0.0199 0.0513 
1 0.8748 0.3211 0.0159 0.0374 
1 0.8281 0.3072 0.0183 0.0347 
1 0.8034 0.328 0.0183 0.0374 
1 0.8612 0.3544 0.0207 0.0485 
1 0.8461 0.3669 0.0223 0.0513 
1 0.7947 0.3696 0.0199 0.0513 
1 0.8293 0.4397 0.0239 0.0555 
1 0.8911 0.4577 0.0231 0.0583 
1 0.7065 0.4757 0.0335 0.0804 
1 0.7907 0.5208 0.0327 0.0763 
