1 0.3606 0.7325 0.1138 0.1583 
1 0.2637 0.6467 0.0975 0.11 
1 0.1781 0.5667 0.0737 0.0967 
1 0.0731 0.535 0.0712 0.09 
1 0.0425 0.4908 0.0375 0.055 
1 0.0125 0.51 0.0225 0.07 
1 0.1963 0.42 0.025 0.04 
1 0.2419 0.4317 0.0288 0.0467 
1 0.2581 0.4525 0.0238 0.0417 
1 0.3256 0.46 0.0312 0.0533 
1 0.3513 0.4642 0.03 0.0517 
1 0.3769 0.4858 0.0387 0.0583 
1 0.4406 0.5108 0.0488 0.0683 
1 0.5094 0.5367 0.0413 0.0833 
1 0.3781 0.4142 0.0262 0.035 
1 0.3625 0.4117 0.02 0.0367 
1 0.4319 0.43 0.0288 0.04 
1 0.4806 0.4283 0.0312 0.05 
1 0.4819 0.3967 0.0213 0.0367 
1 0.5262 0.3942 0.0225 0.035 
1 0.5575 0.4075 0.025 0.0483 
1 0.5331 0.4442 0.0312 0.0383 
1 0.5975 0.455 0.035 0.05 
1 0.64 0.5375 0.055 0.0783 
1 0.6619 0.4633 0.0413 0.0633 
1 0.725 0.425 0.0275 0.0433 
1 0.7488 0.4667 0.0425 0.0567 
1 0.8144 0.425 0.0387 0.0567 
1 0.83 0.4858 0.0575 0.075 
1 0.8862 0.4417 0.0425 0.0667 
1 0.9594 0.4942 0.0638 0.0917 
1 0.985 0.4475 0.03 0.0517 
