1 0.0379 0.5155 0.0557 0.0855 
1 0.1171 0.5036 0.0771 0.0945 
1 0.2736 0.4809 0.0729 0.1 
1 0.3393 0.5764 0.1271 0.1818 
1 0.3857 0.4545 0.0571 0.0764 
1 0.4021 0.3655 0.0414 0.0582 
1 0.4514 0.4645 0.0429 0.0709 
1 0.4764 0.4518 0.0329 0.0491 
1 0.4543 0.4264 0.0286 0.0418 
1 0.4829 0.4182 0.0257 0.04 
1 0.5364 0.4236 0.0243 0.0436 
1 0.5743 0.5118 0.0914 0.1364 
1 0.6471 0.5045 0.0686 0.1182 
1 0.5821 0.4445 0.0414 0.0564 
1 0.6029 0.4091 0.0286 0.04 
1 0.6307 0.4245 0.0529 0.0564 
1 0.6543 0.4018 0.0229 0.04 
1 0.6693 0.4418 0.0329 0.0545 
1 0.7086 0.4409 0.0514 0.0782 
1 0.7471 0.4373 0.0514 0.0709 
1 0.7836 0.4245 0.0386 0.0673 
1 0.7993 0.3991 0.03 0.0527 
1 0.8121 0.4173 0.0243 0.0455 
1 0.8271 0.4009 0.0343 0.0636 
1 0.9021 0.43 0.0443 0.0745 
1 0.965 0.4636 0.07 0.1418 
1 0.8471 0.5018 0.0714 0.1018 
