1 0.1344 0.5138 0.1319 0.125 
1 0.0593 0.5906 0.1052 0.1938 
1 0.6544 0.5312 0.1135 0.085 
1 0.6694 0.4344 0.0534 0.0413 
1 0.5718 0.3962 0.0451 0.0375 
1 0.5885 0.4494 0.0484 0.0413 
1 0.5209 0.4325 0.0634 0.055 
1 0.4558 0.4244 0.0501 0.0413 
1 0.4708 0.3656 0.0467 0.0413 
1 0.318 0.4419 0.0684 0.0537 
1 0.2988 0.4044 0.0467 0.0387 
1 0.1219 0.4006 0.0534 0.0387 
1 0.0801 0.4037 0.0668 0.05 
1 0.9098 0.4656 0.0801 0.0537 
1 0.9449 0.43 0.0668 0.0525 
1 0.8656 0.4375 0.0651 0.05 
1 0.9741 0.4888 0.0518 0.0725 
