1 0.2186 0.3586 0.0458 0.0995 
1 0.2936 0.2173 0.0185 0.0401 
1 0.3262 0.24 0.0175 0.0401 
1 0.335 0.2164 0.0156 0.0279 
1 0.3354 0.1754 0.0166 0.0332 
1 0.3559 0.1928 0.0185 0.0366 
1 0.3778 0.1963 0.0175 0.0366 
1 0.3661 0.2487 0.0156 0.0401 
1 0.388 0.2513 0.0224 0.0419 
1 0.4129 0.2487 0.0234 0.0506 
1 0.4046 0.1937 0.0166 0.0419 
1 0.4537 0.2094 0.0214 0.0419 
1 0.4275 0.1702 0.0175 0.0332 
1 0.4284 0.144 0.0136 0.0262 
1 0.4484 0.1632 0.0185 0.0332 
1 0.482 0.1824 0.0175 0.0366 
1 0.4844 0.2243 0.0185 0.0401 
1 0.4708 0.212 0.0166 0.0366 
1 0.4664 0.151 0.0136 0.0297 
1 0.4757 0.1396 0.0146 0.0314 
1 0.4951 0.1379 0.0146 0.0279 
1 0.5156 0.1902 0.0185 0.0349 
1 0.5321 0.1606 0.0166 0.0349 
1 0.5243 0.137 0.0127 0.0366 
1 0.5112 0.1222 0.0097 0.0279 
1 0.5044 0.1579 0.0136 0.0297 
1 0.5604 0.1859 0.0166 0.0332 
1 0.5521 0.1501 0.0156 0.0279 
1 0.5492 0.1187 0.0175 0.0384 
1 0.5774 0.1309 0.0136 0.0314 
1 0.5833 0.1161 0.0117 0.0262 
1 0.5915 0.1405 0.0146 0.0332 
1 0.5906 0.1719 0.0166 0.0366 
1 0.6066 0.1283 0.0175 0.0297 
1 0.6164 0.1161 0.0136 0.0297 
1 0.6363 0.1195 0.0146 0.0366 
1 0.6266 0.1213 0.0127 0.0297 
1 0.6241 0.1588 0.0156 0.0314 
1 0.6631 0.1265 0.0156 0.0332 
1 0.6704 0.103 0.0107 0.0244 
1 0.6777 0.1187 0.0117 0.0279 
1 0.6928 0.1169 0.0107 0.0244 
1 0.7074 0.1047 0.0146 0.0314 
1 0.4956 0.2818 0.0273 0.0646 
1 0.536 0.3333 0.0341 0.0558 
1 0.5696 0.2487 0.0253 0.0506 
1 0.6188 0.2583 0.0263 0.0593 
1 0.6081 0.3377 0.0282 0.0646 
1 0.6972 0.3141 0.0312 0.0628 
1 0.6758 0.2452 0.0253 0.0576 
1 0.6353 0.2243 0.0204 0.0471 
1 0.6719 0.1815 0.0214 0.0419 
1 0.7035 0.1824 0.0185 0.0332 
1 0.7132 0.1588 0.0166 0.0314 
1 0.7235 0.219 0.0214 0.0436 
1 0.7468 0.1937 0.0214 0.0454 
1 0.7517 0.1632 0.0136 0.0332 
1 0.7522 0.1379 0.0127 0.0279 
1 0.7702 0.151 0.0156 0.0366 
1 0.7965 0.1632 0.0175 0.0332 
1 0.7936 0.1387 0.0136 0.0332 
1 0.7936 0.2173 0.0234 0.0471 
1 0.7741 0.233 0.0253 0.0471 
1 0.7892 0.3028 0.0282 0.0611 
1 0.7347 0.2941 0.0243 0.0681 
1 0.7575 0.37 0.0312 0.0733 
1 0.8135 0.4241 0.036 0.0733 
1 0.8194 0.2487 0.0224 0.0576 
1 0.8418 0.3237 0.0263 0.0611 
1 0.9036 0.4319 0.0428 0.0785 
1 0.9172 0.3438 0.0273 0.0628 
1 0.8759 0.2539 0.0185 0.0401 
1 0.8841 0.24 0.0214 0.0436 
1 0.9265 0.2836 0.0185 0.0471 
1 0.9362 0.2129 0.0185 0.0454 
