1 0.225 0.3979 0.0466 0.0942 
1 0.2813 0.2243 0.0155 0.0436 
1 0.3118 0.2138 0.0184 0.0332 
1 0.3167 0.233 0.0184 0.0401 
1 0.3327 0.1815 0.0136 0.0349 
1 0.3637 0.1867 0.0175 0.0419 
1 0.3763 0.1745 0.0136 0.0279 
1 0.3967 0.1623 0.0213 0.0244 
1 0.3885 0.2016 0.0184 0.0366 
1 0.356 0.2469 0.0194 0.0436 
1 0.4064 0.2312 0.0213 0.0366 
1 0.419 0.2496 0.0233 0.0454 
1 0.4166 0.1832 0.0184 0.0314 
1 0.4229 0.1571 0.0136 0.0279 
1 0.4437 0.192 0.0184 0.0349 
1 0.4452 0.1475 0.0116 0.0297 
1 0.4646 0.1344 0.0136 0.0279 
1 0.467 0.1571 0.0145 0.0314 
1 0.4787 0.1963 0.0184 0.0436 
1 0.4782 0.178 0.0155 0.0314 
1 0.4947 0.1466 0.0136 0.0314 
1 0.499 0.1187 0.0087 0.0244 
1 0.5102 0.13 0.0213 0.0297 
1 0.5194 0.1702 0.0165 0.0297 
1 0.5306 0.1475 0.0155 0.0332 
1 0.5466 0.151 0.0145 0.0332 
1 0.5436 0.1257 0.0145 0.0314 
1 0.563 0.1431 0.0126 0.0349 
1 0.5723 0.1152 0.0136 0.0279 
1 0.5999 0.1134 0.0145 0.0279 
1 0.6048 0.1265 0.0165 0.0332 
1 0.6193 0.1326 0.0145 0.0349 
1 0.6271 0.1152 0.0145 0.0384 
1 0.6402 0.1108 0.0136 0.0297 
1 0.6499 0.1169 0.0136 0.0349 
1 0.6751 0.1222 0.0136 0.0349 
1 0.6809 0.1073 0.0116 0.0262 
1 0.7008 0.1065 0.0145 0.0279 
1 0.6712 0.1745 0.0175 0.0349 
1 0.6402 0.1527 0.0194 0.0366 
1 0.5781 0.1667 0.0194 0.0366 
1 0.5548 0.185 0.0194 0.0349 
1 0.7459 0.1257 0.0136 0.0349 
1 0.7308 0.1457 0.0165 0.0332 
1 0.7328 0.1745 0.0184 0.0349 
1 0.7488 0.1928 0.0194 0.0401 
1 0.7066 0.1859 0.0184 0.0332 
1 0.7168 0.2417 0.0233 0.0471 
1 0.6615 0.24 0.0194 0.0436 
1 0.6722 0.2723 0.0213 0.0524 
1 0.6145 0.2452 0.0242 0.0576 
1 0.613 0.212 0.0194 0.0366 
1 0.5582 0.2339 0.0301 0.0558 
1 0.6566 0.3455 0.031 0.0698 
1 0.7425 0.377 0.0339 0.0663 
1 0.7546 0.2461 0.0213 0.0524 
1 0.7929 0.2871 0.0223 0.0541 
1 0.8337 0.2574 0.0204 0.0471 
1 0.8429 0.2182 0.0194 0.0419 
1 0.8162 0.1859 0.0145 0.0366 
1 0.7968 0.2033 0.0204 0.0366 
1 0.7842 0.1632 0.0126 0.0332 
1 0.7755 0.1449 0.0145 0.0244 
1 0.7779 0.13 0.0116 0.0297 
1 0.8046 0.1422 0.0126 0.0332 
1 0.8196 0.1387 0.0116 0.0332 
1 0.8385 0.1658 0.0184 0.0419 
1 0.8681 0.1649 0.0136 0.0436 
1 0.8851 0.2347 0.0184 0.0541 
1 0.9166 0.2496 0.0155 0.0558 
1 0.9355 0.2103 0.0145 0.0436 
1 0.952 0.2277 0.0145 0.0401 
1 0.9016 0.199 0.0145 0.0314 
1 0.9049 0.1536 0.0116 0.0279 
1 0.9156 0.3342 0.0233 0.0576 
