1 0.179 0.4802 0.0337 0.0678 
1 0.253 0.2661 0.015 0.0231 
1 0.2751 0.2702 0.0159 0.0248 
1 0.3191 0.2719 0.0178 0.0347 
1 0.306 0.2628 0.0122 0.0298 
1 0.3018 0.2339 0.0169 0.0281 
1 0.3308 0.2223 0.015 0.0281 
1 0.3533 0.2554 0.0187 0.0314 
1 0.3716 0.2653 0.0178 0.038 
1 0.3941 0.2711 0.0197 0.0463 
1 0.3571 0.224 0.0169 0.0347 
1 0.365 0.1975 0.0159 0.0281 
1 0.395 0.2182 0.0178 0.0298 
1 0.4128 0.1967 0.0159 0.0264 
1 0.4025 0.1785 0.0103 0.0264 
1 0.4377 0.1893 0.0169 0.0281 
1 0.4325 0.238 0.0178 0.0364 
1 0.477 0.2405 0.0206 0.0446 
1 0.4925 0.2041 0.0178 0.0314 
1 0.4489 0.1521 0.0131 0.0198 
1 0.4728 0.1628 0.0122 0.0281 
1 0.4831 0.1669 0.0141 0.0264 
1 0.5094 0.1653 0.0141 0.0264 
1 0.4873 0.1314 0.0131 0.0248 
1 0.5337 0.1678 0.0141 0.0314 
1 0.5717 0.1719 0.015 0.0298 
1 0.5628 0.1463 0.0103 0.0215 
1 0.5511 0.1314 0.0131 0.0248 
1 0.5248 0.2124 0.0206 0.038 
1 0.5961 0.1397 0.0112 0.0248 
1 0.5862 0.1388 0.0103 0.0231 
1 0.6078 0.1281 0.0141 0.0281 
1 0.6181 0.1446 0.0122 0.0281 
1 0.6354 0.1455 0.0131 0.0298 
1 0.6396 0.1165 0.0084 0.0215 
1 0.6668 0.1223 0.0141 0.0264 
1 0.508 0.2835 0.0262 0.0479 
1 0.5661 0.2901 0.0262 0.0479 
1 0.6111 0.3306 0.0262 0.0496 
1 0.552 0.2488 0.0244 0.0413 
1 0.6223 0.2446 0.0206 0.0463 
1 0.6157 0.2033 0.0169 0.0331 
1 0.6565 0.1769 0.0159 0.0364 
1 0.6884 0.1488 0.0141 0.0264 
1 0.6987 0.1777 0.0141 0.0314 
1 0.6949 0.2331 0.0178 0.0364 
1 0.6739 0.2463 0.0206 0.043 
1 0.7127 0.2851 0.0253 0.0446 
1 0.7071 0.1545 0.0141 0.0281 
1 0.7198 0.176 0.015 0.0347 
1 0.7352 0.2033 0.0178 0.0298 
1 0.7441 0.143 0.015 0.0248 
1 0.7432 0.1182 0.0131 0.0248 
1 0.7634 0.1322 0.0141 0.0264 
1 0.7652 0.162 0.0159 0.0331 
1 0.7779 0.1876 0.0187 0.038 
1 0.7741 0.2289 0.0187 0.0545 
1 0.7694 0.3017 0.0262 0.0512 
1 0.8402 0.3446 0.0253 0.0413 
1 0.8566 0.2579 0.0262 0.0562 
1 0.9199 0.2752 0.0178 0.0413 
1 0.9166 0.2314 0.0187 0.0397 
1 0.9016 0.2066 0.0169 0.0364 
1 0.8857 0.1802 0.0169 0.0331 
1 0.895 0.1612 0.015 0.0314 
1 0.8679 0.1587 0.0169 0.0331 
1 0.8472 0.1769 0.015 0.0364 
1 0.8346 0.2058 0.0178 0.0413 
1 0.8083 0.1802 0.0159 0.0331 
1 0.8341 0.1529 0.015 0.0314 
1 0.7816 0.1405 0.015 0.0331 
