1 0.5009 0.3739 0.0283 0.051 
1 0.0566 0.8994 0.1094 0.1785 
1 0.1226 0.6133 0.0679 0.0765 
1 0.1991 0.6289 0.066 0.0907 
1 0.2708 0.5992 0.0472 0.0652 
1 0.3387 0.6544 0.066 0.085 
1 0.4311 0.6898 0.0811 0.1275 
1 0.4849 0.6232 0.0604 0.0907 
1 0.5792 0.5567 0.0415 0.0765 
1 0.6226 0.6374 0.0528 0.0737 
1 0.6566 0.5538 0.0377 0.0708 
1 0.6934 0.602 0.0358 0.0538 
1 0.7651 0.5368 0.0472 0.0708 
1 0.834 0.5411 0.034 0.0623 
1 0.9245 0.5595 0.0453 0.0878 
1 0.9745 0.5552 0.0396 0.0567 
1 0.9802 0.6105 0.0396 0.0708 
1 0.966 0.6671 0.0679 0.0935 
1 0.8594 0.7025 0.0887 0.153 
1 0.7962 0.7819 0.1472 0.204 
1 0.7764 0.6402 0.0623 0.0963 
1 0.7113 0.5552 0.034 0.0567 
1 0.6877 0.5397 0.0245 0.0425 
1 0.434 0.5198 0.034 0.0538 
1 0.3811 0.5439 0.0377 0.0567 
1 0.3981 0.585 0.0415 0.0595 
1 0.284 0.5567 0.0321 0.0595 
1 0.2528 0.5241 0.0302 0.0453 
1 0.3104 0.5241 0.0283 0.0453 
1 0.1547 0.5694 0.0491 0.0623 
1 0.1849 0.5411 0.0302 0.0567 
1 0.1462 0.5156 0.0245 0.0453 
1 0.116 0.551 0.0321 0.0538 
1 0.1217 0.5326 0.0283 0.0397 
1 0.0651 0.5255 0.0321 0.0482 
