1 0.0367 0.4725 0.0333 0.06 
1 0.1117 0.4562 0.0367 0.0525 
1 0.1733 0.52 0.04 0.06 
1 0.2175 0.5212 0.0517 0.0875 
1 0.2125 0.455 0.0283 0.055 
1 0.2883 0.515 0.0433 0.075 
1 0.3675 0.515 0.0483 0.07 
1 0.3458 0.4575 0.035 0.055 
1 0.4158 0.44 0.0283 0.04 
1 0.4317 0.4688 0.0267 0.0425 
1 0.4275 0.5125 0.0483 0.08 
1 0.4633 0.4662 0.0333 0.0625 
1 0.4458 0.4412 0.0183 0.0325 
1 0.515 0.48 0.0367 0.06 
1 0.5975 0.4825 0.0417 0.06 
1 0.6192 0.45 0.0217 0.04 
1 0.7175 0.64 0.1117 0.185 
1 0.7842 0.5387 0.0583 0.1025 
1 0.9175 0.5825 0.075 0.105 
1 0.905 0.5175 0.05 0.08 
1 0.9283 0.5038 0.0533 0.0875 
1 0.7433 0.4 0.0233 0.045 
1 0.7375 0.4725 0.025 0.05 
1 0.7675 0.4662 0.0283 0.0325 
1 0.6925 0.4825 0.0383 0.055 
1 0.6683 0.4738 0.0233 0.0425 
