1 0.9089 0.1502 0.01 0.0226 
1 0.9062 0.1745 0.0118 0.0291 
1 0.903 0.1947 0.0127 0.0372 
1 0.9438 0.1914 0.0145 0.0307 
1 0.9365 0.2108 0.0127 0.0372 
1 0.9361 0.2278 0.0154 0.0323 
1 0.9288 0.2569 0.019 0.0485 
1 0.893 0.2415 0.0199 0.0404 
1 0.893 0.2237 0.0199 0.0404 
1 0.8672 0.1882 0.0154 0.0339 
1 0.8744 0.1712 0.0136 0.0323 
1 0.854 0.1583 0.0127 0.0323 
1 0.7815 0.1422 0.0109 0.0323 
1 0.8055 0.147 0.01 0.0323 
1 0.82 0.1478 0.0118 0.0275 
1 0.7616 0.1405 0.0127 0.0355 
1 0.7869 0.1591 0.0109 0.0275 
1 0.7942 0.1785 0.0127 0.0339 
1 0.8382 0.1704 0.0118 0.0307 
1 0.8318 0.1834 0.0118 0.0307 
1 0.9093 0.3667 0.0236 0.0614 
1 0.8395 0.231 0.0199 0.042 
1 0.8033 0.2149 0.0199 0.0452 
1 0.8286 0.2617 0.0236 0.0517 
1 0.7965 0.2892 0.0245 0.0549 
1 0.7616 0.2068 0.0145 0.0452 
1 0.7738 0.2553 0.0209 0.0452 
1 0.7384 0.2456 0.0227 0.0485 
1 0.7312 0.1793 0.0172 0.0355 
1 0.7344 0.1559 0.0163 0.0372 
1 0.7135 0.1947 0.0181 0.0404 
1 0.7616 0.353 0.0272 0.063 
1 0.699 0.3215 0.0308 0.0614 
1 0.6917 0.2625 0.0199 0.0468 
1 0.7094 0.1228 0.0136 0.0323 
1 0.6877 0.1212 0.0118 0.0258 
1 0.6791 0.1365 0.0127 0.0307 
1 0.66 0.189 0.0163 0.0388 
1 0.646 0.168 0.0136 0.0355 
1 0.655 0.1575 0.0154 0.0307 
1 0.6405 0.13 0.01 0.0242 
1 0.6514 0.1276 0.01 0.0226 
1 0.6328 0.1195 0.0091 0.0194 
1 0.626 0.1438 0.0136 0.0291 
1 0.5798 0.1438 0.0136 0.0291 
1 0.5993 0.1672 0.0109 0.0307 
1 0.6088 0.168 0.0154 0.0388 
1 0.5703 0.168 0.0145 0.0323 
1 0.5526 0.147 0.0118 0.0291 
1 0.5539 0.1373 0.0127 0.0291 
1 0.5422 0.1664 0.0145 0.0323 
1 0.5621 0.1963 0.0145 0.0372 
1 0.5277 0.1858 0.0163 0.0355 
1 0.5163 0.1607 0.0136 0.0275 
1 0.4864 0.1567 0.0136 0.0291 
1 0.4859 0.1462 0.0109 0.0275 
1 0.5027 0.1349 0.01 0.0242 
1 0.4977 0.1882 0.0163 0.0339 
1 0.5988 0.2342 0.019 0.0485 
1 0.6528 0.2456 0.0181 0.0452 
1 0.6401 0.2561 0.0218 0.0468 
1 0.4306 0.1632 0.0091 0.0258 
1 0.4465 0.1656 0.0118 0.0339 
1 0.4198 0.1712 0.0145 0.0291 
1 0.4202 0.1931 0.0154 0.0307 
1 0.4479 0.2068 0.0163 0.0355 
1 0.4674 0.2108 0.0172 0.0372 
1 0.4465 0.2504 0.019 0.0452 
1 0.4161 0.2415 0.0199 0.0404 
1 0.3799 0.185 0.0145 0.0307 
1 0.4021 0.2165 0.0172 0.0388 
1 0.3808 0.2391 0.0181 0.042 
1 0.3722 0.2157 0.0172 0.0339 
1 0.3577 0.2286 0.019 0.0404 
1 0.3536 0.2019 0.0163 0.0291 
1 0.3549 0.1817 0.0118 0.0307 
1 0.3373 0.2254 0.0145 0.0339 
1 0.3005 0.2189 0.0154 0.0372 
1 0.2947 0.248 0.0127 0.0372 
1 0.112 0.3837 0.0372 0.0759 
