1 0.1971 0.4035 0.1019 0.1671 
1 0.0798 0.1585 0.025 0.0403 
1 0.1163 0.1513 0.025 0.0432 
1 0.15 0.1844 0.0308 0.0461 
1 0.1615 0.1585 0.0269 0.0461 
1 0.2077 0.1671 0.0269 0.0403 
1 0.224 0.1614 0.0212 0.0461 
1 0.2702 0.2061 0.0365 0.0605 
1 0.2673 0.1657 0.0269 0.0317 
1 0.2779 0.1571 0.0288 0.0432 
1 0.3413 0.1916 0.0404 0.0663 
1 0.3577 0.1859 0.0269 0.0548 
1 0.3606 0.1455 0.0212 0.0375 
1 0.3923 0.1427 0.0192 0.0317 
1 0.4135 0.1614 0.0192 0.0346 
1 0.4087 0.1859 0.0212 0.0375 
1 0.4365 0.2536 0.0538 0.0865 
1 0.4394 0.1772 0.0365 0.0548 
1 0.4433 0.1441 0.0212 0.0346 
1 0.474 0.1628 0.0212 0.049 
1 0.5173 0.2421 0.05 0.0749 
1 0.5212 0.1988 0.0346 0.0576 
1 0.551 0.1671 0.025 0.0461 
1 0.601 0.1744 0.0327 0.0432 
1 0.6221 0.2478 0.0404 0.0749 
1 0.6596 0.3084 0.0577 0.1268 
1 0.6548 0.2205 0.0327 0.0605 
1 0.6558 0.1859 0.0269 0.049 
1 0.7654 0.2911 0.0577 0.0922 
1 0.8106 0.2738 0.0442 0.098 
1 0.8077 0.2133 0.0269 0.0519 
1 0.8808 0.2651 0.0462 0.0865 
