1 0.965 0.7214 0.07 0.1235 
1 0.854 0.7184 0.072 0.1355 
1 0.705 0.6657 0.066 0.1205 
1 0.581 0.6446 0.062 0.1145 
1 0.44 0.6175 0.068 0.1205 
1 0.359 0.6777 0.074 0.1145 
1 0.157 0.6506 0.07 0.1205 
1 0.071 0.5437 0.054 0.0813 
1 0.024 0.4759 0.04 0.0723 
1 0.087 0.4744 0.042 0.0633 
1 0.076 0.4277 0.044 0.0482 
1 0.033 0.4217 0.03 0.0542 
1 0.113 0.4247 0.03 0.0602 
1 0.15 0.4744 0.04 0.0813 
1 0.173 0.4307 0.046 0.0482 
1 0.19 0.491 0.032 0.0723 
1 0.231 0.5 0.05 0.0783 
1 0.228 0.4398 0.032 0.0542 
1 0.288 0.4307 0.036 0.0602 
1 0.345 0.506 0.042 0.0723 
1 0.346 0.4443 0.032 0.0633 
1 0.4 0.4593 0.044 0.0753 
1 0.443 0.5 0.038 0.0602 
1 0.514 0.497 0.04 0.0723 
1 0.537 0.4639 0.038 0.0663 
1 0.588 0.5331 0.044 0.0783 
1 0.605 0.4744 0.034 0.0693 
1 0.658 0.4789 0.036 0.0663 
1 0.689 0.5331 0.046 0.0904 
1 0.772 0.5617 0.056 0.0873 
1 0.756 0.4759 0.036 0.0602 
1 0.82 0.4849 0.032 0.0542 
1 0.87 0.5256 0.04 0.0693 
1 0.91 0.5136 0.04 0.0693 
1 0.964 0.5572 0.048 0.0783 
1 0.936 0.3087 0.032 0.0512 
1 0.904 0.3117 0.032 0.0512 
1 0.886 0.3042 0.024 0.0422 
1 0.858 0.3117 0.028 0.0452 
1 0.824 0.3012 0.024 0.0422 
1 0.789 0.3072 0.026 0.0422 
1 0.775 0.2846 0.026 0.0392 
1 0.807 0.2786 0.018 0.0331 
1 0.852 0.2756 0.02 0.0392 
1 0.837 0.1822 0.022 0.0392 
1 0.808 0.1687 0.02 0.0422 
1 0.772 0.1732 0.028 0.0452 
1 0.748 0.1386 0.02 0.0301 
1 0.73 0.1657 0.02 0.0361 
1 0.715 0.1702 0.018 0.0271 
1 0.692 0.1657 0.02 0.0361 
1 0.668 0.1732 0.02 0.0331 
1 0.655 0.1747 0.018 0.0361 
1 0.628 0.1702 0.016 0.0452 
1 0.615 0.1702 0.018 0.0331 
1 0.579 0.1732 0.014 0.0331 
1 0.558 0.1762 0.02 0.0271 
1 0.515 0.1491 0.022 0.0331 
1 0.498 0.1672 0.02 0.0331 
1 0.474 0.1672 0.016 0.0331 
1 0.736 0.3042 0.024 0.0542 
1 0.749 0.2605 0.018 0.0392 
1 0.711 0.2877 0.022 0.0392 
1 0.692 0.2816 0.024 0.0392 
1 0.67 0.2877 0.024 0.0452 
1 0.652 0.2756 0.02 0.0392 
1 0.626 0.2861 0.024 0.0361 
1 0.621 0.2545 0.022 0.0331 
1 0.606 0.2816 0.016 0.0392 
1 0.578 0.2666 0.02 0.0392 
1 0.559 0.2726 0.022 0.0271 
1 0.508 0.2892 0.024 0.0422 
1 0.528 0.2861 0.024 0.0422 
1 0.502 0.262 0.02 0.0361 
1 0.478 0.2711 0.02 0.0361 
1 0.463 0.3042 0.026 0.0422 
1 0.435 0.2892 0.026 0.0361 
1 0.441 0.253 0.026 0.0422 
1 0.409 0.2696 0.022 0.0331 
1 0.375 0.2696 0.022 0.0392 
1 0.35 0.2696 0.024 0.0452 
1 0.327 0.2861 0.022 0.0422 
1 0.226 0.2922 0.036 0.0422 
1 0.199 0.2711 0.034 0.0482 
1 0.151 0.2952 0.026 0.0482 
1 0.115 0.2952 0.03 0.0422 
1 0.126 0.2696 0.024 0.0452 
1 0.087 0.2786 0.026 0.0331 
1 0.064 0.2907 0.024 0.0392 
1 0.046 0.2741 0.024 0.0361 
1 0.06 0.244 0.02 0.0301 
1 0.027 0.262 0.022 0.0301 
1 0.014 0.2997 0.024 0.0512 
1 0.075 0.1672 0.022 0.0331 
1 0.119 0.1822 0.022 0.0331 
1 0.156 0.1732 0.024 0.0392 
1 0.178 0.1747 0.02 0.0361 
1 0.194 0.1702 0.016 0.0271 
1 0.211 0.1732 0.018 0.0392 
1 0.239 0.1717 0.022 0.0301 
1 0.27 0.1717 0.016 0.0361 
1 0.286 0.1732 0.024 0.0392 
1 0.33 0.1687 0.016 0.0301 
1 0.366 0.1687 0.02 0.0301 
1 0.349 0.1792 0.014 0.0331 
1 0.314 0.1657 0.016 0.0301 
1 0.406 0.1551 0.02 0.0331 
1 0.437 0.1717 0.022 0.0361 
