1 0.0746 0.234 0.0532 0.1142 
1 0.2784 0.2113 0.048 0.0939 
1 0.4275 0.2183 0.0459 0.0986 
1 0.4526 0.2613 0.0626 0.1189 
1 0.4922 0.2457 0.0417 0.0845 
1 0.5365 0.1995 0.0532 0.0892 
1 0.56 0.2426 0.0626 0.1033 
1 0.5667 0.3333 0.0657 0.1189 
1 0.6131 0.2402 0.0563 0.0955 
1 0.6371 0.3099 0.0563 0.1127 
1 0.6872 0.2848 0.0626 0.1252 
1 0.7477 0.2355 0.048 0.1174 
1 0.7753 0.338 0.0719 0.1283 
1 0.8076 0.4092 0.0803 0.1174 
1 0.8149 0.4844 0.0907 0.1236 
1 0.9041 0.4844 0.073 0.1268 
1 0.9562 0.4656 0.073 0.1268 
1 0.8551 0.3599 0.0626 0.1158 
1 0.8472 0.2793 0.074 0.1268 
1 0.8118 0.2277 0.0615 0.1111 
1 0.926 0.2903 0.0751 0.1393 
