1 0.2782 0.6112 0.0642 0.0993 
1 0.1934 0.5837 0.0603 0.1035 
1 0.0771 0.5654 0.0519 0.0924 
1 0.0625 0.473 0.0234 0.0423 
1 0.1243 0.446 0.0178 0.0254 
1 0.1373 0.4722 0.0237 0.0335 
1 0.1459 0.4551 0.0158 0.0299 
1 0.1755 0.4544 0.0184 0.0299 
1 0.186 0.4515 0.0109 0.0241 
1 0.2054 0.4694 0.0237 0.0384 
1 0.2129 0.4535 0.0161 0.0247 
1 0.2257 0.4577 0.0191 0.0312 
1 0.2324 0.4779 0.0265 0.0462 
1 0.2301 0.4443 0.0119 0.0241 
1 0.2467 0.4596 0.0195 0.0345 
1 0.288 0.4762 0.0204 0.0358 
1 0.2848 0.451 0.015 0.0218 
1 0.3009 0.4543 0.0137 0.0238 
1 0.3254 0.4588 0.0176 0.0309 
1 0.361 0.5262 0.0358 0.0602 
1 0.3784 0.4797 0.015 0.0296 
1 0.3929 0.4736 0.0224 0.0391 
1 0.3658 0.4714 0.0163 0.026 
1 0.3572 0.4631 0.013 0.0225 
1 0.3537 0.4495 0.0139 0.0221 
1 0.33 0.4491 0.0124 0.0192 
1 0.3993 0.4539 0.0117 0.0218 
1 0.4057 0.46 0.0102 0.0228 
1 0.4168 0.4715 0.0184 0.0264 
1 0.4446 0.4748 0.0211 0.0335 
1 0.4576 0.4657 0.0141 0.0251 
1 0.449 0.4567 0.0113 0.0163 
1 0.4555 0.4504 0.013 0.0205 
1 0.4778 0.4749 0.0219 0.0365 
1 0.4734 0.4574 0.0124 0.0241 
1 0.4849 0.4569 0.0098 0.0179 
1 0.4926 0.4626 0.01 0.0189 
1 0.4915 0.4492 0.0109 0.0189 
1 0.5054 0.4551 0.0087 0.0182 
1 0.5146 0.4642 0.0124 0.026 
1 0.4829 0.5493 0.0456 0.0863 
1 0.5885 0.694 0.0794 0.1211 
1 0.5543 0.5202 0.0278 0.0469 
1 0.5468 0.4954 0.0189 0.0306 
1 0.5443 0.464 0.0152 0.027 
1 0.5296 0.457 0.0115 0.0195 
1 0.5521 0.4541 0.0078 0.013 
1 0.559 0.459 0.0104 0.0208 
1 0.5692 0.4551 0.0082 0.0156 
1 0.5793 0.4541 0.0119 0.0215 
1 0.5841 0.4704 0.0163 0.0286 
1 0.622 0.5413 0.0343 0.0436 
1 0.662 0.5107 0.0302 0.0482 
1 0.7335 0.5454 0.0343 0.0531 
1 0.84 0.5967 0.054 0.0749 
1 0.8248 0.5171 0.0293 0.0446 
1 0.8816 0.5511 0.0319 0.0456 
1 0.9059 0.5321 0.0306 0.0479 
1 0.9398 0.4829 0.0098 0.0218 
1 0.9284 0.4863 0.0117 0.0228 
1 0.9123 0.4844 0.0117 0.0208 
1 0.8971 0.4873 0.013 0.0215 
1 0.9028 0.4777 0.0104 0.0173 
1 0.8814 0.4823 0.0128 0.0186 
1 0.8692 0.4735 0.0106 0.0166 
1 0.8632 0.4816 0.0102 0.0179 
1 0.8543 0.4891 0.0145 0.0257 
1 0.8423 0.4754 0.0115 0.0179 
1 0.8293 0.4805 0.0132 0.0234 
1 0.8137 0.4728 0.0111 0.0199 
1 0.8009 0.4766 0.0137 0.0247 
1 0.7928 0.4764 0.0135 0.0264 
1 0.7837 0.4775 0.0102 0.0176 
1 0.7622 0.479 0.0135 0.0257 
1 0.6977 0.4648 0.0122 0.0215 
1 0.6077 0.4587 0.0102 0.015 
1 0.6273 0.4627 0.0124 0.0173 
1 0.64 0.4626 0.0113 0.0215 
1 0.6495 0.4665 0.0109 0.0202 
1 0.6621 0.4631 0.0109 0.0192 
1 0.6868 0.4616 0.0122 0.0189 
