1 0.2232 0.351 0.0507 0.1091 
1 0.341 0.2566 0.0245 0.0442 
1 0.3708 0.1652 0.0188 0.0383 
1 0.3827 0.1888 0.0196 0.0383 
1 0.3904 0.2212 0.0221 0.0413 
1 0.4141 0.2426 0.0221 0.0516 
1 0.3953 0.1453 0.0188 0.0398 
1 0.4231 0.1822 0.0139 0.0339 
1 0.4154 0.1637 0.0164 0.0265 
1 0.4141 0.1409 0.0155 0.031 
1 0.4444 0.1519 0.0155 0.0354 
1 0.4591 0.1851 0.0188 0.031 
1 0.4673 0.222 0.0237 0.0428 
1 0.4526 0.1364 0.0139 0.028 
1 0.4693 0.1578 0.018 0.0383 
1 0.4632 0.1246 0.0139 0.028 
1 0.4775 0.1232 0.0147 0.031 
1 0.4906 0.0951 0.0114 0.0251 
1 0.498 0.1711 0.0229 0.0501 
1 0.5298 0.174 0.018 0.0383 
1 0.5327 0.1335 0.0155 0.031 
1 0.5245 0.1202 0.0139 0.028 
1 0.5368 0.1128 0.0123 0.028 
1 0.5487 0.1541 0.018 0.0369 
1 0.5822 0.1438 0.0147 0.0339 
1 0.574 0.1195 0.0147 0.0324 
1 0.5875 0.1217 0.0155 0.028 
1 0.5732 0.0914 0.0147 0.0265 
1 0.6002 0.104 0.0147 0.0339 
1 0.6116 0.0774 0.0114 0.028 
1 0.6206 0.118 0.0196 0.0354 
1 0.6537 0.0863 0.0139 0.028 
1 0.6594 0.1136 0.0139 0.0295 
1 0.6877 0.0959 0.0147 0.0295 
1 0.6999 0.0855 0.0147 0.0295 
1 0.5572 0.2419 0.0237 0.056 
1 0.6116 0.2227 0.0262 0.059 
1 0.63 0.2109 0.0253 0.0472 
1 0.6766 0.1777 0.0221 0.0487 
1 0.6349 0.2795 0.0303 0.0605 
1 0.693 0.3296 0.0286 0.0664 
1 0.7171 0.2765 0.0327 0.0664 
1 0.76 0.2168 0.0286 0.0619 
1 0.6962 0.1504 0.0188 0.0383 
1 0.7175 0.1586 0.0172 0.0339 
1 0.7204 0.1313 0.0164 0.0324 
1 0.7314 0.1593 0.0188 0.0354 
1 0.7584 0.1748 0.0204 0.0369 
1 0.7592 0.1438 0.0172 0.0369 
1 0.7482 0.1195 0.0147 0.0295 
1 0.7751 0.1069 0.0164 0.0369 
1 0.7899 0.135 0.0131 0.0369 
1 0.78 0.1667 0.0164 0.0413 
1 0.798 0.1954 0.018 0.0428 
1 0.8312 0.1571 0.0155 0.0369 
1 0.8434 0.1357 0.0139 0.0354 
1 0.8446 0.1991 0.0164 0.0383 
1 0.8667 0.1659 0.0164 0.0398 
1 0.8835 0.1549 0.0155 0.0383 
1 0.8479 0.2566 0.0245 0.0531 
1 0.8684 0.3001 0.0294 0.0634 
1 0.879 0.2529 0.0229 0.0546 
1 0.8978 0.2124 0.0213 0.0413 
1 0.9047 0.1844 0.0188 0.0383 
1 0.9411 0.1814 0.0164 0.0354 
1 0.9379 0.2168 0.018 0.0472 
1 0.9379 0.2906 0.0262 0.0649 
1 0.9452 0.1438 0.0114 0.028 
1 0.9473 0.1674 0.0106 0.0221 
