1 0.8734 0.4415 0.05 0.1031 
1 0.5719 0.578 0.0469 0.0919 
1 0.5109 0.5446 0.0563 0.1086 
1 0.4141 0.5822 0.0625 0.1114 
1 0.4219 0.5279 0.0531 0.0975 
1 0.3266 0.5947 0.0625 0.1198 
1 0.3445 0.5487 0.0453 0.0947 
1 0.2508 0.5515 0.0547 0.0947 
1 0.2734 0.5474 0.0375 0.1031 
1 0.1961 0.5279 0.0484 0.1031 
1 0.1492 0.5961 0.0547 0.1003 
1 0.1367 0.5209 0.0484 0.0836 
1 0.0836 0.6588 0.0703 0.1365 
1 0.0891 0.5529 0.0594 0.1031 
1 0.0227 0.6671 0.0422 0.1532 
1 0.0117 0.5306 0.0203 0.1086 
1 0.025 0.5125 0.0375 0.0947 
