1 0.4711 0.5753 0.1062 0.2619 
1 0.6648 0.4725 0.0922 0.1958 
1 0.6965 0.3843 0.0836 0.1542 
1 0.8066 0.3727 0.0758 0.1236 
1 0.8402 0.3831 0.0539 0.1273 
1 0.8645 0.2993 0.0492 0.1212 
1 0.9062 0.2925 0.0359 0.0808 
1 0.9289 0.2699 0.0281 0.0673 
1 0.9625 0.2834 0.0359 0.0698 
1 0.8016 0.2173 0.0297 0.0502 
1 0.8039 0.2785 0.0297 0.0624 
1 0.7488 0.2552 0.0336 0.0624 
1 0.7551 0.2087 0.0273 0.0526 
1 0.6848 0.2785 0.0352 0.0698 
1 0.7086 0.2717 0.0281 0.0661 
1 0.6949 0.213 0.032 0.049 
1 0.6426 0.2907 0.0414 0.0991 
1 0.6426 0.2411 0.0289 0.0514 
1 0.6062 0.2173 0.0312 0.06 
1 0.5836 0.2956 0.0563 0.1138 
1 0.4875 0.2693 0.0391 0.071 
1 0.5238 0.2466 0.0273 0.06 
1 0.5527 0.2319 0.0289 0.0575 
1 0.5566 0.1995 0.0195 0.0367 
1 0.5754 0.2166 0.0195 0.0416 
1 0.4539 0.2619 0.0391 0.0661 
1 0.3441 0.276 0.0523 0.1114 
1 0.4008 0.2766 0.0391 0.1004 
1 0.3762 0.2521 0.0336 0.0759 
1 0.3777 0.2081 0.0227 0.0392 
1 0.4016 0.1909 0.0266 0.0539 
1 0.3191 0.2111 0.0273 0.0575 
1 0.257 0.314 0.0531 0.1114 
1 0.2531 0.2699 0.0453 0.0526 
1 0.266 0.2252 0.0258 0.0465 
1 0.2492 0.1903 0.0391 0.0551 
1 0.2137 0.2283 0.0398 0.0624 
1 0.177 0.2693 0.0508 0.0832 
1 0.0551 0.3335 0.0695 0.131 
1 0.0578 0.2662 0.05 0.0649 
1 0.0586 0.2258 0.0359 0.0526 
1 0.1328 0.2424 0.0406 0.071 
1 0.441 0.3458 0.0852 0.153 
1 0.4605 0.2215 0.0336 0.049 
