1 0.1019 0.406 0.0645 0.1477 
1 0.0263 0.255 0.0492 0.1208 
1 0.1087 0.2248 0.0509 0.1074 
1 0.2156 0.2584 0.0543 0.1141 
1 0.2852 0.443 0.0645 0.1208 
1 0.3328 0.2701 0.0441 0.1107 
1 0.3964 0.2651 0.0458 0.1141 
1 0.4211 0.453 0.0611 0.1477 
1 0.4822 0.2601 0.0475 0.104 
1 0.5671 0.4178 0.0509 0.1309 
1 0.5832 0.3104 0.0458 0.0973 
1 0.5671 0.2517 0.0374 0.0872 
1 0.6723 0.2919 0.0441 0.094 
1 0.7368 0.2802 0.0441 0.0973 
1 0.7776 0.302 0.0374 0.1074 
1 0.719 0.4279 0.0458 0.0973 
1 0.8166 0.4614 0.0441 0.104 
1 0.8846 0.3171 0.0475 0.104 
1 0.8871 0.4849 0.0492 0.1174 
1 0.9278 0.2953 0.0357 0.0805 
1 0.9805 0.4497 0.039 0.1007 
