1 0.1366 0.5605 0.0468 0.0922 
1 0.2326 0.3422 0.0156 0.036 
1 0.2629 0.3509 0.0221 0.0389 
1 0.2814 0.3804 0.0197 0.0403 
1 0.2879 0.312 0.018 0.036 
1 0.3306 0.379 0.023 0.049 
1 0.354 0.3249 0.0172 0.0331 
1 0.3544 0.2997 0.018 0.0288 
1 0.3872 0.3444 0.0213 0.0375 
1 0.4106 0.3386 0.0221 0.0403 
1 0.4081 0.3033 0.0172 0.0331 
1 0.3958 0.2601 0.0156 0.036 
1 0.4262 0.2651 0.0139 0.0259 
1 0.4372 0.2767 0.0164 0.0317 
1 0.4372 0.3134 0.0197 0.0389 
1 0.4479 0.3422 0.0246 0.0418 
1 0.4729 0.3127 0.0156 0.0375 
1 0.5012 0.33 0.0246 0.0403 
1 0.5226 0.281 0.0164 0.0375 
1 0.5 0.2702 0.0172 0.0389 
1 0.4783 0.2695 0.018 0.0346 
1 0.4676 0.245 0.0197 0.0317 
1 0.5209 0.2493 0.018 0.0346 
1 0.5418 0.2514 0.0156 0.036 
1 0.5554 0.2875 0.0164 0.036 
1 0.5747 0.2558 0.0139 0.0303 
1 0.5685 0.2219 0.0115 0.0259 
1 0.5845 0.2399 0.0139 0.0331 
1 0.5993 0.2601 0.0172 0.036 
1 0.6021 0.2298 0.0131 0.0274 
1 0.6087 0.2111 0.0115 0.0245 
1 0.6272 0.219 0.0172 0.0288 
1 0.6403 0.2277 0.0156 0.0346 
1 0.644 0.2507 0.0115 0.0288 
1 0.671 0.2327 0.0148 0.0245 
1 0.6715 0.2104 0.0156 0.0288 
1 0.6879 0.2341 0.0139 0.036 
1 0.5406 0.3566 0.0295 0.0476 
1 0.493 0.3912 0.0345 0.0562 
1 0.5439 0.4114 0.0263 0.0591 
1 0.5865 0.4517 0.0345 0.062 
1 0.6021 0.3826 0.0295 0.0591 
1 0.5997 0.3372 0.0263 0.0461 
1 0.644 0.3069 0.0246 0.0548 
1 0.6481 0.3566 0.0213 0.0418 
1 0.6641 0.389 0.0254 0.0663 
1 0.6378 0.4777 0.0353 0.0735 
1 0.7002 0.549 0.0418 0.0663 
1 0.6866 0.3682 0.0263 0.0591 
1 0.6702 0.2831 0.023 0.0418 
1 0.6961 0.304 0.0205 0.0403 
1 0.7084 0.3062 0.0189 0.0418 
1 0.7067 0.2522 0.0139 0.0375 
1 0.7363 0.2536 0.0189 0.0375 
1 0.7494 0.2334 0.0123 0.0288 
1 0.7683 0.2803 0.0172 0.036 
1 0.7806 0.2464 0.0156 0.0259 
1 0.7806 0.2723 0.0139 0.0346 
1 0.8158 0.3069 0.0189 0.0346 
1 0.8162 0.2738 0.0148 0.0317 
1 0.8093 0.2471 0.0156 0.0303 
1 0.8097 0.361 0.023 0.0533 
1 0.7281 0.4056 0.0271 0.0533 
1 0.792 0.4388 0.032 0.0677 
1 0.831 0.5122 0.0361 0.0677 
1 0.8462 0.4416 0.0287 0.0648 
1 0.8593 0.3775 0.0205 0.0519 
1 0.9217 0.4733 0.032 0.0562 
1 0.9118 0.3963 0.0238 0.0461 
1 0.9323 0.3595 0.0189 0.0418 
1 0.9258 0.3163 0.0189 0.0389 
1 0.9397 0.2752 0.0156 0.0288 
1 0.9126 0.304 0.0172 0.0403 
1 0.8897 0.3285 0.0189 0.0403 
1 0.8687 0.3415 0.0197 0.0461 
1 0.8437 0.317 0.0221 0.0403 
1 0.8564 0.2788 0.018 0.036 
1 0.8429 0.2615 0.0172 0.036 
1 0.8761 0.2601 0.0164 0.0389 
1 0.895 0.2752 0.0148 0.0375 
