1 0.0364 0.2685 0.0691 0.1699 
1 0.1173 0.2836 0.0709 0.1233 
1 0.0491 0.1521 0.0582 0.0904 
1 0.0173 0.0836 0.0309 0.0685 
1 0.0445 0.0808 0.0309 0.0521 
1 0.1209 0.111 0.0345 0.0521 
1 0.1164 0.1822 0.0364 0.0685 
1 0.1582 0.163 0.0364 0.0849 
1 0.2336 0.1712 0.0418 0.0685 
1 0.2555 0.2932 0.0891 0.1479 
1 0.38 0.3014 0.0655 0.1315 
1 0.31 0.1712 0.0527 0.0849 
1 0.3436 0.1247 0.0255 0.0521 
1 0.4036 0.1411 0.0291 0.0466 
1 0.4464 0.1479 0.0309 0.0548 
1 0.4809 0.1767 0.0309 0.0521 
1 0.4927 0.2863 0.0618 0.1233 
1 0.5709 0.2082 0.0291 0.0548 
1 0.6064 0.211 0.0309 0.0548 
1 0.6 0.1822 0.0255 0.0411 
1 0.5409 0.1479 0.0236 0.0384 
1 0.5191 0.1521 0.0236 0.0411 
1 0.6455 0.1726 0.0255 0.0493 
1 0.6809 0.1904 0.0345 0.0466 
1 0.6891 0.1562 0.0182 0.0274 
1 0.7236 0.1918 0.0255 0.0384 
1 0.7218 0.1521 0.0145 0.0247 
1 0.7455 0.1603 0.0145 0.0301 
1 0.7291 0.2411 0.0364 0.0658 
1 0.7936 0.2575 0.0418 0.0767 
1 0.7709 0.2055 0.0218 0.0384 
1 0.7709 0.2438 0.0255 0.0438 
1 0.8027 0.1863 0.0164 0.0384 
1 0.8218 0.2151 0.0182 0.0411 
1 0.8573 0.2658 0.0309 0.0767 
1 0.9045 0.2726 0.0382 0.0849 
1 0.9418 0.2603 0.0327 0.0767 
1 0.9727 0.2863 0.0327 0.0795 
1 0.8527 0.2027 0.0182 0.0438 
