1 0.1974 0.3982 0.0416 0.0762 
1 0.3413 0.2181 0.0208 0.0374 
1 0.3777 0.2368 0.0184 0.036 
1 0.4121 0.196 0.0216 0.0374 
1 0.4165 0.2327 0.024 0.0443 
1 0.3981 0.2431 0.0224 0.0346 
1 0.4844 0.1932 0.0208 0.0291 
1 0.5596 0.1884 0.024 0.0499 
1 0.6563 0.2223 0.0208 0.0429 
1 0.711 0.2334 0.0248 0.0457 
1 0.8617 0.1586 0.016 0.0374 
1 0.8941 0.1891 0.0152 0.0346 
1 0.8269 0.2154 0.0184 0.0429 
1 0.8737 0.2175 0.0192 0.0388 
1 0.7718 0.2673 0.0216 0.0609 
1 0.8837 0.3026 0.0312 0.0762 
1 0.8129 0.3663 0.0288 0.0651 
1 0.9025 0.3705 0.0336 0.0596 
1 0.9193 0.3068 0.032 0.0679 
