1 0.9789 0.6821 0.0422 0.1335 
1 0.8734 0.7692 0.0656 0.0995 
1 0.9219 0.6527 0.0437 0.0656 
1 0.9109 0.6097 0.0469 0.0701 
1 0.7961 0.6256 0.0391 0.0611 
1 0.6117 0.5215 0.0516 0.0747 
1 0.5711 0.6131 0.0297 0.0452 
1 0.4961 0.6663 0.0266 0.043 
1 0.468 0.7002 0.0266 0.0385 
1 0.3977 0.7036 0.0328 0.0543 
1 0.3469 0.7421 0.0406 0.0679 
1 0.2625 0.7624 0.0469 0.0724 
1 0.2344 0.6708 0.025 0.043 
1 0.3383 0.6572 0.0266 0.0475 
1 0.3727 0.6357 0.0266 0.0362 
1 0.2344 0.6154 0.0219 0.0362 
1 0.2141 0.56 0.0187 0.0339 
1 0.1867 0.6425 0.0266 0.0452 
1 0.1836 0.5633 0.0234 0.0362 
1 0.1242 0.5667 0.0266 0.0339 
1 0.0938 0.5667 0.0219 0.0339 
1 0.0773 0.5486 0.0141 0.0249 
1 0.0672 0.5882 0.025 0.0407 
1 0.0383 0.5803 0.0234 0.0339 
1 0.0375 0.681 0.0344 0.0452 
1 0.1031 0.664 0.0281 0.043 
