1 0.8424 0.1124 0.0107 0.0273 
1 0.8678 0.1235 0.0088 0.0221 
1 0.9005 0.1448 0.0098 0.0239 
1 0.9302 0.1508 0.0088 0.0221 
1 0.9156 0.2964 0.0224 0.0579 
1 0.7683 0.2845 0.0224 0.0579 
1 0.7946 0.2675 0.0185 0.0545 
1 0.8302 0.2964 0.0254 0.0647 
1 0.7376 0.3228 0.0293 0.0733 
1 0.678 0.3024 0.0273 0.0664 
1 0.6546 0.2138 0.0176 0.0426 
1 0.622 0.2487 0.0205 0.0477 
1 0.6083 0.1448 0.0127 0.0341 
1 0.5644 0.1755 0.0127 0.0341 
1 0.5654 0.1252 0.0107 0.029 
1 0.5834 0.1201 0.0098 0.0256 
1 0.5102 0.1244 0.0098 0.0239 
1 0.5346 0.1218 0.0117 0.029 
1 0.4146 0.1593 0.0117 0.0256 
1 0.4561 0.2189 0.0166 0.0358 
1 0.3585 0.1951 0.0127 0.029 
1 0.3839 0.2181 0.0146 0.0341 
1 0.3893 0.2624 0.0156 0.0375 
1 0.4771 0.3271 0.0254 0.0477 
1 0.5327 0.3237 0.0234 0.0511 
1 0.1712 0.483 0.0361 0.0767 
1 0.0937 0.3152 0.0176 0.0375 
1 0.3839 0.2027 0.0166 0.0239 
