1 0.1667 0.48 0.12 0.195 
1 0.47 0.485 0.02 0.04 
1 0.5175 0.4875 0.0217 0.05 
1 0.5342 0.4587 0.0183 0.0325 
1 0.5558 0.4963 0.025 0.0475 
1 0.5575 0.4562 0.0217 0.0375 
1 0.5967 0.44 0.02 0.03 
1 0.62 0.4512 0.02 0.0425 
1 0.6033 0.4913 0.0233 0.0425 
1 0.6483 0.4875 0.03 0.055 
1 0.6367 0.4275 0.02 0.035 
1 0.6675 0.46 0.025 0.04 
1 0.675 0.4238 0.02 0.0375 
1 0.7258 0.4387 0.025 0.0425 
1 0.7158 0.4975 0.0317 0.06 
1 0.7783 0.4988 0.0333 0.0575 
1 0.8125 0.445 0.0317 0.055 
1 0.7983 0.4062 0.02 0.0375 
1 0.8642 0.405 0.025 0.05 
1 0.9258 0.4425 0.0417 0.07 
1 0.8717 0.5088 0.0467 0.0675 
