1 0.0169 0.515 0.0262 0.0602 
1 0.0469 0.5282 0.0512 0.0789 
1 0.1787 0.5855 0.07 0.1034 
1 0.1837 0.4878 0.03 0.0508 
1 0.2087 0.5019 0.0375 0.0639 
1 0.2806 0.4859 0.0312 0.047 
1 0.3194 0.4868 0.0238 0.0489 
1 0.2838 0.6053 0.0925 0.1391 
1 0.3713 0.4765 0.025 0.0395 
1 0.3875 0.4962 0.0225 0.0376 
1 0.4169 0.4831 0.0213 0.0301 
1 0.4344 0.5028 0.0312 0.0508 
1 0.4544 0.547 0.0488 0.0789 
1 0.4956 0.4953 0.0288 0.0432 
1 0.5337 0.4878 0.025 0.0432 
1 0.5437 0.563 0.05 0.0771 
1 0.5525 0.7641 0.1775 0.2989 
1 0.6769 0.4445 0.0213 0.0432 
1 0.7056 0.5056 0.0312 0.0414 
1 0.7106 0.5451 0.0387 0.0639 
1 0.8781 0.593 0.0838 0.1372 
1 0.9381 0.5583 0.0462 0.0714 
1 0.9644 0.5357 0.0387 0.0564 
