0 0.4617 0.5491 0.1233 0.1875 
0 0.3633 0.5513 0.0933 0.1384 
0 0.0633 0.6027 0.1133 0.1786 
0 0.105 0.5179 0.0767 0.1161 
0 0.8967 0.5179 0.0867 0.1339 
0 0.7533 0.4978 0.0667 0.1027 
0 0.7183 0.4576 0.0433 0.0759 
0 0.665 0.471 0.0567 0.0848 
0 0.6183 0.4665 0.05 0.0848 
0 0.5683 0.4598 0.0433 0.0536 
0 0.1717 0.3884 0.0433 0.0625 
0 0.4283 0.4107 0.03 0.0446 
0 0.4617 0.433 0.03 0.0536 
0 0.4933 0.4353 0.0267 0.0402 
0 0.5217 0.4375 0.0367 0.0446 
0 0.3967 0.4107 0.02 0.0357 
0 0.5167 0.375 0.02 0.0268 
0 0.465 0.3683 0.0167 0.0223 
1 0.5783 0.3482 0.0233 0.0446 
1 0.7933 0.4844 0.0533 0.0848 
1 0.5317 0.2589 0.0233 0.0268 
