0 0.467 0.5761 0.054 0.1211 
0 0.376 0.5346 0.04 0.0727 
0 0.36 0.609 0.06 0.1246 
0 0.327 0.6021 0.046 0.1176 
0 0.26 0.5311 0.04 0.1003 
0 0.184 0.6471 0.112 0.1522 
0 0.183 0.808 0.162 0.2111 
0 0.56 0.6142 0.072 0.1349 
0 0.589 0.5502 0.05 0.083 
0 0.562 0.5225 0.036 0.0692 
0 0.634 0.6107 0.064 0.1211 
0 0.684 0.5156 0.044 0.0761 
0 0.71 0.5675 0.052 0.0969 
0 0.796 0.519 0.04 0.083 
0 0.898 0.5329 0.044 0.0761 
0 0.91 0.6142 0.076 0.1073 
0 0.948 0.5502 0.052 0.083 
1 0.845 0.5934 0.066 0.1073 
1 0.841 0.5381 0.054 0.0588 
1 0.986 0.5398 0.028 0.0692 
1 0.539 0.3028 0.026 0.0588 
1 0.439 0.5865 0.026 0.0865 
