1 0.348 0.2258 0.0172 0.0345 
1 0.347 0.2488 0.0229 0.0279 
1 0.4109 0.2586 0.021 0.0378 
1 0.4299 0.2258 0.0172 0.0345 
1 0.4504 0.2323 0.0181 0.0378 
1 0.4981 0.2315 0.0219 0.0427 
1 0.5114 0.1905 0.02 0.0361 
1 0.5296 0.1445 0.0162 0.0263 
1 0.5586 0.211 0.021 0.0509 
1 0.5977 0.1888 0.0248 0.046 
1 0.6378 0.1527 0.0172 0.0328 
1 0.6068 0.2471 0.0257 0.0542 
1 0.6792 0.2069 0.0238 0.0493 
1 0.7412 0.1929 0.0181 0.0279 
1 0.6506 0.2529 0.0219 0.0427 
1 0.6964 0.2644 0.02 0.0394 
1 0.744 0.2997 0.02 0.0542 
1 0.7807 0.3054 0.0305 0.069 
1 0.8537 0.2471 0.0238 0.0509 
1 0.8603 0.2159 0.02 0.0378 
1 0.8765 0.3202 0.0238 0.0591 
1 0.9109 0.234 0.0181 0.0345 
1 0.9342 0.2488 0.0172 0.0509 
1 0.939 0.3489 0.021 0.0575 
1 0.9528 0.2833 0.02 0.0509 
1 0.9528 0.2447 0.0238 0.0394 
1 0.7827 0.2611 0.0305 0.0394 
1 0.8861 0.2874 0.0276 0.0591 
