1 0.0341 0.3993 0.0271 0.0726 
1 0.2664 0.264 0.015 0.033 
1 0.2897 0.2706 0.0206 0.0363 
1 0.3136 0.2871 0.0196 0.0396 
1 0.3257 0.2517 0.0178 0.0413 
1 0.3154 0.2351 0.014 0.0314 
1 0.3519 0.2764 0.0215 0.0446 
1 0.3537 0.231 0.0159 0.033 
1 0.4103 0.2921 0.0224 0.0495 
1 0.4215 0.2277 0.0187 0.0396 
1 0.3799 0.2285 0.0178 0.0314 
1 0.3808 0.2145 0.014 0.0264 
1 0.3902 0.1997 0.014 0.0297 
1 0.4696 0.2343 0.0196 0.0396 
1 0.4551 0.2228 0.0168 0.0363 
1 0.4341 0.184 0.0159 0.0281 
1 0.4407 0.2046 0.0178 0.033 
1 0.4589 0.1766 0.015 0.0297 
1 0.4668 0.203 0.0159 0.033 
1 0.5056 0.2021 0.0168 0.0347 
1 0.4836 0.1716 0.014 0.0297 
1 0.4766 0.1551 0.0131 0.0231 
1 0.4916 0.1361 0.0112 0.0248 
1 0.5117 0.1675 0.014 0.0281 
1 0.5416 0.1691 0.014 0.0281 
1 0.5495 0.2013 0.0187 0.0363 
1 0.5687 0.1716 0.0178 0.0363 
1 0.5341 0.1411 0.014 0.0281 
1 0.5584 0.1543 0.014 0.0314 
1 0.5664 0.1386 0.0131 0.0231 
1 0.5724 0.1172 0.0103 0.0231 
1 0.5916 0.1568 0.0131 0.0264 
1 0.6154 0.1592 0.0159 0.0314 
1 0.5888 0.1378 0.0112 0.0248 
1 0.5939 0.1106 0.0103 0.0231 
1 0.6154 0.1419 0.0121 0.0231 
1 0.614 0.1221 0.0131 0.0231 
1 0.6294 0.104 0.0084 0.0198 
1 0.6439 0.1089 0.0112 0.0264 
1 0.6547 0.118 0.0121 0.0281 
1 0.6729 0.1262 0.0131 0.0281 
1 0.7051 0.1048 0.0121 0.0314 
1 0.6037 0.2104 0.0206 0.0413 
1 0.5738 0.2483 0.0206 0.0413 
1 0.4972 0.2962 0.0243 0.0446 
1 0.5505 0.3045 0.0243 0.0545 
1 0.6136 0.2574 0.0252 0.0495 
1 0.6112 0.3309 0.0336 0.0578 
1 0.6659 0.2574 0.0252 0.0462 
1 0.6822 0.3432 0.0299 0.066 
1 0.7126 0.2913 0.0271 0.0545 
1 0.6659 0.217 0.0196 0.0479 
1 0.7121 0.2219 0.0206 0.0512 
1 0.6593 0.1823 0.0178 0.038 
1 0.6897 0.1592 0.015 0.0413 
1 0.7098 0.1452 0.014 0.033 
1 0.7056 0.1856 0.0187 0.038 
1 0.7425 0.1238 0.014 0.033 
1 0.7505 0.1155 0.0112 0.0231 
1 0.75 0.1452 0.0121 0.033 
1 0.7369 0.1625 0.014 0.0314 
1 0.7533 0.1889 0.0168 0.038 
1 0.7612 0.2285 0.0196 0.0479 
1 0.7818 0.2904 0.0234 0.0528 
1 0.7734 0.1741 0.0159 0.0347 
1 0.771 0.1386 0.0131 0.0264 
1 0.7869 0.1213 0.0112 0.0248 
1 0.807 0.1477 0.0103 0.0281 
1 0.8234 0.1287 0.0112 0.0264 
1 0.8308 0.1436 0.0131 0.033 
1 0.8178 0.1741 0.0131 0.0347 
1 0.8019 0.1964 0.015 0.0297 
1 0.8495 0.1898 0.015 0.0396 
1 0.8551 0.1576 0.0131 0.0347 
1 0.8687 0.1592 0.0121 0.0281 
1 0.8734 0.1394 0.0121 0.0281 
1 0.9014 0.1337 0.0121 0.0264 
1 0.8949 0.1782 0.0121 0.033 
1 0.8827 0.1997 0.0159 0.0363 
1 0.8692 0.2219 0.0168 0.038 
1 0.9257 0.1848 0.0159 0.0363 
1 0.9224 0.2797 0.0206 0.0479 
1 0.9374 0.1634 0.0131 0.033 
