1 0.1989 0.4554 0.0492 0.0993 
1 0.2538 0.4217 0.0436 0.0892 
1 0.2367 0.2424 0.017 0.037 
1 0.3494 0.2694 0.0189 0.0438 
1 0.3674 0.2643 0.017 0.0438 
1 0.4195 0.2281 0.0189 0.0354 
1 0.4422 0.2315 0.017 0.0354 
1 0.4503 0.1852 0.0142 0.0303 
1 0.4744 0.1944 0.0189 0.0421 
1 0.4593 0.1524 0.0114 0.0185 
1 0.4688 0.1465 0.0095 0.0168 
1 0.4858 0.1296 0.0114 0.0202 
1 0.5208 0.0732 0.0114 0.0219 
1 0.5559 0.1507 0.0152 0.0253 
1 0.5824 0.1473 0.0152 0.0286 
1 0.491 0.2963 0.0256 0.0505 
1 0.4299 0.2837 0.0227 0.0522 
1 0.5388 0.1987 0.0284 0.0438 
1 0.7382 0.0589 0.0085 0.0269 
1 0.6813 0.1582 0.018 0.037 
1 0.6591 0.2475 0.0189 0.0471 
1 0.7126 0.2837 0.0275 0.0589 
1 0.7121 0.1431 0.0152 0.0269 
1 0.7358 0.1599 0.0133 0.0269 
1 0.7401 0.1448 0.0161 0.0337 
1 0.7528 0.1717 0.0133 0.0303 
1 0.758 0.3005 0.0275 0.0556 
1 0.7964 0.1894 0.017 0.0387 
1 0.8097 0.1237 0.0114 0.0253 
1 0.9167 0.0859 0.0095 0.0236 
1 0.8707 0.2281 0.0161 0.0522 
1 0.5199 0.1641 0.0189 0.032 
