1 0.1856 0.453 0.053 0.0872 
1 0.3111 0.2408 0.0275 0.0487 
1 0.3428 0.2106 0.0227 0.0386 
1 0.892 0.4631 0.0417 0.1007 
1 0.411 0.1669 0.0208 0.0252 
1 0.4422 0.1535 0.0152 0.0319 
1 0.4167 0.2148 0.0208 0.0336 
1 0.4285 0.1804 0.0161 0.0285 
1 0.4432 0.2332 0.0227 0.0403 
1 0.4777 0.2341 0.0275 0.0386 
1 0.4716 0.1342 0.0227 0.0201 
1 0.4588 0.177 0.0199 0.0386 
1 0.4749 0.1854 0.0237 0.0419 
1 0.4924 0.1435 0.017 0.0386 
1 0.5133 0.1493 0.0152 0.0336 
1 0.5336 0.1174 0.0142 0.0302 
1 0.544 0.1267 0.018 0.0285 
1 0.545 0.2022 0.0199 0.0386 
1 0.5327 0.1653 0.0161 0.0319 
1 0.563 0.1586 0.0161 0.0419 
1 0.599 0.1636 0.0256 0.0453 
1 0.6231 0.1477 0.0227 0.0336 
1 0.6544 0.151 0.0189 0.047 
1 0.4924 0.3079 0.0303 0.0587 
1 0.5639 0.2685 0.0275 0.0604 
1 0.5833 0.2928 0.0322 0.0721 
1 0.6108 0.224 0.0265 0.0419 
1 0.6619 0.2341 0.0265 0.0386 
1 0.6245 0.302 0.0369 0.0772 
1 0.67 0.2894 0.0331 0.0453 
1 0.6813 0.344 0.0312 0.0705 
1 0.6648 0.1938 0.0208 0.0453 
1 0.7514 0.0881 0.018 0.0386 
1 0.6937 0.1737 0.0237 0.0319 
1 0.7192 0.1753 0.0218 0.0285 
1 0.7112 0.2433 0.0284 0.0604 
1 0.7363 0.1888 0.0218 0.0453 
1 0.7528 0.1653 0.017 0.0419 
1 0.7765 0.1888 0.0208 0.0386 
1 0.7945 0.104 0.0208 0.0369 
1 0.7888 0.219 0.0227 0.0419 
1 0.7992 0.1846 0.0284 0.0436 
1 0.8101 0.2055 0.018 0.0386 
1 0.8305 0.177 0.017 0.0386 
1 0.8063 0.3029 0.0256 0.0721 
1 0.8461 0.2265 0.0161 0.0369 
1 0.8423 0.3163 0.0275 0.0654 
1 0.8608 0.193 0.0208 0.0369 
1 0.8859 0.245 0.0237 0.057 
1 0.8864 0.2022 0.0152 0.0419 
1 0.9034 0.2013 0.0189 0.0403 
1 0.9323 0.2517 0.0256 0.0537 
1 0.9252 0.3087 0.0246 0.0503 
1 0.9086 0.3767 0.0369 0.0587 
1 0.8679 0.3054 0.0256 0.047 
