1 0.1929 0.3583 0.0412 0.0713 
1 0.2907 0.2101 0.0148 0.03 
1 0.3018 0.2261 0.0137 0.0281 
1 0.315 0.242 0.0169 0.0375 
1 0.3451 0.2533 0.0201 0.0413 
1 0.3811 0.2439 0.0159 0.03 
1 0.4154 0.2251 0.019 0.0375 
1 0.4101 0.2054 0.0148 0.0281 
1 0.3869 0.1998 0.0148 0.0281 
1 0.3705 0.1951 0.0159 0.0338 
1 0.351 0.1848 0.0169 0.0244 
1 0.342 0.1698 0.0137 0.0281 
1 0.4392 0.2167 0.0159 0.0319 
1 0.4804 0.2167 0.0137 0.0356 
1 0.4165 0.1735 0.0148 0.0281 
1 0.4202 0.1379 0.0116 0.0244 
1 0.4461 0.166 0.0148 0.0206 
1 0.472 0.1773 0.0159 0.0244 
1 0.472 0.1482 0.0095 0.0225 
1 0.4715 0.1285 0.0127 0.0206 
1 0.4963 0.1482 0.0116 0.0225 
1 0.4979 0.1191 0.0106 0.0206 
1 0.5069 0.1379 0.0095 0.0206 
1 0.5211 0.1229 0.0106 0.0206 
1 0.5238 0.1501 0.0137 0.0225 
1 0.5026 0.1886 0.0159 0.0319 
1 0.5386 0.1886 0.0159 0.0281 
1 0.5476 0.1529 0.0127 0.0281 
1 0.5492 0.1182 0.0116 0.0225 
1 0.5455 0.1379 0.0106 0.0169 
1 0.5708 0.1201 0.0106 0.0263 
1 0.5597 0.1435 0.0095 0.0206 
1 0.5809 0.167 0.0137 0.03 
1 0.5962 0.1248 0.0127 0.0281 
1 0.5809 0.1107 0.0137 0.0263 
1 0.6052 0.1098 0.0095 0.0244 
1 0.6142 0.1173 0.0085 0.0206 
1 0.6247 0.1257 0.0106 0.03 
1 0.6184 0.1567 0.0127 0.0319 
1 0.6538 0.137 0.0137 0.03 
1 0.657 0.1107 0.0095 0.0188 
1 0.6665 0.1004 0.0095 0.0244 
1 0.6866 0.1182 0.0095 0.0225 
1 0.6934 0.1004 0.0106 0.0206 
1 0.7088 0.1032 0.0116 0.0263 
1 0.4942 0.273 0.0243 0.0507 
1 0.5396 0.2805 0.0285 0.0582 
1 0.5973 0.334 0.0275 0.06 
1 0.5751 0.2336 0.0211 0.0432 
1 0.6184 0.2608 0.0211 0.045 
1 0.6158 0.2064 0.0159 0.0375 
1 0.6707 0.2533 0.0243 0.045 
1 0.6718 0.1782 0.0159 0.03 
1 0.7008 0.1886 0.0148 0.0394 
1 0.6961 0.3068 0.0243 0.0507 
1 0.7257 0.2927 0.0201 0.0488 
1 0.7489 0.364 0.0264 0.06 
1 0.815 0.4156 0.0275 0.0582 
1 0.8932 0.4409 0.0296 0.0675 
1 0.9123 0.3462 0.0254 0.0582 
1 0.9186 0.2824 0.019 0.0544 
1 0.9456 0.2148 0.018 0.0394 
1 0.8848 0.2251 0.019 0.0338 
1 0.8663 0.2552 0.0201 0.045 
1 0.8325 0.3208 0.0222 0.0488 
1 0.7865 0.3021 0.0233 0.045 
1 0.8166 0.2533 0.0201 0.0375 
1 0.7939 0.2242 0.0148 0.0394 
1 0.7632 0.2308 0.0211 0.0375 
1 0.7215 0.2186 0.018 0.0394 
1 0.7537 0.1848 0.0148 0.0281 
1 0.7378 0.1595 0.0127 0.0263 
1 0.7252 0.1538 0.0106 0.03 
1 0.7468 0.1313 0.0116 0.0263 
1 0.76 0.1557 0.0106 0.0263 
1 0.7685 0.1463 0.0127 0.03 
1 0.7923 0.1529 0.0159 0.0356 
