1 0.0232 0.4409 0.0295 0.0606 
1 0.2399 0.3439 0.0194 0.0333 
1 0.2652 0.3765 0.0194 0.0439 
1 0.2964 0.3841 0.0211 0.0409 
1 0.3423 0.372 0.0287 0.047 
1 0.2989 0.3076 0.0177 0.0364 
1 0.3702 0.3379 0.0169 0.0364 
1 0.3676 0.2985 0.0169 0.0394 
1 0.3992 0.325 0.0143 0.0379 
1 0.4216 0.3386 0.0219 0.0409 
1 0.4207 0.3008 0.0152 0.0318 
1 0.4077 0.2652 0.0143 0.0273 
1 0.4207 0.2705 0.0152 0.0348 
1 0.4448 0.2492 0.0143 0.0288 
1 0.4612 0.2629 0.0169 0.0318 
1 0.4836 0.303 0.016 0.0364 
1 0.4646 0.3735 0.0219 0.047 
1 0.4852 0.2341 0.0126 0.0258 
1 0.5253 0.2652 0.0135 0.0303 
1 0.4865 0.272 0.0219 0.0348 
1 0.5164 0.325 0.0211 0.047 
1 0.5388 0.2795 0.0185 0.0439 
1 0.5527 0.2508 0.016 0.0379 
1 0.5363 0.253 0.0118 0.0364 
1 0.5755 0.2242 0.0126 0.0273 
1 0.5881 0.2341 0.0143 0.0288 
1 0.5927 0.2205 0.0152 0.0258 
1 0.621 0.2174 0.0143 0.0288 
1 0.6324 0.203 0.0118 0.0333 
1 0.6185 0.2485 0.016 0.0364 
1 0.605 0.2492 0.0143 0.0288 
1 0.6012 0.2667 0.0152 0.0333 
1 0.5847 0.2879 0.0194 0.0455 
1 0.5535 0.3545 0.0261 0.0545 
1 0.5645 0.4114 0.0329 0.053 
1 0.4777 0.4182 0.0295 0.0576 
1 0.6126 0.4561 0.0329 0.0697 
1 0.6214 0.3295 0.0253 0.0409 
1 0.6328 0.3606 0.0261 0.0576 
1 0.6463 0.2129 0.0126 0.0288 
1 0.6606 0.225 0.0177 0.0318 
1 0.6796 0.2083 0.0101 0.0258 
1 0.6931 0.2242 0.0135 0.0333 
1 0.656 0.2417 0.0135 0.0288 
1 0.6981 0.2667 0.0169 0.0333 
1 0.7196 0.2227 0.0143 0.0303 
1 0.7255 0.25 0.0126 0.0364 
1 0.6543 0.3083 0.0202 0.0379 
1 0.6691 0.3455 0.0194 0.0455 
1 0.6775 0.3682 0.0261 0.0636 
1 0.7091 0.3561 0.0219 0.0485 
1 0.7019 0.3212 0.0228 0.0455 
1 0.6606 0.4644 0.0379 0.0742 
1 0.7281 0.4962 0.0363 0.0864 
1 0.7567 0.4068 0.0261 0.053 
1 0.8056 0.4348 0.0295 0.0545 
1 0.7681 0.2439 0.0152 0.0303 
1 0.7799 0.2295 0.0152 0.0288 
1 0.8035 0.2356 0.0135 0.0318 
1 0.8153 0.2417 0.0152 0.0348 
1 0.839 0.2636 0.0169 0.0364 
1 0.8685 0.2538 0.0152 0.0379 
1 0.75 0.2871 0.0177 0.0348 
1 0.7753 0.2712 0.0177 0.0364 
1 0.7985 0.2848 0.0169 0.0394 
1 0.8457 0.3008 0.0152 0.0348 
1 0.8398 0.3311 0.0219 0.0409 
1 0.836 0.3667 0.0245 0.0455 
1 0.8782 0.3379 0.016 0.0394 
1 0.8891 0.3742 0.0211 0.0606 
1 0.9035 0.3386 0.0177 0.0439 
1 0.9068 0.3144 0.016 0.0348 
1 0.8786 0.2833 0.0169 0.0333 
1 0.8849 0.2742 0.0126 0.0364 
1 0.8988 0.2485 0.0118 0.0333 
1 0.9245 0.2856 0.0143 0.0409 
1 0.9401 0.3227 0.0152 0.0394 
1 0.9406 0.3076 0.016 0.0364 
1 0.9604 0.2682 0.0118 0.0333 
1 0.9616 0.2985 0.0143 0.0364 
1 0.9696 0.3727 0.0185 0.0606 
1 0.9401 0.4742 0.0287 0.0606 
1 0.871 0.4856 0.0287 0.0621 
1 0.8487 0.5409 0.0312 0.0758 
1 0.9389 0.4553 0.0245 0.0379 
