1 0.0498 0.415 0.0232 0.0636 
1 0.0618 0.4897 0.024 0.071 
1 0.1202 0.6178 0.0348 0.0766 
1 0.209 0.4449 0.0265 0.0673 
1 0.2027 0.3561 0.024 0.0617 
1 0.2376 0.2991 0.0207 0.0523 
1 0.1683 0.2701 0.0166 0.0505 
1 0.1186 0.1972 0.0149 0.043 
1 0.0439 0.2299 0.0149 0.0299 
1 0.153 0.1495 0.0141 0.0374 
1 0.1621 0.1757 0.0141 0.0411 
1 0.1816 0.2009 0.0149 0.0467 
1 0.2156 0.1383 0.0149 0.0486 
1 0.2554 0.1271 0.0216 0.0411 
1 0.2836 0.1879 0.0149 0.0393 
1 0.2881 0.1607 0.0141 0.0411 
1 0.3259 0.214 0.0182 0.043 
1 0.3507 0.2178 0.0166 0.043 
1 0.3823 0.1682 0.0149 0.0449 
1 0.3595 0.0804 0.0124 0.0374 
1 0.3926 0.0832 0.0108 0.0318 
1 0.4279 0.1748 0.0149 0.0355 
1 0.4672 0.2748 0.0174 0.0523 
1 0.5609 0.4822 0.029 0.071 
1 0.4349 0.0794 0.0108 0.0355 
1 0.4668 0.1262 0.0149 0.0355 
1 0.471 0.1617 0.0149 0.0393 
1 0.483 0.1112 0.0174 0.0393 
1 0.4826 0.0607 0.0116 0.028 
1 0.5133 0.0981 0.0133 0.028 
1 0.505 0.1776 0.0149 0.0374 
1 0.483 0.2215 0.0158 0.0467 
1 0.5452 0.3028 0.0207 0.0523 
1 0.558 0.1636 0.0133 0.0355 
1 0.5804 0.2009 0.0166 0.0467 
1 0.6219 0.2393 0.0182 0.0449 
1 0.5444 0.071 0.0124 0.0299 
1 0.5987 0.1299 0.0149 0.0355 
1 0.585 0.0888 0.0091 0.0243 
1 0.6285 0.1075 0.0133 0.0318 
1 0.6638 0.143 0.0108 0.0355 
1 0.7135 0.2075 0.0191 0.0449 
1 0.7201 0.2757 0.0207 0.0467 
1 0.6924 0.3411 0.0199 0.0542 
1 0.7985 0.3822 0.0182 0.0579 
1 0.7819 0.2056 0.0166 0.0374 
1 0.8238 0.2262 0.0158 0.0336 
1 0.8665 0.2766 0.0149 0.0374 
1 0.8864 0.3019 0.0166 0.0467 
1 0.9432 0.3766 0.0191 0.0467 
