1 0.078 0.3302 0.0392 0.0806 
1 0.189 0.4648 0.0469 0.0858 
1 0.2957 0.2118 0.023 0.0463 
1 0.3038 0.241 0.0182 0.036 
1 0.3292 0.1844 0.0287 0.0395 
1 0.3431 0.2581 0.0182 0.0463 
1 0.334 0.2067 0.023 0.0395 
1 0.3703 0.2033 0.0191 0.0429 
1 0.389 0.2007 0.0201 0.0515 
1 0.4273 0.175 0.0239 0.0412 
1 0.4488 0.1527 0.0211 0.0377 
1 0.4431 0.2075 0.0191 0.048 
1 0.4282 0.2556 0.0316 0.048 
1 0.4732 0.2196 0.0239 0.048 
1 0.4703 0.1467 0.022 0.0429 
1 0.4823 0.1252 0.0134 0.0377 
1 0.4909 0.1415 0.0153 0.036 
1 0.5014 0.1209 0.0172 0.0326 
1 0.5239 0.1192 0.0163 0.036 
1 0.511 0.229 0.0211 0.0463 
1 0.512 0.1818 0.023 0.0515 
1 0.533 0.1621 0.023 0.0395 
1 0.5416 0.1329 0.0211 0.0326 
1 0.5818 0.1252 0.0191 0.0377 
1 0.5522 0.2024 0.0268 0.048 
1 0.5579 0.1578 0.023 0.0412 
1 0.601 0.1141 0.0191 0.036 
1 0.6201 0.1226 0.023 0.036 
1 0.6158 0.1604 0.0201 0.0326 
1 0.6498 0.1364 0.0191 0.0395 
1 0.6636 0.0978 0.0163 0.0309 
1 0.6727 0.1269 0.0249 0.0377 
1 0.6909 0.1003 0.0172 0.0326 
1 0.7057 0.1046 0.0182 0.0412 
1 0.512 0.2959 0.0383 0.0635 
1 0.5622 0.247 0.0278 0.0583 
1 0.6354 0.2118 0.0287 0.0497 
1 0.6201 0.2616 0.0402 0.06 
1 0.5986 0.3396 0.0335 0.0789 
1 0.6775 0.2727 0.0306 0.0549 
1 0.6694 0.1844 0.0297 0.0497 
1 0.7053 0.1895 0.0191 0.0566 
1 0.723 0.1509 0.0335 0.0446 
1 0.7612 0.1312 0.0182 0.0463 
1 0.7904 0.1372 0.0191 0.0446 
1 0.7569 0.1878 0.0211 0.0395 
1 0.7421 0.2041 0.0297 0.0446 
1 0.7292 0.2401 0.0364 0.0617 
1 0.6914 0.313 0.0297 0.0635 
1 0.7144 0.283 0.0278 0.048 
1 0.8115 0.1544 0.0191 0.0377 
1 0.8019 0.2204 0.023 0.0497 
1 0.7636 0.2581 0.0268 0.0463 
1 0.8124 0.2616 0.023 0.06 
1 0.7866 0.3156 0.0306 0.0583 
1 0.7847 0.4014 0.0325 0.0755 
1 0.8254 0.4082 0.0354 0.072 
1 0.8402 0.3345 0.0325 0.0583 
1 0.8632 0.2839 0.0306 0.0635 
1 0.8828 0.241 0.0278 0.0532 
1 0.9268 0.2367 0.0239 0.0549 
1 0.9287 0.3113 0.0316 0.0635 
1 0.9029 0.3731 0.0297 0.06 
1 0.9038 0.4254 0.0392 0.0755 
1 0.7708 0.1501 0.0201 0.0326 
1 0.7856 0.1587 0.0172 0.0326 
1 0.5799 0.1818 0.0268 0.0377 
1 0.5789 0.1587 0.0172 0.0429 
1 0.5086 0.1458 0.0182 0.0377 
1 0.4699 0.1861 0.0268 0.0326 
1 0.3732 0.2882 0.0287 0.0412 
