1 0.062 0.6697 0.088 0.1201 
1 0.062 0.8168 0.1 0.1622 
1 0.17 0.6532 0.06 0.0871 
1 0.24 0.7147 0.088 0.1261 
1 0.264 0.8694 0.176 0.2613 
1 0.366 0.7943 0.108 0.2012 
1 0.436 0.7147 0.076 0.1201 
1 0.446 0.6426 0.04 0.0721 
1 0.405 0.6502 0.046 0.0811 
1 0.357 0.6712 0.062 0.0871 
1 0.295 0.6366 0.05 0.0721 
1 0.264 0.6201 0.04 0.0631 
1 0.329 0.6366 0.042 0.0601 
1 0.518 0.6667 0.056 0.0841 
1 0.527 0.6366 0.054 0.0781 
1 0.584 0.6502 0.048 0.0631 
1 0.424 0.4715 0.036 0.0661 
1 0.838 0.6381 0.056 0.0811 
1 0.879 0.6396 0.042 0.0721 
1 0.94 0.7147 0.072 0.1021 
1 0.977 0.6156 0.046 0.0781 
