1 0.0285 0.5335 0.0479 0.157 
1 0.1913 0.4277 0.0252 0.0794 
1 0.2052 0.4039 0.0207 0.0705 
1 0.2663 0.5714 0.0408 0.1093 
1 0.2803 0.4727 0.0311 0.0811 
1 0.3162 0.4436 0.0304 0.0688 
1 0.3272 0.3801 0.0162 0.0547 
1 0.3702 0.3668 0.0129 0.0564 
1 0.4508 0.373 0.0188 0.0511 
1 0.4761 0.3977 0.0188 0.0441 
1 0.4803 0.3686 0.0155 0.0423 
1 0.5453 0.4568 0.0201 0.0529 
1 0.5883 0.4356 0.0181 0.0423 
1 0.566 0.3915 0.0149 0.0459 
1 0.5058 0.5979 0.033 0.1023 
1 0.3913 0.6675 0.0369 0.1041 
1 0.4181 0.4956 0.0246 0.0705 
1 0.8071 0.3827 0.022 0.0494 
