1 0.084 0.5772 0.0587 0.1333 
1 0.2463 0.2614 0.0245 0.0596 
1 0.2985 0.2482 0.0179 0.0474 
1 0.3071 0.2228 0.0204 0.0456 
1 0.3287 0.2412 0.0228 0.0544 
1 0.3458 0.2298 0.0196 0.0491 
1 0.3569 0.2912 0.022 0.0526 
1 0.3936 0.2465 0.0204 0.0439 
1 0.4258 0.3228 0.0228 0.0561 
1 0.3609 0.1991 0.0171 0.0368 
1 0.3862 0.2 0.0188 0.0386 
1 0.4258 0.1974 0.0163 0.0368 
1 0.4364 0.1675 0.0163 0.0404 
1 0.4723 0.25 0.0212 0.0474 
1 0.4527 0.1693 0.0131 0.0333 
1 0.4702 0.1772 0.0188 0.0491 
1 0.4939 0.2132 0.0188 0.0439 
1 0.4931 0.1561 0.0139 0.0386 
1 0.5257 0.164 0.0139 0.0439 
1 0.5453 0.214 0.0155 0.0421 
1 0.5718 0.2123 0.0179 0.0491 
1 0.5489 0.143 0.0163 0.0263 
1 0.5477 0.1658 0.0139 0.0333 
1 0.571 0.1421 0.0147 0.0386 
1 0.595 0.136 0.0155 0.0404 
1 0.6007 0.1825 0.0155 0.0421 
1 0.613 0.2088 0.0204 0.0491 
1 0.6162 0.1658 0.0139 0.0368 
1 0.6297 0.1289 0.0179 0.0439 
1 0.6472 0.1395 0.0139 0.0404 
1 0.6501 0.1921 0.0163 0.0439 
1 0.6827 0.1579 0.0179 0.0421 
1 0.6917 0.1412 0.0163 0.0404 
1 0.7113 0.1623 0.0163 0.0439 
1 0.5502 0.3544 0.0302 0.0702 
1 0.6077 0.3904 0.0261 0.0579 
1 0.6183 0.3044 0.0245 0.0579 
1 0.666 0.2491 0.0204 0.0561 
1 0.657 0.4263 0.0302 0.0807 
1 0.7117 0.2167 0.0171 0.0439 
1 0.7117 0.2877 0.0269 0.0632 
1 0.7467 0.2368 0.0171 0.0421 
1 0.7357 0.2079 0.0179 0.0474 
1 0.7504 0.1982 0.0131 0.0421 
1 0.7802 0.1763 0.0171 0.0439 
1 0.7781 0.2175 0.0179 0.0421 
1 0.7655 0.293 0.0188 0.0561 
1 0.792 0.2667 0.0196 0.0456 
1 0.8144 0.3061 0.022 0.0614 
1 0.8132 0.2482 0.0212 0.0509 
1 0.8214 0.2175 0.0147 0.0421 
1 0.8112 0.1974 0.0155 0.0439 
1 0.8736 0.2412 0.0163 0.0474 
1 0.8903 0.2702 0.0188 0.0526 
1 0.9074 0.2316 0.0155 0.0316 
1 0.9001 0.2518 0.0155 0.0439 
1 0.9364 0.2825 0.0179 0.0491 
1 0.9551 0.2535 0.0147 0.0474 
1 0.9792 0.3079 0.0188 0.0439 
1 0.9833 0.2711 0.0139 0.0368 
1 0.9747 0.3447 0.0147 0.0474 
1 0.9816 0.3833 0.0171 0.0579 
1 0.9229 0.3377 0.0204 0.0614 
1 0.9592 0.4482 0.0245 0.0754 
1 0.9547 0.4009 0.0237 0.0649 
1 0.8821 0.4307 0.0269 0.0684 
1 0.8605 0.3763 0.0261 0.0684 
1 0.8728 0.5351 0.0408 0.0877 
1 0.7863 0.4623 0.0343 0.093 
1 0.7259 0.4254 0.0294 0.0825 
