1 0.1291 0.5626 0.0437 0.0888 
1 0.2298 0.3377 0.0154 0.0349 
1 0.2611 0.3457 0.0214 0.0451 
1 0.2809 0.3763 0.0197 0.0422 
1 0.2907 0.3071 0.0189 0.0378 
1 0.3332 0.3726 0.0266 0.0495 
1 0.3615 0.3217 0.018 0.0408 
1 0.3576 0.2977 0.0154 0.0306 
1 0.3919 0.3384 0.0189 0.0451 
1 0.4147 0.3326 0.018 0.0364 
1 0.4121 0.2962 0.018 0.0335 
1 0.4014 0.2569 0.0172 0.0335 
1 0.4335 0.2598 0.0129 0.0247 
1 0.4408 0.2678 0.0154 0.032 
1 0.4447 0.3086 0.0232 0.0466 
1 0.4588 0.3355 0.0206 0.048 
1 0.4816 0.3049 0.018 0.0364 
1 0.5146 0.3282 0.0206 0.0364 
1 0.4794 0.2678 0.0172 0.032 
1 0.4738 0.2409 0.0163 0.0277 
1 0.515 0.2598 0.018 0.0335 
1 0.5313 0.2766 0.018 0.032 
1 0.5313 0.2424 0.0163 0.0335 
1 0.5545 0.246 0.018 0.0378 
1 0.5695 0.2824 0.0137 0.0378 
1 0.5892 0.2576 0.0172 0.0349 
1 0.581 0.2183 0.0129 0.0291 
1 0.5969 0.2351 0.0137 0.0277 
1 0.6145 0.2511 0.0129 0.0306 
1 0.6171 0.2256 0.0129 0.0291 
1 0.6235 0.2082 0.0154 0.0291 
1 0.6441 0.2154 0.0137 0.0349 
1 0.6539 0.2242 0.0146 0.0262 
1 0.6599 0.2453 0.0146 0.0277 
1 0.6883 0.2307 0.0146 0.0306 
1 0.6908 0.2082 0.0146 0.032 
1 0.7037 0.23 0.0129 0.032 
1 0.5017 0.3901 0.0326 0.0553 
1 0.5553 0.353 0.0266 0.0568 
1 0.554 0.4141 0.0309 0.0626 
1 0.6016 0.4476 0.0369 0.0713 
1 0.6158 0.3792 0.0326 0.0509 
1 0.6141 0.3341 0.024 0.0422 
1 0.6569 0.2999 0.0223 0.0466 
1 0.6672 0.3493 0.0257 0.0495 
1 0.6827 0.3799 0.0274 0.0582 
1 0.6552 0.4723 0.0395 0.083 
1 0.7183 0.5495 0.0403 0.0742 
1 0.8521 0.5058 0.0386 0.0742 
1 0.7556 0.3981 0.0292 0.0509 
1 0.7084 0.3654 0.0257 0.0524 
1 0.7144 0.3013 0.0206 0.0408 
1 0.6852 0.2773 0.0206 0.0393 
1 0.729 0.2991 0.0154 0.0364 
1 0.7268 0.2489 0.0197 0.032 
1 0.7509 0.2547 0.0163 0.0378 
1 0.7569 0.2365 0.0146 0.0335 
1 0.7706 0.2307 0.0129 0.0306 
1 0.789 0.2773 0.0137 0.0306 
1 0.8053 0.2424 0.0172 0.0335 
1 0.801 0.2664 0.0154 0.0349 
1 0.8362 0.2991 0.0189 0.0364 
1 0.8461 0.2751 0.0163 0.0349 
1 0.8345 0.2445 0.0137 0.0349 
1 0.837 0.3552 0.0223 0.0553 
1 0.8126 0.4338 0.0317 0.0699 
1 0.8731 0.4549 0.036 0.0713 
1 0.952 0.4738 0.0343 0.0713 
1 0.8864 0.3785 0.0317 0.0553 
1 0.8949 0.353 0.0249 0.0509 
1 0.9095 0.318 0.0197 0.0364 
1 0.9224 0.2751 0.0197 0.0378 
1 0.9014 0.2576 0.012 0.0291 
1 0.8816 0.2744 0.0172 0.0364 
1 0.8688 0.2598 0.0189 0.0393 
1 0.8705 0.3122 0.0189 0.0335 
1 0.94 0.3945 0.0223 0.0466 
1 0.9614 0.3544 0.0189 0.0393 
1 0.9691 0.3275 0.0189 0.0349 
1 0.9614 0.3064 0.0154 0.0306 
1 0.967 0.2773 0.0163 0.0364 
1 0.9413 0.3042 0.0163 0.0378 
