1 0.145 0.3613 0.078 0.12 
1 0.407 0.5213 0.026 0.04 
1 0.433 0.5267 0.022 0.04 
1 0.447 0.5347 0.026 0.0507 
1 0.481 0.5293 0.03 0.0507 
1 0.531 0.5307 0.022 0.0373 
1 0.545 0.5333 0.022 0.048 
1 0.562 0.5253 0.028 0.0587 
1 0.591 0.56 0.034 0.0587 
1 0.649 0.54 0.046 0.072 
1 0.686 0.568 0.04 0.0747 
1 0.742 0.5853 0.052 0.072 
1 0.797 0.5853 0.05 0.072 
1 0.785 0.5413 0.042 0.0587 
1 0.733 0.54 0.034 0.0453 
1 0.714 0.512 0.02 0.032 
1 0.731 0.5 0.018 0.0347 
1 0.777 0.4973 0.026 0.04 
1 0.817 0.4987 0.018 0.0373 
1 0.804 0.5053 0.02 0.04 
1 0.854 0.544 0.032 0.0427 
1 0.854 0.508 0.024 0.04 
1 0.865 0.6013 0.05 0.0827 
1 0.906 0.5467 0.036 0.064 
1 0.969 0.5933 0.058 0.0933 
1 0.944 0.58 0.04 0.072 
1 0.947 0.5173 0.026 0.048 
1 0.965 0.4987 0.022 0.0427 
1 0.942 0.4893 0.028 0.04 
1 0.924 0.4773 0.016 0.0427 
1 0.877 0.5053 0.018 0.0293 
1 0.992 0.4947 0.016 0.0347 
