1 0.0625 0.3146 0.0375 0.0583 
1 0.1344 0.3094 0.0375 0.0521 
1 0.1586 0.3177 0.0297 0.0521 
1 0.1938 0.2844 0.0312 0.0437 
1 0.2297 0.276 0.0281 0.0437 
1 0.057 0.6656 0.1047 0.1271 
1 0.3227 0.6469 0.0953 0.1187 
1 0.3922 0.5219 0.075 0.0979 
1 0.3961 0.4469 0.0609 0.0854 
1 0.3375 0.4062 0.0625 0.075 
1 0.3937 0.2854 0.0406 0.0625 
1 0.4969 0.2313 0.0344 0.0458 
1 0.4461 0.3729 0.0359 0.0542 
1 0.5453 0.5219 0.0875 0.1021 
1 0.5398 0.374 0.0328 0.0479 
1 0.6258 0.3198 0.0328 0.0479 
1 0.5656 0.3385 0.0281 0.0437 
1 0.6703 0.3875 0.0437 0.0583 
1 0.7016 0.4385 0.05 0.0729 
1 0.7742 0.5042 0.0641 0.075 
1 0.8352 0.5958 0.0828 0.1292 
1 0.5711 0.874 0.1359 0.1313 
1 0.8336 0.3042 0.0359 0.0458 
1 0.9602 0.3531 0.0516 0.0688 
