1 0.226 0.4426 0.0563 0.0926 
1 0.2307 0.388 0.0323 0.0648 
1 0.2578 0.3713 0.026 0.0611 
1 0.1698 0.4009 0.0396 0.0759 
1 0.1776 0.3769 0.0323 0.0648 
1 0.1495 0.3546 0.0281 0.0426 
1 0.1078 0.3972 0.049 0.0722 
1 0.1208 0.3417 0.0312 0.05 
1 0.0745 0.3454 0.0281 0.05 
1 0.0495 0.3676 0.0344 0.0611 
1 0.0474 0.3139 0.026 0.0463 
1 0.0214 0.3185 0.026 0.0481 
1 0.0083 0.3481 0.0146 0.0519 
1 0.0964 0.3093 0.024 0.0407 
1 0.0781 0.3157 0.025 0.0426 
1 0.1839 0.337 0.0281 0.0556 
1 0.1969 0.3398 0.0208 0.0426 
1 0.2167 0.338 0.0208 0.0352 
1 0.238 0.3417 0.0219 0.0352 
1 0.2818 0.3343 0.0177 0.0426 
1 0.313 0.3676 0.0281 0.0537 
1 0.3307 0.4056 0.0323 0.0704 
1 0.3422 0.363 0.0219 0.0593 
1 0.3812 0.4407 0.0458 0.0963 
1 0.3969 0.3824 0.0292 0.0685 
1 0.4302 0.4287 0.0375 0.0833 
1 0.4818 0.4278 0.0385 0.0704 
1 0.4714 0.387 0.0302 0.0667 
1 0.4995 0.3769 0.0219 0.0426 
1 0.4865 0.3472 0.0208 0.0426 
1 0.4271 0.3639 0.0208 0.0463 
1 0.3792 0.3676 0.025 0.0463 
1 0.3719 0.3463 0.0167 0.0296 
1 0.362 0.337 0.0156 0.0333 
1 0.5708 0.4389 0.0354 0.0704 
1 0.5672 0.3778 0.0281 0.0519 
1 0.6193 0.3907 0.0198 0.0481 
1 0.651 0.4157 0.0271 0.0537 
1 0.6859 0.4056 0.026 0.0593 
1 0.6896 0.3287 0.0187 0.0463 
1 0.9036 0.2713 0.0677 0.113 
