1 0.184 0.4737 0.0617 0.1151 
1 0.2654 0.2689 0.0183 0.0444 
1 0.2803 0.2689 0.0212 0.0378 
1 0.328 0.2442 0.0202 0.0378 
1 0.3362 0.2146 0.0193 0.0378 
1 0.3526 0.2097 0.0173 0.0411 
1 0.3642 0.2204 0.0193 0.0362 
1 0.3593 0.2558 0.0212 0.0477 
1 0.3767 0.2788 0.025 0.0477 
1 0.4051 0.2903 0.026 0.051 
1 0.4056 0.222 0.0231 0.0428 
1 0.3926 0.1949 0.0183 0.0312 
1 0.3752 0.1908 0.0145 0.0395 
1 0.4234 0.1957 0.0183 0.0362 
1 0.4581 0.19 0.0183 0.0345 
1 0.4827 0.2278 0.0231 0.0444 
1 0.4653 0.2262 0.0173 0.0444 
1 0.4745 0.1521 0.0183 0.0312 
1 0.4923 0.1694 0.0173 0.0263 
1 0.4971 0.1357 0.0154 0.0312 
1 0.5067 0.1497 0.0154 0.0263 
1 0.526 0.1834 0.0173 0.0312 
1 0.5434 0.2039 0.0231 0.0428 
1 0.5308 0.1669 0.0173 0.0345 
1 0.567 0.1661 0.0183 0.0362 
1 0.5804 0.1497 0.0145 0.0263 
1 0.5814 0.1217 0.0145 0.0296 
1 0.5997 0.1653 0.0202 0.0378 
1 0.6127 0.1414 0.0135 0.0263 
1 0.6142 0.1201 0.0106 0.023 
1 0.6262 0.148 0.0173 0.0296 
1 0.6349 0.134 0.0154 0.0312 
1 0.6556 0.1382 0.0164 0.0362 
1 0.6662 0.1209 0.0164 0.0345 
1 0.6305 0.1135 0.0125 0.023 
1 0.5679 0.2516 0.026 0.0493 
1 0.5212 0.3035 0.0308 0.0641 
1 0.5607 0.3084 0.0328 0.0609 
1 0.6228 0.3544 0.0395 0.0609 
1 0.6397 0.2467 0.025 0.0559 
1 0.6421 0.2064 0.0222 0.0444 
1 0.6749 0.2007 0.0222 0.0428 
1 0.6951 0.2566 0.0279 0.0592 
1 0.7336 0.2262 0.026 0.051 
1 0.7389 0.2985 0.025 0.051 
1 0.7187 0.1891 0.0231 0.0395 
1 0.7081 0.153 0.0173 0.0296 
1 0.6975 0.1225 0.0173 0.0312 
1 0.7278 0.153 0.0145 0.0296 
1 0.7408 0.176 0.0173 0.0428 
1 0.7534 0.199 0.0193 0.0428 
1 0.7481 0.1201 0.0164 0.0395 
1 0.775 0.1423 0.0183 0.0378 
1 0.7861 0.1225 0.0154 0.0345 
1 0.8015 0.1357 0.0173 0.0345 
1 0.7919 0.1661 0.0173 0.0362 
1 0.8194 0.1653 0.0183 0.0378 
1 0.7929 0.2081 0.027 0.0444 
1 0.7818 0.241 0.026 0.051 
1 0.7991 0.2812 0.0279 0.0625 
1 0.8724 0.3067 0.0299 0.0576 
1 0.8675 0.2681 0.0241 0.0428 
1 0.8651 0.213 0.0231 0.051 
1 0.8699 0.1891 0.0231 0.0329 
1 0.8622 0.153 0.0212 0.0362 
1 0.8796 0.153 0.0173 0.0428 
1 0.9123 0.1752 0.0193 0.0411 
1 0.9215 0.1604 0.0164 0.0312 
1 0.9461 0.2599 0.025 0.0526 
1 0.9513 0.2245 0.0202 0.0411 
1 0.934 0.2237 0.0183 0.0362 
