1 0.1574 0.4502 0.0609 0.125 
1 0.3761 0.231 0.0193 0.038 
1 0.3934 0.2319 0.0254 0.0507 
1 0.3741 0.1911 0.0213 0.038 
1 0.398 0.1649 0.0203 0.0362 
1 0.4279 0.1694 0.0193 0.0344 
1 0.434 0.1984 0.0193 0.038 
1 0.4452 0.2473 0.0274 0.0417 
1 0.4198 0.2274 0.0213 0.038 
1 0.468 0.2355 0.0223 0.0435 
1 0.469 0.1884 0.0183 0.0362 
1 0.466 0.1576 0.0183 0.0326 
1 0.4543 0.1531 0.0152 0.0344 
1 0.4381 0.1422 0.0152 0.0308 
1 0.4848 0.1422 0.0132 0.0344 
1 0.4954 0.1205 0.0102 0.0236 
1 0.5335 0.1576 0.0173 0.0326 
1 0.5025 0.1993 0.0203 0.0471 
1 0.5325 0.1966 0.0193 0.0417 
1 0.5538 0.1603 0.0173 0.038 
1 0.5731 0.1386 0.0173 0.0344 
1 0.532 0.1359 0.0122 0.0254 
1 0.5848 0.1694 0.0203 0.0417 
1 0.5838 0.1078 0.0142 0.0272 
1 0.6041 0.1304 0.0183 0.0362 
1 0.6183 0.1431 0.0162 0.0326 
1 0.6218 0.1205 0.0152 0.0272 
1 0.6046 0.1005 0.0132 0.0236 
1 0.6563 0.0996 0.0193 0.0326 
1 0.6604 0.135 0.0173 0.0344 
1 0.6853 0.1196 0.0142 0.0326 
1 0.7 0.1178 0.0132 0.029 
1 0.6376 0.2192 0.0203 0.0435 
1 0.6076 0.2545 0.0315 0.067 
1 0.5569 0.2736 0.0254 0.0471 
1 0.6234 0.298 0.0284 0.0562 
1 0.6939 0.3216 0.0335 0.0562 
1 0.7239 0.2835 0.0325 0.0707 
1 0.7523 0.2418 0.0223 0.0489 
1 0.7487 0.2047 0.0213 0.0471 
1 0.7284 0.1712 0.0193 0.0417 
1 0.7132 0.1558 0.0152 0.0435 
1 0.7036 0.2002 0.0203 0.0453 
1 0.6924 0.1667 0.0203 0.0399 
1 0.6792 0.1821 0.0203 0.0453 
1 0.7401 0.1341 0.0203 0.0362 
1 0.7635 0.1458 0.0183 0.0344 
1 0.7868 0.1295 0.0203 0.0417 
1 0.7868 0.1576 0.0183 0.0399 
1 0.7741 0.1866 0.0213 0.0471 
1 0.8112 0.2455 0.0244 0.0562 
1 0.7838 0.2337 0.0264 0.0435 
1 0.8325 0.3333 0.0284 0.0688 
1 0.8325 0.2337 0.0183 0.0471 
1 0.8188 0.1739 0.0193 0.0399 
1 0.8391 0.1576 0.0173 0.0507 
1 0.8574 0.1938 0.0152 0.0362 
1 0.8736 0.1803 0.0132 0.0344 
1 0.8944 0.2002 0.0162 0.0344 
1 0.8919 0.2328 0.0213 0.0417 
1 0.8838 0.2663 0.0213 0.0543 
1 0.9193 0.3216 0.0254 0.0562 
1 0.9462 0.2183 0.0162 0.0489 
1 0.9401 0.1667 0.0162 0.0435 
