1 0.087 0.5777 0.0547 0.1232 
1 0.1838 0.3027 0.0196 0.0518 
1 0.212 0.2991 0.0237 0.0589 
1 0.2545 0.2518 0.0172 0.0464 
1 0.2949 0.2536 0.0212 0.0464 
1 0.2953 0.2196 0.0188 0.0393 
1 0.3182 0.2384 0.0221 0.0554 
1 0.3391 0.2205 0.018 0.0375 
1 0.3509 0.2071 0.0139 0.0357 
1 0.3799 0.1991 0.0147 0.0375 
1 0.3775 0.2562 0.0163 0.0446 
1 0.3574 0.2777 0.0188 0.0589 
1 0.4277 0.3232 0.0221 0.0571 
1 0.4244 0.1982 0.0188 0.0429 
1 0.4228 0.1759 0.0172 0.0339 
1 0.4453 0.1705 0.0131 0.0375 
1 0.4563 0.1786 0.0123 0.0393 
1 0.462 0.2571 0.0221 0.0643 
1 0.4906 0.2143 0.0204 0.0429 
1 0.4706 0.1821 0.018 0.0464 
1 0.4849 0.1589 0.0155 0.0429 
1 0.5102 0.1759 0.0172 0.0411 
1 0.5437 0.2295 0.0172 0.0482 
1 0.5453 0.1402 0.0139 0.0446 
1 0.5527 0.1607 0.0155 0.0357 
1 0.5682 0.1375 0.0155 0.0393 
1 0.5743 0.208 0.0196 0.0446 
1 0.5743 0.1821 0.018 0.0393 
1 0.5878 0.1295 0.0155 0.0339 
1 0.596 0.1973 0.0155 0.0411 
1 0.6152 0.2071 0.0163 0.0429 
1 0.5984 0.1589 0.0172 0.0357 
1 0.6213 0.133 0.0139 0.0375 
1 0.6511 0.1482 0.0147 0.0393 
1 0.6507 0.1866 0.0106 0.0375 
1 0.6593 0.1357 0.0114 0.0321 
1 0.6822 0.1688 0.018 0.0411 
1 0.6842 0.142 0.0139 0.0339 
1 0.7051 0.1661 0.0114 0.0357 
1 0.6891 0.2205 0.0155 0.0482 
1 0.6638 0.2446 0.0204 0.0607 
1 0.6148 0.3116 0.0237 0.0518 
1 0.5694 0.3464 0.0278 0.0607 
1 0.6038 0.3821 0.0278 0.0714 
1 0.6516 0.4196 0.0286 0.0607 
1 0.7157 0.4152 0.031 0.0732 
1 0.7218 0.2955 0.0204 0.0554 
1 0.7484 0.3036 0.0212 0.0607 
1 0.7377 0.2402 0.0196 0.0446 
1 0.7386 0.2027 0.0163 0.0375 
1 0.7659 0.1964 0.0139 0.0464 
1 0.7753 0.2188 0.0147 0.0446 
1 0.7868 0.2839 0.0212 0.0607 
1 0.8096 0.3125 0.0245 0.0607 
1 0.8166 0.2411 0.0172 0.0464 
1 0.8056 0.1991 0.0163 0.0554 
1 0.8374 0.2277 0.0147 0.0411 
1 0.8681 0.2446 0.0155 0.0429 
1 0.8742 0.2384 0.0147 0.0375 
1 0.9011 0.2411 0.0163 0.0393 
1 0.8971 0.275 0.0163 0.0393 
1 0.8844 0.2973 0.0188 0.0482 
1 0.8595 0.3571 0.018 0.0536 
1 0.8705 0.333 0.0172 0.0411 
1 0.8848 0.4179 0.0229 0.0714 
1 0.8627 0.5098 0.0261 0.0875 
1 0.7921 0.483 0.0351 0.0946 
1 0.9506 0.4964 0.0204 0.075 
1 0.9436 0.4027 0.0229 0.0696 
1 0.9216 0.3491 0.0212 0.0625 
1 0.9281 0.2848 0.0147 0.0446 
1 0.9449 0.2554 0.0155 0.0464 
1 0.9857 0.2804 0.0172 0.0464 
1 0.9706 0.3223 0.0131 0.0339 
1 0.9718 0.383 0.0172 0.0554 
1 0.9722 0.3482 0.0147 0.0357 
