1 0.1764 0.4832 0.0464 0.0857 
1 0.7431 0.1202 0.0199 0.0387 
1 0.3888 0.184 0.017 0.0387 
1 0.5577 0.1294 0.0142 0.0303 
1 0.3453 0.2202 0.017 0.037 
1 0.255 0.2672 0.0199 0.0403 
1 0.4494 0.158 0.0151 0.0303 
1 0.4248 0.1849 0.0151 0.0336 
1 0.4868 0.1504 0.0255 0.042 
1 0.6178 0.1134 0.0076 0.0252 
1 0.6443 0.1176 0.017 0.0269 
1 0.6722 0.1328 0.0161 0.0303 
1 0.3647 0.221 0.0218 0.0487 
1 0.2961 0.2639 0.0227 0.0471 
1 0.3155 0.2773 0.0218 0.0336 
1 0.3746 0.2655 0.0208 0.0437 
1 0.439 0.2504 0.0208 0.0538 
1 0.4924 0.1958 0.0312 0.0555 
1 0.5161 0.1681 0.0199 0.0437 
1 0.5435 0.1672 0.0199 0.0454 
1 0.4811 0.2387 0.0218 0.0403 
1 0.5804 0.1723 0.0218 0.042 
1 0.6244 0.1479 0.017 0.0303 
1 0.6476 0.1504 0.0199 0.0387 
1 0.5298 0.2924 0.036 0.0605 
1 0.5577 0.242 0.0331 0.0605 
1 0.5818 0.2891 0.0265 0.0571 
1 0.631 0.3042 0.0284 0.0639 
1 0.631 0.2361 0.0208 0.0454 
1 0.6348 0.1966 0.0227 0.0403 
1 0.6637 0.1849 0.0142 0.037 
1 0.6925 0.1605 0.0189 0.0319 
1 0.685 0.2496 0.0227 0.0454 
1 0.7237 0.2303 0.0265 0.0504 
1 0.7318 0.1689 0.0199 0.0286 
1 0.7729 0.158 0.0189 0.0437 
1 0.7895 0.1555 0.018 0.0353 
1 0.8075 0.1571 0.0142 0.0319 
1 0.8917 0.1639 0.0142 0.042 
1 0.8406 0.1521 0.0142 0.0353 
1 0.7829 0.2034 0.0237 0.037 
1 0.7763 0.2361 0.0255 0.0521 
1 0.7181 0.284 0.0246 0.0471 
1 0.7767 0.2899 0.0265 0.0521 
1 0.8467 0.3378 0.0246 0.0639 
1 0.8325 0.2269 0.0227 0.0471 
1 0.8486 0.2076 0.0208 0.042 
1 0.9054 0.216 0.0227 0.0454 
1 0.9286 0.2303 0.0199 0.0403 
1 0.8732 0.2723 0.0227 0.0504 
1 0.93 0.2756 0.0227 0.0471 
1 0.403 0.221 0.0246 0.0454 
1 0.5899 0.1303 0.0161 0.0353 
1 0.535 0.2126 0.035 0.0487 
1 0.8628 0.1655 0.0151 0.0319 
1 0.4385 0.1966 0.018 0.0437 
1 0.6012 0.1479 0.0142 0.0403 
1 0.9021 0.1647 0.0123 0.0538 
1 0.772 0.1319 0.0114 0.0286 
1 0.7431 0.2034 0.0199 0.0437 
1 0.7531 0.1429 0.0151 0.037 
1 0.7062 0.1782 0.018 0.0471 
