1 0.0329 0.3977 0.0235 0.0451 
1 0.2381 0.3364 0.0157 0.0324 
1 0.2561 0.3484 0.0204 0.0395 
1 0.2823 0.3061 0.0164 0.031 
1 0.2854 0.3604 0.0196 0.0409 
1 0.3242 0.366 0.0219 0.0437 
1 0.3469 0.323 0.0172 0.0339 
1 0.3493 0.2962 0.0157 0.031 
1 0.3747 0.3329 0.0149 0.0282 
1 0.3998 0.3378 0.018 0.0324 
1 0.4002 0.3011 0.0141 0.0268 
1 0.3798 0.263 0.0125 0.0324 
1 0.4005 0.263 0.0117 0.0268 
1 0.4276 0.3025 0.0141 0.0324 
1 0.4291 0.2666 0.0141 0.031 
1 0.4146 0.2546 0.0117 0.0296 
1 0.4182 0.2715 0.0094 0.024 
1 0.4573 0.3089 0.0157 0.031 
1 0.4178 0.3047 0.0102 0.0282 
1 0.4542 0.2341 0.0125 0.0226 
1 0.4405 0.2539 0.0102 0.0254 
1 0.4969 0.2708 0.0149 0.0282 
1 0.491 0.2546 0.011 0.0268 
1 0.4984 0.2454 0.0133 0.0282 
1 0.52 0.2511 0.0157 0.0339 
1 0.5478 0.2228 0.0117 0.0226 
1 0.556 0.2052 0.0141 0.0296 
1 0.5568 0.2588 0.0125 0.0296 
1 0.5607 0.2793 0.0157 0.031 
1 0.5114 0.2983 0.0172 0.0324 
1 0.4898 0.3202 0.018 0.0395 
1 0.4847 0.3921 0.0251 0.0508 
1 0.527 0.4083 0.0235 0.0522 
1 0.5196 0.3667 0.0243 0.0508 
1 0.5795 0.3223 0.0204 0.0437 
1 0.5889 0.3604 0.0204 0.0437 
1 0.5893 0.4302 0.029 0.0649 
1 0.6504 0.445 0.0274 0.0663 
1 0.6374 0.3717 0.0282 0.055 
1 0.6273 0.3329 0.0172 0.0367 
1 0.6147 0.2976 0.0188 0.0423 
1 0.5861 0.2433 0.0133 0.024 
1 0.5893 0.2228 0.0102 0.0226 
1 0.5936 0.2087 0.011 0.0226 
1 0.6081 0.2144 0.0117 0.0254 
1 0.6167 0.2306 0.0117 0.0268 
1 0.6229 0.2454 0.0102 0.0254 
1 0.6355 0.2186 0.0117 0.0254 
1 0.6453 0.2306 0.011 0.0268 
1 0.6574 0.2292 0.0117 0.0353 
1 0.6789 0.2489 0.0157 0.0353 
1 0.6535 0.2694 0.0149 0.0339 
1 0.677 0.2913 0.0196 0.0437 
1 0.6997 0.287 0.018 0.0324 
1 0.7044 0.2602 0.0164 0.0353 
1 0.7208 0.2496 0.0133 0.0226 
1 0.7193 0.225 0.0133 0.0268 
1 0.7529 0.2433 0.0164 0.0296 
1 0.7478 0.2638 0.0141 0.0282 
1 0.7392 0.2891 0.0141 0.031 
1 0.6676 0.3533 0.0196 0.0522 
1 0.7075 0.3963 0.0258 0.048 
1 0.6915 0.4746 0.0329 0.0748 
1 0.7655 0.4104 0.0274 0.0536 
1 0.789 0.5141 0.0321 0.0635 
1 0.8125 0.4379 0.029 0.0635 
1 0.7807 0.359 0.0188 0.0522 
1 0.7858 0.3018 0.018 0.0367 
1 0.7862 0.2814 0.0157 0.0268 
1 0.78 0.2518 0.0172 0.0353 
1 0.8066 0.2609 0.0125 0.0339 
1 0.823 0.2673 0.0125 0.0324 
1 0.8277 0.2906 0.0141 0.031 
1 0.841 0.2581 0.0125 0.0282 
1 0.8136 0.3131 0.0188 0.0339 
1 0.8042 0.3364 0.0172 0.0381 
1 0.8285 0.3717 0.0235 0.0522 
1 0.8383 0.342 0.0164 0.0437 
1 0.8563 0.3216 0.0149 0.0367 
1 0.8622 0.2807 0.0141 0.0339 
1 0.8962 0.2913 0.018 0.0296 
1 0.8794 0.3181 0.0157 0.0324 
1 0.8868 0.3512 0.0164 0.0395 
1 0.8747 0.3907 0.0204 0.0451 
1 0.8782 0.4422 0.0305 0.0635 
