1 0.1808 0.4502 0.0569 0.1188 
1 0.2902 0.2011 0.0161 0.0345 
1 0.3122 0.2107 0.015 0.0383 
1 0.3278 0.2088 0.0139 0.0345 
1 0.346 0.2088 0.0161 0.0345 
1 0.3557 0.2356 0.0182 0.0383 
1 0.375 0.1983 0.0139 0.0326 
1 0.4045 0.2347 0.015 0.0364 
1 0.4206 0.2414 0.0193 0.0536 
1 0.4217 0.1494 0.0107 0.0268 
1 0.4388 0.1494 0.0107 0.0345 
1 0.4673 0.1236 0.0118 0.0287 
1 0.4614 0.1734 0.0129 0.0326 
1 0.471 0.1944 0.0172 0.0441 
1 0.5011 0.1734 0.0129 0.0287 
1 0.5236 0.1667 0.0129 0.0307 
1 0.5558 0.1715 0.0172 0.0364 
1 0.5628 0.1513 0.0118 0.0345 
1 0.5719 0.227 0.0193 0.0517 
1 0.6561 0.1006 0.0118 0.0211 
1 0.6432 0.1475 0.0161 0.0345 
1 0.7114 0.0996 0.0107 0.0307 
1 0.6266 0.1992 0.0193 0.0383 
1 0.6384 0.2347 0.0193 0.0479 
1 0.6663 0.1686 0.0129 0.0307 
1 0.669 0.2069 0.0139 0.0421 
1 0.6894 0.2433 0.0204 0.0498 
1 0.6727 0.3276 0.03 0.069 
1 0.7532 0.3736 0.0322 0.0651 
1 0.7049 0.1571 0.015 0.0383 
1 0.7189 0.1734 0.0172 0.0326 
1 0.7371 0.1379 0.015 0.0383 
1 0.7473 0.1648 0.0139 0.0345 
1 0.7613 0.1216 0.0118 0.0326 
1 0.7838 0.1245 0.0075 0.0345 
1 0.758 0.183 0.0139 0.0402 
1 0.7398 0.2241 0.0182 0.0421 
1 0.7656 0.2385 0.0204 0.0517 
1 0.7929 0.1322 0.0107 0.0268 
1 0.8074 0.1236 0.0139 0.0287 
1 0.8294 0.1188 0.0129 0.0268 
1 0.801 0.1964 0.0139 0.0402 
1 0.801 0.1571 0.0161 0.0268 
1 0.7977 0.2787 0.0225 0.0556 
1 0.8235 0.25 0.0225 0.0556 
1 0.8353 0.1667 0.0139 0.0268 
1 0.8412 0.1408 0.0129 0.0326 
1 0.845 0.2146 0.0161 0.046 
1 0.8696 0.159 0.0161 0.0345 
1 0.8814 0.1609 0.0118 0.0345 
1 0.9142 0.1513 0.015 0.0268 
1 0.9115 0.181 0.0118 0.0326 
1 0.8981 0.2241 0.0172 0.0421 
1 0.9324 0.25 0.0193 0.0479 
1 0.9276 0.2126 0.0161 0.0383 
1 0.9415 0.1935 0.0118 0.0345 
1 0.9523 0.181 0.0097 0.0249 
1 0.9244 0.3391 0.0225 0.0575 
1 0.8192 0.1954 0.0139 0.0383 
1 0.8589 0.2107 0.0182 0.0383 
1 0.595 0.1456 0.0118 0.0307 
1 0.6046 0.1446 0.0139 0.0364 
1 0.6057 0.0977 0.0097 0.023 
1 0.6137 0.1015 0.0086 0.023 
1 0.6218 0.1216 0.0118 0.0287 
1 0.6266 0.1034 0.0129 0.0268 
1 0.6577 0.1255 0.0107 0.0287 
1 0.6786 0.1197 0.0139 0.0326 
1 0.5397 0.1331 0.0129 0.0287 
1 0.5064 0.1341 0.0129 0.0307 
1 0.4839 0.1389 0.0129 0.0326 
1 0.4909 0.1456 0.0118 0.0307 
1 0.4179 0.1762 0.0139 0.0307 
1 0.4158 0.205 0.0182 0.0383 
1 0.3927 0.1523 0.015 0.0249 
1 0.3986 0.1686 0.0161 0.0307 
1 0.3439 0.1667 0.0118 0.0345 
1 0.3428 0.182 0.0139 0.0345 
