1 0.0344 0.65 0.0646 0.1062 
1 0.0219 0.5969 0.0396 0.0688 
1 0.0448 0.5422 0.0312 0.0531 
1 0.1156 0.6078 0.0521 0.0781 
1 0.1708 0.6547 0.075 0.1219 
1 0.125 0.7469 0.1375 0.1812 
1 0.2792 0.7109 0.1125 0.1844 
1 0.2021 0.5953 0.0583 0.0969 
1 0.2271 0.5641 0.0417 0.0719 
1 0.0896 0.5625 0.0375 0.075 
1 0.1906 0.4703 0.0312 0.0469 
1 0.224 0.4766 0.0312 0.0469 
1 0.2948 0.4672 0.0354 0.0469 
1 0.326 0.4844 0.0271 0.05 
1 0.3615 0.4906 0.0271 0.0375 
1 0.4073 0.4797 0.0312 0.0344 
1 0.4323 0.4781 0.0187 0.0312 
1 0.4583 0.4797 0.025 0.0281 
1 0.4969 0.4906 0.0312 0.0375 
1 0.5198 0.4766 0.0271 0.0406 
1 0.5656 0.4953 0.0229 0.0406 
1 0.5875 0.4828 0.025 0.0344 
1 0.6146 0.4875 0.0208 0.0375 
1 0.6302 0.4781 0.0229 0.0375 
1 0.6531 0.4875 0.0271 0.0375 
1 0.6937 0.4781 0.025 0.0437 
1 0.7229 0.4891 0.025 0.0406 
1 0.7469 0.4828 0.0187 0.0406 
1 0.7823 0.4797 0.0187 0.0344 
1 0.7979 0.4891 0.0208 0.0406 
1 0.8115 0.4813 0.0187 0.0375 
1 0.8479 0.4891 0.025 0.0406 
1 0.8792 0.4969 0.0292 0.0437 
1 0.9073 0.4859 0.0271 0.0406 
1 0.2938 0.5641 0.0458 0.0656 
1 0.3458 0.5656 0.0417 0.075 
1 0.376 0.6016 0.0479 0.0719 
1 0.4292 0.6406 0.0792 0.1062 
1 0.499 0.5922 0.0437 0.0656 
1 0.5135 0.5656 0.0396 0.0625 
1 0.55 0.5719 0.0375 0.0563 
1 0.6125 0.6547 0.0833 0.1281 
1 0.6 0.5828 0.0375 0.0656 
1 0.6521 0.6031 0.0417 0.0688 
1 0.699 0.6297 0.0479 0.0781 
1 0.7135 0.7016 0.0729 0.1156 
1 0.6781 0.8016 0.1271 0.1719 
1 0.7708 0.8063 0.0875 0.1688 
1 0.8958 0.925 0.1542 0.15 
1 0.8823 0.7141 0.0813 0.1344 
1 0.8302 0.6891 0.0479 0.0906 
1 0.7604 0.6344 0.0625 0.1 
1 0.7146 0.5922 0.0375 0.0656 
1 0.8667 0.6375 0.0542 0.0688 
1 0.8802 0.5875 0.0437 0.075 
1 0.9021 0.5578 0.0333 0.0531 
1 0.9281 0.6 0.0437 0.0688 
1 0.9812 0.5734 0.0375 0.0531 
1 0.9854 0.6234 0.0292 0.0719 
