1 0.4717 0.6272 0.0167 0.0296 
1 0.1575 0.9601 0.0517 0.0799 
1 0.2033 0.9112 0.0367 0.071 
1 0.2983 0.8979 0.0333 0.0621 
1 0.3242 0.8417 0.0283 0.0562 
1 0.3517 0.8003 0.02 0.0325 
1 0.27 0.7914 0.0233 0.0385 
1 0.2575 0.8077 0.0217 0.0414 
1 0.2333 0.8225 0.0233 0.0414 
1 0.22 0.8432 0.0233 0.0473 
1 0.1183 0.855 0.0433 0.071 
1 0.1083 0.8003 0.02 0.0444 
1 0.0583 0.7959 0.0267 0.0473 
1 0.0142 0.7988 0.025 0.0473 
1 0.1717 0.7929 0.02 0.0414 
1 0.225 0.7855 0.02 0.0444 
1 0.6158 0.787 0.025 0.0414 
1 0.6525 0.8358 0.0283 0.0562 
1 0.6708 0.8669 0.0317 0.0533 
1 0.6983 0.8136 0.0233 0.0473 
1 0.7 0.7855 0.0233 0.0444 
1 0.7433 0.8787 0.04 0.0888 
1 0.7367 0.824 0.0267 0.0385 
1 0.7775 0.8624 0.0383 0.0562 
1 0.7842 0.7751 0.0283 0.0473 
1 0.7717 0.7929 0.0233 0.0473 
1 0.7933 0.8136 0.0233 0.0414 
1 0.8192 0.8254 0.0217 0.0414 
1 0.8308 0.8624 0.0283 0.0503 
1 0.8867 0.9098 0.04 0.0621 
1 0.8675 0.8151 0.025 0.0503 
1 0.9125 0.7737 0.0217 0.0385 
1 0.9117 0.8092 0.02 0.0385 
1 0.9292 0.8447 0.0317 0.0503 
1 0.9783 0.8876 0.0367 0.071 
1 0.9842 0.824 0.0283 0.0503 
1 0.9783 0.7914 0.0233 0.0385 
1 0.9883 0.7678 0.02 0.0385 
