1 0.1074 0.5806 0.0815 0.1584 
1 0.0611 0.5279 0.0481 0.1056 
1 0.0667 0.4472 0.037 0.0674 
1 0.1713 0.3915 0.0241 0.044 
1 0.2009 0.393 0.0278 0.0587 
1 0.2426 0.3974 0.0333 0.0674 
1 0.2787 0.371 0.0241 0.044 
1 0.3204 0.437 0.0444 0.088 
1 0.3324 0.3724 0.0278 0.0587 
1 0.3806 0.3358 0.0241 0.044 
1 0.3963 0.3798 0.0333 0.0674 
1 0.4352 0.3416 0.0222 0.044 
1 0.462 0.3299 0.0204 0.0381 
1 0.4843 0.4971 0.0722 0.1202 
1 0.5056 0.3886 0.037 0.0733 
1 0.5231 0.3534 0.0315 0.0616 
1 0.6046 0.3446 0.0241 0.0616 
1 0.6204 0.3798 0.0333 0.0674 
1 0.65 0.4443 0.0481 0.0968 
1 0.6907 0.3651 0.0259 0.0499 
1 0.7435 0.3886 0.0463 0.0733 
1 0.7907 0.3886 0.0296 0.0557 
1 0.7204 0.5865 0.0889 0.1818 
1 0.8491 0.5059 0.0611 0.1202 
1 0.8889 0.4457 0.037 0.0762 
1 0.9315 0.412 0.0296 0.0616 
