1 0.0226 0.4248 0.0418 0.0692 
1 0.1171 0.4273 0.0664 0.0929 
1 0.1572 0.4715 0.0398 0.0672 
1 0.2233 0.4497 0.0721 0.1092 
1 0.3029 0.4572 0.0496 0.0835 
1 0.3397 0.4619 0.0297 0.0562 
1 0.3729 0.4513 0.0413 0.0652 
1 0.3862 0.4813 0.0418 0.068 
1 0.4381 0.4527 0.0274 0.046 
1 0.4876 0.4293 0.06 0.0986 
1 0.5496 0.4646 0.0427 0.0713 
1 0.6329 0.4324 0.0505 0.0721 
1 0.747 0.4273 0.0577 0.0969 
1 0.7804 0.4521 0.0398 0.0733 
1 0.8324 0.443 0.0583 0.0754 
1 0.897 0.4399 0.0433 0.0815 
1 0.942 0.3829 0.1044 0.1752 
