1 0.3031 0.235 0.1125 0.195 
1 0.1914 0.155 0.0547 0.1 
1 0.168 0.0813 0.0422 0.0575 
1 0.0453 0.1062 0.0406 0.0625 
1 0.2492 0.0875 0.0609 0.085 
1 0.343 0.0612 0.0422 0.0775 
1 0.3344 0.0288 0.0344 0.0475 
1 0.4359 0.0725 0.05 0.07 
1 0.5836 0.245 0.1734 0.365 
1 0.493 0.215 0.1359 0.265 
1 0.8273 0.3025 0.2797 0.43 
1 0.8289 0.0425 0.0516 0.08 
1 0.8891 0.0387 0.0469 0.0725 
1 0.6781 0.0462 0.0531 0.0875 
1 0.6117 0.0462 0.0641 0.0875 
1 0.4977 0.04 0.0359 0.055 
1 0.4711 0.03 0.0297 0.055 
1 0.2727 0.1163 0.0547 0.0875 
1 0.1375 0.07 0.025 0.05 
