1 0.034 0.602 0.06 0.1351 
1 0.034 0.5388 0.044 0.0661 
1 0.109 0.5474 0.062 0.0891 
1 0.095 0.4842 0.042 0.0546 
1 0.139 0.4569 0.042 0.069 
1 0.199 0.5057 0.05 0.0862 
1 0.234 0.4914 0.044 0.0632 
1 0.245 0.4655 0.038 0.0575 
1 0.473 0.4684 0.038 0.0632 
1 0.531 0.3333 0.03 0.0517 
1 0.515 0.75 0.118 0.1667 
1 0.511 0.6178 0.086 0.1322 
1 0.529 0.5445 0.058 0.0948 
1 0.541 0.4856 0.054 0.0862 
1 0.616 0.4813 0.04 0.0776 
1 0.651 0.4943 0.046 0.0805 
1 0.695 0.5359 0.062 0.1006 
1 0.744 0.6221 0.084 0.1236 
1 0.897 0.7299 0.118 0.1839 
1 0.909 0.5172 0.046 0.0805 
1 0.856 0.4986 0.044 0.0718 
1 0.811 0.4655 0.042 0.069 
1 0.904 0.477 0.044 0.0632 
1 0.962 0.5029 0.052 0.0632 
1 0.986 0.5589 0.028 0.0776 
