1 0.0634 0.5333 0.0606 0.11 
1 0.2571 0.285 0.0142 0.0233 
1 0.2827 0.275 0.0161 0.03 
1 0.304 0.255 0.0152 0.0333 
1 0.3149 0.24 0.0161 0.03 
1 0.3281 0.2633 0.0142 0.0333 
1 0.3456 0.2842 0.0227 0.0483 
1 0.3447 0.2208 0.0189 0.0383 
1 0.3561 0.2342 0.0152 0.0283 
1 0.3774 0.2233 0.018 0.0333 
1 0.3906 0.195 0.018 0.03 
1 0.4233 0.2175 0.017 0.0283 
1 0.438 0.27 0.0237 0.0433 
1 0.4768 0.245 0.0218 0.0433 
1 0.4702 0.1933 0.0142 0.03 
1 0.492 0.1983 0.0142 0.03 
1 0.4503 0.2267 0.018 0.0367 
1 0.4138 0.1667 0.0152 0.03 
1 0.4351 0.1675 0.0161 0.0317 
1 0.4569 0.1658 0.0161 0.025 
1 0.4555 0.1375 0.0095 0.0217 
1 0.4834 0.1608 0.0123 0.025 
1 0.4806 0.1433 0.0104 0.02 
1 0.4972 0.1308 0.0133 0.0217 
1 0.5213 0.1608 0.0161 0.0283 
1 0.5327 0.1342 0.0142 0.0283 
1 0.5473 0.1933 0.017 0.0367 
1 0.5535 0.1525 0.0161 0.0317 
1 0.5653 0.11 0.0133 0.0267 
1 0.5914 0.1492 0.0199 0.045 
1 0.5999 0.1183 0.0123 0.0167 
1 0.5971 0.0958 0.0123 0.0217 
1 0.617 0.1117 0.0123 0.0233 
1 0.6278 0.1408 0.0152 0.0283 
1 0.6302 0.0983 0.0142 0.0233 
1 0.6468 0.1017 0.0114 0.0233 
1 0.6454 0.1233 0.0142 0.0267 
1 0.6723 0.125 0.0152 0.0267 
1 0.6955 0.1025 0.0161 0.0317 
1 0.492 0.2942 0.0237 0.045 
1 0.5639 0.2942 0.0237 0.0517 
1 0.5729 0.2417 0.0189 0.04 
1 0.599 0.2575 0.0218 0.045 
1 0.616 0.205 0.018 0.0367 
1 0.6572 0.1733 0.0152 0.0333 
1 0.6681 0.2067 0.0199 0.0433 
1 0.6662 0.25 0.0237 0.0533 
1 0.6752 0.3358 0.0303 0.0583 
1 0.6108 0.3292 0.0246 0.055 
1 0.7164 0.2942 0.0294 0.055 
1 0.705 0.215 0.0218 0.0467 
1 0.6889 0.1858 0.018 0.0417 
1 0.6908 0.15 0.0161 0.03 
1 0.7154 0.1333 0.0161 0.03 
1 0.7429 0.1808 0.0199 0.0483 
1 0.7524 0.1367 0.0161 0.0333 
1 0.759 0.1092 0.0142 0.0283 
1 0.7969 0.1375 0.0161 0.035 
1 0.8059 0.1183 0.0189 0.03 
1 0.7656 0.14 0.0104 0.0267 
1 0.7784 0.2175 0.0227 0.0483 
1 0.7874 0.2908 0.0312 0.065 
1 0.8087 0.1767 0.017 0.0367 
1 0.8239 0.1692 0.0152 0.0317 
1 0.8224 0.1383 0.0142 0.03 
1 0.8409 0.1375 0.0152 0.035 
1 0.858 0.1517 0.0152 0.03 
1 0.8745 0.1567 0.0142 0.03 
1 0.8812 0.1267 0.0123 0.0333 
1 0.9119 0.13 0.0133 0.03 
1 0.9403 0.1592 0.0152 0.035 
1 0.9422 0.145 0.0114 0.0267 
1 0.9313 0.2033 0.018 0.0433 
1 0.9332 0.2683 0.0218 0.0533 
1 0.8769 0.2142 0.0227 0.0483 
1 0.8632 0.1883 0.018 0.03 
1 0.8892 0.195 0.017 0.0367 
1 0.9015 0.1792 0.0152 0.0317 
