1 0.1262 0.6172 0.0633 0.099 
1 0.2043 0.5896 0.0523 0.075 
1 0.2793 0.5479 0.0414 0.0563 
1 0.3371 0.5312 0.0289 0.0396 
1 0.3426 0.5203 0.0242 0.0281 
1 0.3699 0.5047 0.0242 0.0344 
1 0.3898 0.5104 0.0234 0.0375 
1 0.4023 0.5 0.0234 0.025 
1 0.3887 0.5714 0.0477 0.076 
1 0.3324 0.6328 0.0633 0.099 
1 0.5031 0.7276 0.0891 0.124 
1 0.4859 0.662 0.0563 0.0698 
1 0.5086 0.5818 0.0359 0.0469 
1 0.5039 0.5474 0.025 0.0323 
1 0.4941 0.5302 0.0289 0.0292 
1 0.5066 0.5083 0.0195 0.0312 
1 0.4684 0.5219 0.0211 0.0292 
1 0.4605 0.5021 0.0242 0.0312 
1 0.5609 0.5188 0.0219 0.0292 
1 0.6004 0.4771 0.0164 0.0312 
1 0.6023 0.5531 0.0266 0.0417 
1 0.6117 0.5958 0.0328 0.0437 
1 0.648 0.6099 0.0461 0.0656 
1 0.6262 0.5396 0.0227 0.0292 
1 0.6445 0.5135 0.0141 0.0208 
1 0.6906 0.526 0.0203 0.0312 
1 0.7113 0.5406 0.0258 0.0312 
1 0.7074 0.5682 0.0352 0.0469 
1 0.7203 0.6073 0.0437 0.0625 
1 0.7414 0.5542 0.0234 0.0396 
1 0.782 0.7812 0.0828 0.1292 
1 0.8676 0.6922 0.0758 0.101 
1 0.8051 0.6036 0.043 0.0573 
1 0.7695 0.5474 0.025 0.0344 
1 0.7523 0.5266 0.0172 0.0219 
1 0.7828 0.5255 0.0187 0.0281 
1 0.8004 0.5281 0.0164 0.0292 
1 0.8375 0.5432 0.0266 0.0385 
1 0.8484 0.5271 0.0172 0.0229 
1 0.8652 0.5891 0.032 0.049 
1 0.8617 0.5479 0.0203 0.0354 
1 0.8863 0.5453 0.0227 0.0323 
1 0.9187 0.5474 0.0281 0.0365 
1 0.9348 0.5781 0.0336 0.05 
1 0.9746 0.5714 0.0305 0.0427 
