1 0.0236 0.4748 0.0455 0.1282 
1 0.0309 0.3827 0.0491 0.0832 
1 0.0868 0.5232 0.0664 0.1351 
1 0.1527 0.5559 0.0782 0.1405 
1 0.2077 0.5382 0.0573 0.1214 
1 0.2664 0.6201 0.0764 0.1378 
1 0.2618 0.5273 0.0564 0.1023 
1 0.235 0.4468 0.0482 0.0805 
1 0.1732 0.425 0.0664 0.1105 
1 0.3018 0.4775 0.0618 0.0955 
1 0.3355 0.4366 0.0764 0.1255 
1 0.3645 0.4598 0.04 0.0873 
1 0.3977 0.4645 0.0573 0.0969 
1 0.3982 0.3997 0.04 0.0791 
1 0.4432 0.3602 0.0427 0.06 
1 0.3882 0.5621 0.0764 0.1364 
1 0.4618 0.5286 0.0727 0.1296 
1 0.4982 0.528 0.0491 0.1064 
1 0.5 0.4666 0.0491 0.0819 
1 0.4982 0.3997 0.0455 0.0819 
1 0.5414 0.4495 0.0409 0.0723 
1 0.5564 0.3847 0.0382 0.0764 
1 0.6041 0.4236 0.0427 0.0805 
1 0.5827 0.5061 0.0509 0.1037 
1 0.5459 0.6439 0.0718 0.1255 
1 0.5727 0.6119 0.0655 0.1187 
1 0.6286 0.5737 0.0445 0.1132 
1 0.695 0.6126 0.0536 0.1119 
1 0.6759 0.6924 0.0827 0.1269 
1 0.7791 0.6794 0.0691 0.1337 
1 0.7959 0.5723 0.0645 0.1023 
1 0.8882 0.5655 0.0709 0.1105 
1 0.8941 0.5095 0.0591 0.105 
1 0.9309 0.4659 0.0564 0.1023 
1 0.8023 0.4263 0.05 0.0914 
1 0.7677 0.4754 0.0464 0.0941 
1 0.7177 0.4482 0.0427 0.0887 
1 0.6827 0.4536 0.0545 0.1078 
1 0.6927 0.367 0.0364 0.0819 
1 0.7268 0.3663 0.0427 0.0778 
1 0.6427 0.3377 0.0455 0.0859 
