1 0.3187 0.805 0.1625 0.2967 
1 0.1787 0.64 0.095 0.16 
1 0.045 0.5433 0.045 0.0833 
1 0.06 0.4967 0.0375 0.0567 
1 0.0206 0.455 0.0288 0.05 
1 0.0506 0.465 0.0262 0.0333 
1 0.0619 0.4417 0.0262 0.03 
1 0.0794 0.4542 0.0163 0.025 
1 0.1025 0.4558 0.0325 0.045 
1 0.0981 0.4967 0.0413 0.0633 
1 0.1394 0.5117 0.0413 0.0733 
1 0.1381 0.4633 0.0312 0.0467 
1 0.1319 0.3983 0.0187 0.0267 
1 0.2275 0.385 0.02 0.03 
1 0.3088 0.3758 0.015 0.035 
1 0.3463 0.4325 0.02 0.035 
1 0.3669 0.4333 0.0163 0.03 
1 0.3894 0.4392 0.0187 0.0283 
1 0.6556 0.4108 0.0213 0.0317 
1 0.6631 0.4483 0.0238 0.0433 
1 0.6425 0.4533 0.0175 0.0333 
1 0.7356 0.5908 0.0512 0.085 
1 0.7631 0.5333 0.0338 0.0467 
1 0.7412 0.5258 0.0325 0.045 
1 0.7488 0.5017 0.035 0.04 
1 0.9394 0.5617 0.0338 0.0667 
1 0.955 0.5458 0.04 0.065 
1 0.6844 0.525 0.0312 0.0467 
1 0.7044 0.5083 0.0312 0.0467 
1 0.6262 0.5125 0.03 0.045 
1 0.6306 0.5492 0.0462 0.0683 
1 0.5962 0.5967 0.04 0.0667 
1 0.5556 0.565 0.0587 0.0833 
1 0.5563 0.5225 0.04 0.0483 
1 0.5681 0.4992 0.0238 0.0417 
1 0.5075 0.515 0.0375 0.0567 
1 0.495 0.4933 0.0225 0.0367 
1 0.4838 0.4833 0.0225 0.0333 
1 0.4619 0.5217 0.0312 0.05 
1 0.415 0.6208 0.125 0.1717 
1 0.4275 0.4908 0.03 0.0517 
1 0.3781 0.4767 0.0262 0.0367 
1 0.31 0.4942 0.0325 0.0517 
1 0.3194 0.5433 0.0413 0.0633 
1 0.2769 0.5292 0.0413 0.0683 
1 0.2512 0.4917 0.0325 0.05 
1 0.2437 0.4667 0.0225 0.0367 
1 0.2131 0.47 0.0288 0.05 
1 0.1762 0.4717 0.02 0.0367 
1 0.3231 0.4775 0.0213 0.0283 
