1 0.2417 0.5469 0.1167 0.1875 
1 0.3073 0.4281 0.0604 0.1125 
1 0.3792 0.4703 0.0792 0.1406 
1 0.4885 0.7219 0.1479 0.2625 
1 0.5271 0.5219 0.0958 0.175 
1 0.5885 0.3844 0.0479 0.1 
1 0.6281 0.3422 0.0437 0.0844 
1 0.6521 0.3187 0.0458 0.0875 
1 0.7271 0.3609 0.05 0.0844 
1 0.724 0.4656 0.0646 0.1125 
1 0.8448 0.4 0.0479 0.0875 
1 0.9042 0.4203 0.0583 0.1094 
1 0.5302 0.3219 0.0437 0.0813 
1 0.501 0.3641 0.0563 0.0969 
1 0.4677 0.325 0.0354 0.0688 
1 0.4219 0.325 0.0437 0.075 
1 0.3281 0.1969 0.0312 0.0563 
1 0.2104 0.3672 0.0542 0.0906 
1 0.175 0.3484 0.0542 0.0844 
1 0.1302 0.2641 0.0354 0.0469 
1 0.0854 0.3203 0.0417 0.0656 
1 0.0292 0.3891 0.0542 0.1094 
1 0.0542 0.8391 0.1 0.3219 
