1 0.845 0.2492 0.026 0.048 
1 0.726 0.2643 0.024 0.042 
1 0.461 0.3033 0.026 0.048 
1 0.405 0.2913 0.026 0.048 
1 0.585 0.7853 0.094 0.1652 
1 0.612 0.5886 0.068 0.0901 
1 0.733 0.4685 0.05 0.0961 
1 0.881 0.5916 0.098 0.1441 
1 0.978 0.5511 0.044 0.1051 
1 0.859 0.4459 0.05 0.0691 
1 0.856 0.494 0.064 0.0811 
1 0.868 0.3904 0.04 0.0601 
1 0.917 0.3949 0.03 0.0691 
1 0.934 0.4204 0.056 0.0781 
1 0.968 0.4685 0.064 0.0841 
1 0.915 0.4955 0.046 0.0961 
1 0.776 0.4204 0.032 0.0541 
1 0.78 0.3724 0.036 0.0541 
1 0.709 0.4189 0.054 0.0691 
1 0.66 0.4279 0.04 0.0691 
1 0.663 0.3769 0.042 0.0631 
1 0.625 0.4324 0.042 0.0721 
1 0.601 0.3949 0.038 0.0631 
1 0.435 0.527 0.054 0.0871 
1 0.447 0.4745 0.034 0.0601 
1 0.467 0.4309 0.03 0.0511 
1 0.43 0.4174 0.04 0.0721 
1 0.376 0.4414 0.036 0.0601 
1 0.334 0.509 0.064 0.1051 
1 0.331 0.4234 0.042 0.0781 
1 0.307 0.4865 0.046 0.0781 
1 0.355 0.8198 0.122 0.1862 
1 0.323 0.6246 0.082 0.1261 
1 0.2 0.6682 0.104 0.1291 
1 0.205 0.5315 0.074 0.0961 
1 0.235 0.473 0.046 0.0751 
1 0.245 0.4219 0.042 0.0631 
1 0.19 0.4369 0.044 0.0811 
1 0.14 0.4625 0.056 0.0841 
1 0.101 0.476 0.058 0.0751 
1 0.055 0.539 0.066 0.1051 
1 0.044 0.7658 0.084 0.1982 
1 0.025 0.3664 0.046 0.0721 
1 0.028 0.3288 0.044 0.0811 
1 0.084 0.2778 0.032 0.0511 
