1 0.1432 0.3972 0.0293 0.0813 
1 0.3171 0.2355 0.0198 0.0398 
1 0.3393 0.228 0.0227 0.0448 
1 0.3748 0.199 0.018 0.0365 
1 0.3629 0.228 0.0227 0.0415 
1 0.3715 0.306 0.0265 0.0415 
1 0.3993 0.291 0.0236 0.0547 
1 0.3979 0.1882 0.0189 0.0381 
1 0.4149 0.1973 0.0246 0.0332 
1 0.413 0.2313 0.0246 0.0415 
1 0.4603 0.1808 0.0227 0.0332 
1 0.4764 0.243 0.0227 0.0415 
1 0.5014 0.199 0.0217 0.0365 
1 0.4967 0.1551 0.0198 0.0282 
1 0.5326 0.1708 0.0236 0.0398 
1 0.5775 0.1194 0.0189 0.0332 
1 0.5567 0.1625 0.0227 0.0398 
1 0.5416 0.2056 0.0227 0.0398 
1 0.5988 0.1335 0.0161 0.0216 
1 0.6002 0.1692 0.0189 0.0332 
1 0.629 0.1468 0.0198 0.0381 
1 0.5109 0.2877 0.0255 0.0547 
1 0.5525 0.3126 0.0331 0.068 
1 0.6101 0.2637 0.0274 0.0498 
1 0.638 0.1965 0.017 0.0415 
1 0.6437 0.3051 0.0265 0.0498 
1 0.6716 0.2728 0.0217 0.0448 
1 0.6815 0.2139 0.0302 0.0564 
1 0.6716 0.1833 0.0217 0.0448 
1 0.7013 0.1584 0.0227 0.0481 
1 0.7188 0.0697 0.0161 0.0365 
1 0.811 0.0788 0.017 0.0381 
1 0.7561 0.194 0.0284 0.0498 
1 0.7146 0.233 0.0302 0.0614 
1 0.7372 0.267 0.0246 0.0531 
1 0.7873 0.2695 0.0265 0.0481 
1 0.7779 0.2189 0.0302 0.0564 
1 0.7807 0.1675 0.017 0.0498 
1 0.8696 0.1609 0.0151 0.0464 
1 0.8521 0.3101 0.0293 0.0564 
1 0.8748 0.2537 0.0255 0.0464 
1 0.9286 0.2819 0.0236 0.0498 
1 0.9315 0.2413 0.0198 0.0481 
1 0.9338 0.1294 0.017 0.0464 
1 0.9457 0.141 0.0198 0.0498 
