1 0.3825 0.4532 0.0642 0.1189 
1 0.444 0.2388 0.0218 0.0487 
1 0.4086 0.2417 0.0229 0.0468 
1 0.3585 0.2446 0.0207 0.0448 
1 0.3335 0.2193 0.0207 0.0409 
1 0.2867 0.2359 0.0163 0.0312 
1 0.2818 0.2154 0.0218 0.037 
1 0.3232 0.1979 0.0196 0.0409 
1 0.3477 0.194 0.0185 0.0448 
1 0.3585 0.2125 0.0163 0.0312 
1 0.377 0.2018 0.0185 0.0409 
1 0.3955 0.2047 0.0207 0.039 
1 0.3945 0.1618 0.0185 0.0351 
1 0.414 0.1569 0.0163 0.037 
1 0.4402 0.1979 0.0185 0.0448 
1 0.4516 0.2096 0.0196 0.0409 
1 0.4396 0.1579 0.0152 0.0312 
1 0.4494 0.1793 0.0152 0.0312 
1 0.475 0.194 0.0207 0.0448 
1 0.4266 0.1511 0.0152 0.0331 
1 0.4815 0.1442 0.0141 0.0312 
1 0.4761 0.1296 0.012 0.0253 
1 0.4989 0.1209 0.0163 0.0312 
1 0.5109 0.1491 0.012 0.0331 
1 0.5071 0.1881 0.0196 0.0409 
1 0.5381 0.1901 0.0185 0.0409 
1 0.5392 0.153 0.0141 0.037 
1 0.5229 0.1296 0.0141 0.0292 
1 0.5495 0.1335 0.0131 0.0331 
1 0.5566 0.1579 0.0141 0.039 
1 0.5555 0.1228 0.0141 0.0273 
1 0.58 0.1384 0.0152 0.0312 
1 0.5968 0.155 0.0163 0.0292 
1 0.5974 0.116 0.0131 0.0253 
1 0.6094 0.1082 0.0109 0.0292 
1 0.6219 0.1316 0.0163 0.0292 
1 0.6393 0.1511 0.0141 0.037 
1 0.6529 0.1394 0.0131 0.0331 
1 0.6616 0.1072 0.0109 0.0273 
1 0.6795 0.1209 0.0141 0.0312 
1 0.7035 0.1072 0.0033 0.039 
1 0.7089 0.1062 0.0141 0.037 
1 0.6991 0.1725 0.0207 0.0448 
1 0.6643 0.192 0.0163 0.037 
1 0.6371 0.2417 0.0272 0.0546 
1 0.6251 0.2173 0.0207 0.037 
1 0.5794 0.2329 0.0272 0.0487 
1 0.7008 0.3158 0.0392 0.078 
1 0.6888 0.2505 0.0218 0.0487 
1 0.6823 0.2212 0.0218 0.0409 
1 0.7176 0.1823 0.0185 0.0409 
1 0.7318 0.1472 0.0163 0.0409 
1 0.7459 0.1598 0.0185 0.0429 
1 0.7557 0.2018 0.0185 0.0409 
1 0.7291 0.231 0.0239 0.0448 
1 0.7704 0.2495 0.0305 0.0585 
1 0.7497 0.3918 0.0392 0.078 
1 0.8025 0.2865 0.0294 0.0546 
1 0.8041 0.2066 0.0218 0.0468 
1 0.7976 0.1647 0.0174 0.0331 
1 0.7813 0.1238 0.0131 0.037 
1 0.8014 0.1296 0.0141 0.0331 
1 0.8205 0.1287 0.0174 0.0312 
1 0.8286 0.1657 0.0163 0.0312 
1 0.8199 0.2018 0.0163 0.037 
1 0.8303 0.2524 0.0218 0.0487 
1 0.8531 0.2203 0.0196 0.0429 
1 0.8683 0.1725 0.0196 0.0448 
1 0.8569 0.1491 0.0141 0.037 
1 0.8411 0.152 0.0152 0.0312 
1 0.901 0.1784 0.0131 0.0292 
1 0.8988 0.2359 0.0174 0.0429 
1 0.9108 0.3363 0.0283 0.0682 
1 0.9412 0.2563 0.0218 0.0526 
1 0.9298 0.2183 0.0141 0.039 
1 0.9113 0.1442 0.0163 0.039 
1 0.9363 0.194 0.012 0.0292 
1 0.9478 0.1979 0.0131 0.0292 
1 0.9538 0.1774 0.0163 0.0312 
