1 0.7821 0.4492 0.0507 0.0896 
1 0.6687 0.4502 0.0597 0.0916 
1 0.5858 0.4462 0.0612 0.0956 
1 0.5067 0.4173 0.0493 0.0817 
1 0.4276 0.4572 0.0582 0.0936 
1 0.3209 0.4582 0.0716 0.0956 
1 0.2075 0.4582 0.0687 0.0996 
1 0.1194 0.3546 0.0507 0.0757 
1 0.197 0.3147 0.0567 0.0757 
1 0.2687 0.3177 0.0507 0.0817 
1 0.3694 0.3167 0.0493 0.0837 
1 0.4403 0.3058 0.0507 0.0857 
1 0.5373 0.3068 0.0507 0.0876 
1 0.6075 0.2898 0.0507 0.0817 
1 0.6724 0.3127 0.0552 0.0916 
1 0.7396 0.3227 0.0522 0.0797 
1 0.8067 0.3337 0.0463 0.0817 
1 0.8739 0.3317 0.0552 0.0936 
1 0.647 0.2331 0.0493 0.0837 
1 0.7776 0.2201 0.0567 0.1056 
1 0.5366 0.2331 0.0612 0.0797 
1 0.4754 0.2341 0.0582 0.0857 
1 0.3948 0.2291 0.0582 0.0876 
1 0.2918 0.239 0.0522 0.0837 
1 0.2134 0.2201 0.0567 0.0936 
