1 0.3454 0.2352 0.0197 0.0377 
1 0.3562 0.3115 0.0207 0.0393 
1 0.3924 0.3008 0.0197 0.0377 
1 0.4023 0.227 0.0188 0.0344 
1 0.3684 0.2025 0.015 0.0279 
1 0.3966 0.1893 0.0113 0.0311 
1 0.4112 0.2041 0.0179 0.0344 
1 0.461 0.2328 0.0179 0.0328 
1 0.493 0.2311 0.0197 0.0393 
1 0.4944 0.2049 0.0188 0.0328 
1 0.4789 0.1902 0.0141 0.0295 
1 0.4629 0.2066 0.016 0.0262 
1 0.453 0.1844 0.015 0.0279 
1 0.5804 0.1443 0.0141 0.0262 
1 0.4939 0.309 0.0254 0.0443 
1 0.6316 0.2516 0.0207 0.0475 
1 0.672 0.0623 0.0113 0.023 
1 0.7143 0.1934 0.0188 0.0426 
1 0.7594 0.2459 0.0188 0.0525 
1 0.9276 0.2295 0.0169 0.0393 
