1 0.1654 0.503 0.046 0.0975 
1 0.2272 0.3538 0.0196 0.036 
1 0.2592 0.3628 0.0188 0.045 
1 0.2899 0.3853 0.0205 0.045 
1 0.295 0.3141 0.0188 0.0405 
1 0.338 0.3771 0.023 0.0555 
1 0.3619 0.3396 0.0162 0.0315 
1 0.3602 0.3043 0.0196 0.03 
1 0.3922 0.3523 0.0205 0.039 
1 0.4169 0.3478 0.0222 0.045 
1 0.4147 0.3141 0.0162 0.0315 
1 0.4109 0.2901 0.0153 0.0285 
1 0.4041 0.2706 0.0153 0.0315 
1 0.4327 0.2751 0.0145 0.0285 
1 0.4531 0.2744 0.0145 0.036 
1 0.445 0.3238 0.0222 0.042 
1 0.477 0.3141 0.0179 0.0345 
1 0.4808 0.3628 0.0273 0.042 
1 0.5132 0.3313 0.0171 0.039 
1 0.48 0.2811 0.0171 0.0285 
1 0.4697 0.2556 0.0136 0.0285 
1 0.4766 0.2481 0.0171 0.0315 
1 0.509 0.2781 0.0171 0.0345 
1 0.526 0.2931 0.0171 0.0345 
1 0.5503 0.2594 0.0162 0.03 
1 0.5618 0.2969 0.0188 0.039 
1 0.5921 0.2714 0.0162 0.03 
1 0.5848 0.2601 0.0136 0.0285 
1 0.5801 0.2301 0.0128 0.0255 
1 0.6147 0.2346 0.0153 0.0285 
1 0.63 0.2534 0.0119 0.024 
1 0.6249 0.2159 0.0119 0.027 
1 0.6424 0.2301 0.0145 0.0225 
1 0.6539 0.2579 0.0136 0.024 
1 0.6897 0.2406 0.0153 0.0255 
1 0.682 0.2241 0.0136 0.0285 
1 0.5929 0.2346 0.0111 0.0255 
1 0.5141 0.3973 0.0307 0.063 
1 0.5537 0.4235 0.0281 0.0585 
1 0.6057 0.3958 0.0264 0.057 
1 0.61 0.3418 0.0247 0.045 
1 0.6287 0.4475 0.035 0.0735 
1 0.6577 0.4865 0.0384 0.0675 
1 0.6807 0.3861 0.0264 0.0435 
1 0.6624 0.3636 0.0239 0.0405 
1 0.6475 0.3246 0.0213 0.0405 
1 0.6867 0.2939 0.0196 0.039 
1 0.7234 0.2646 0.0179 0.0375 
1 0.7016 0.2406 0.0153 0.0315 
1 0.7315 0.3171 0.0188 0.0405 
1 0.7067 0.3696 0.0239 0.0495 
1 0.7579 0.4288 0.0273 0.057 
1 0.7229 0.5315 0.046 0.0855 
1 0.8248 0.518 0.035 0.0585 
1 0.7468 0.2616 0.0153 0.0345 
1 0.7673 0.2744 0.0171 0.036 
1 0.7847 0.2961 0.0179 0.0375 
1 0.766 0.2339 0.0145 0.03 
1 0.8022 0.2489 0.0171 0.03 
1 0.8031 0.2774 0.0171 0.033 
1 0.8312 0.2579 0.0188 0.039 
1 0.8397 0.3186 0.0205 0.0345 
1 0.8627 0.2706 0.0171 0.0345 
1 0.8738 0.2834 0.0153 0.033 
1 0.8828 0.2856 0.0128 0.0285 
1 0.8951 0.2706 0.0136 0.0315 
1 0.8717 0.3231 0.0196 0.0375 
1 0.8862 0.3786 0.0247 0.0585 
1 0.8325 0.3726 0.023 0.0525 
1 0.8078 0.4415 0.0264 0.0585 
1 0.8713 0.4685 0.0324 0.0705 
1 0.9352 0.4753 0.0307 0.066 
1 0.9399 0.4138 0.0196 0.051 
1 0.9514 0.3733 0.0188 0.039 
1 0.9254 0.3448 0.0179 0.045 
1 0.925 0.2901 0.0188 0.0405 
1 0.9578 0.3186 0.0179 0.0315 
1 0.9506 0.3463 0.0205 0.036 
1 0.9612 0.2946 0.0162 0.0315 
