1 0.0835 0.565 0.0896 0.1698 
1 0.0562 0.4456 0.0738 0.1167 
1 0.094 0.4257 0.058 0.1088 
1 0.08 0.321 0.0545 0.0955 
1 0.0589 0.2798 0.0334 0.0398 
1 0.1239 0.2971 0.051 0.0849 
1 0.1696 0.2931 0.0369 0.0716 
1 0.2188 0.3435 0.0439 0.0769 
1 0.2188 0.3037 0.0369 0.0504 
1 0.2144 0.2719 0.0316 0.0451 
1 0.1907 0.4536 0.065 0.1167 
1 0.2258 0.4191 0.0545 0.1008 
1 0.3489 0.5477 0.1002 0.1565 
1 0.3427 0.443 0.0668 0.0849 
1 0.3251 0.3859 0.0492 0.0769 
1 0.3339 0.3501 0.0492 0.0796 
1 0.3067 0.3196 0.0439 0.0769 
1 0.2777 0.2958 0.0422 0.0769 
1 0.3453 0.2626 0.0404 0.0743 
1 0.4112 0.2493 0.0387 0.069 
1 0.4016 0.3037 0.0404 0.061 
1 0.4086 0.3674 0.0439 0.0928 
1 0.442 0.3939 0.0545 0.0928 
1 0.493 0.4682 0.065 0.1088 
1 0.5351 0.5398 0.0791 0.1194 
1 0.5018 0.2918 0.0475 0.0743 
1 0.5536 0.3408 0.0422 0.0822 
1 0.5993 0.2878 0.0351 0.0663 
1 0.6309 0.3316 0.0351 0.069 
1 0.6406 0.3886 0.0475 0.0875 
1 0.6757 0.3103 0.0369 0.069 
1 0.6678 0.2626 0.0281 0.0477 
1 0.7346 0.2931 0.0351 0.0557 
1 0.7522 0.3263 0.0562 0.069 
1 0.7469 0.3674 0.0492 0.0769 
1 0.7434 0.4416 0.0598 0.1088 
1 0.8322 0.4416 0.051 0.1141 
1 0.8629 0.4005 0.0527 0.1061 
1 0.8163 0.3183 0.0475 0.0902 
1 0.9402 0.5385 0.0808 0.1432 
1 0.9508 0.3939 0.0492 0.1034 
1 0.935 0.3634 0.0422 0.0849 
