1 0.0356 0.4105 0.0215 0.0415 
1 0.239 0.3503 0.0141 0.0301 
1 0.2639 0.3825 0.0157 0.0344 
1 0.3409 0.3682 0.0191 0.0372 
1 0.2962 0.3159 0.0157 0.0301 
1 0.365 0.3023 0.0157 0.0315 
1 0.3877 0.336 0.0116 0.0272 
1 0.4143 0.346 0.0166 0.0387 
1 0.4143 0.3102 0.0166 0.0272 
1 0.4147 0.283 0.0141 0.0272 
1 0.3964 0.2679 0.0124 0.0258 
1 0.4345 0.2643 0.0124 0.0215 
1 0.4524 0.2758 0.0133 0.0244 
1 0.4403 0.3152 0.0141 0.0258 
1 0.4673 0.3481 0.0182 0.0401 
1 0.4756 0.3116 0.0149 0.033 
1 0.4826 0.2794 0.0124 0.0287 
1 0.4698 0.26 0.0133 0.0215 
1 0.4805 0.2443 0.0166 0.0244 
1 0.5195 0.2779 0.0133 0.0287 
1 0.5273 0.26 0.0091 0.0215 
1 0.5319 0.2443 0.0116 0.0215 
1 0.5464 0.2787 0.0141 0.033 
1 0.5667 0.3001 0.0149 0.0301 
1 0.5128 0.3309 0.0199 0.0372 
1 0.5911 0.2693 0.0141 0.0315 
1 0.5675 0.2407 0.0133 0.0287 
1 0.5845 0.2328 0.0108 0.0244 
1 0.6123 0.2307 0.0149 0.0287 
1 0.6193 0.2149 0.0157 0.0229 
1 0.4673 0.4277 0.0265 0.0444 
1 0.5452 0.3639 0.0249 0.0401 
1 0.5551 0.4198 0.0265 0.0602 
1 0.6205 0.4348 0.0265 0.0501 
1 0.6222 0.3768 0.0232 0.043 
1 0.6081 0.3431 0.0182 0.0358 
1 0.6404 0.3095 0.0182 0.0401 
1 0.6483 0.2564 0.0124 0.0258 
1 0.6098 0.2643 0.0133 0.0244 
1 0.6367 0.2278 0.0091 0.0258 
1 0.6487 0.2342 0.0116 0.0158 
1 0.6657 0.2221 0.0108 0.0229 
1 0.6864 0.24 0.0124 0.0244 
1 0.708 0.2342 0.0108 0.0301 
1 0.6852 0.2808 0.0149 0.0344 
1 0.6665 0.3775 0.0224 0.0501 
1 0.6993 0.3668 0.0182 0.0401 
1 0.6914 0.4563 0.0323 0.0559 
1 0.7129 0.5007 0.034 0.0731 
1 0.7407 0.4148 0.0265 0.0473 
1 0.7361 0.3001 0.0174 0.0301 
1 0.7158 0.2679 0.0149 0.0287 
1 0.7502 0.2543 0.0124 0.0301 
1 0.7626 0.2364 0.0124 0.0258 
1 0.761 0.2787 0.0141 0.0301 
1 0.7726 0.2636 0.0124 0.0287 
1 0.7838 0.3009 0.0166 0.043 
1 0.7887 0.2507 0.0116 0.0258 
1 0.8003 0.2629 0.0133 0.0272 
1 0.8281 0.2765 0.0157 0.0258 
1 0.8513 0.2672 0.0124 0.0272 
1 0.8297 0.3066 0.0141 0.0315 
1 0.8302 0.5208 0.0282 0.0587 
1 0.7887 0.4398 0.0215 0.0516 
1 0.8554 0.4542 0.0273 0.0516 
1 0.9275 0.4814 0.0323 0.0602 
1 0.8219 0.3789 0.0199 0.0444 
1 0.8281 0.3438 0.0124 0.0258 
1 0.8546 0.3231 0.0174 0.0358 
1 0.8728 0.3868 0.0191 0.0487 
1 0.8915 0.3617 0.0149 0.0358 
1 0.8956 0.3288 0.0149 0.0272 
1 0.9275 0.3395 0.0174 0.0401 
1 0.9474 0.3589 0.0191 0.0387 
1 0.9097 0.298 0.0149 0.0315 
1 0.8645 0.2894 0.0141 0.0258 
1 0.8732 0.2772 0.0133 0.0301 
1 0.8857 0.2622 0.0149 0.0315 
1 0.947 0.288 0.0133 0.0287 
1 0.9362 0.2987 0.0116 0.0244 
1 0.2958 0.3875 0.0199 0.0387 
1 0.3633 0.346 0.0191 0.033 
