1 0.2281 0.5069 0.05 0.0917 
1 0.3469 0.4958 0.0469 0.0806 
1 0.325 0.4403 0.0344 0.0694 
1 0.4313 0.5306 0.0563 0.0944 
1 0.4594 0.4792 0.0437 0.0806 
1 0.4406 0.4556 0.0344 0.0556 
1 0.5141 0.4667 0.0344 0.0833 
1 0.5492 0.4986 0.0547 0.1028 
1 0.575 0.4347 0.0281 0.0528 
1 0.6445 0.4472 0.0297 0.0611 
1 0.65 0.5667 0.0656 0.1111 
1 0.7102 0.4611 0.0484 0.0722 
1 0.8023 0.5167 0.0891 0.1556 
1 0.9125 0.475 0.0437 0.0944 
1 0.9812 0.4917 0.0344 0.1056 
1 0.9727 0.6806 0.0547 0.2278 
1 0.9437 0.4639 0.0375 0.0944 
