1 0.2055 0.3274 0.0428 0.0693 
1 0.2965 0.1965 0.0127 0.0324 
1 0.3145 0.2011 0.0156 0.0324 
1 0.333 0.198 0.0156 0.0262 
1 0.3583 0.1587 0.0117 0.0216 
1 0.3564 0.1826 0.0175 0.0262 
1 0.3841 0.2057 0.0166 0.0324 
1 0.3856 0.1772 0.0156 0.0277 
1 0.4099 0.2088 0.0175 0.0324 
1 0.4133 0.171 0.0166 0.0339 
1 0.4221 0.1495 0.0146 0.0277 
1 0.4435 0.2034 0.0204 0.037 
1 0.4323 0.1233 0.0117 0.0277 
1 0.4557 0.1333 0.0117 0.0231 
1 0.4815 0.1479 0.0146 0.0277 
1 0.481 0.1148 0.0097 0.02 
1 0.4971 0.1202 0.0107 0.0216 
1 0.5024 0.1525 0.0117 0.0247 
1 0.5117 0.1826 0.0166 0.0324 
1 0.5268 0.1179 0.0117 0.0231 
1 0.5331 0.1587 0.0166 0.0308 
1 0.5526 0.1086 0.0127 0.0231 
1 0.5662 0.1348 0.0166 0.0293 
1 0.5686 0.1626 0.0175 0.0293 
1 0.5988 0.1402 0.0156 0.0308 
1 0.5798 0.1086 0.0107 0.0262 
1 0.591 0.0986 0.0097 0.0185 
1 0.6061 0.114 0.0127 0.0247 
1 0.6227 0.1009 0.0107 0.0262 
1 0.6358 0.1125 0.0136 0.0247 
1 0.7045 0.0901 0.0107 0.02 
1 0.6952 0.1094 0.0117 0.0277 
1 0.7205 0.0917 0.0097 0.02 
1 0.4985 0.2442 0.0234 0.0539 
1 0.5497 0.2512 0.0243 0.0555 
1 0.5711 0.2165 0.0204 0.0447 
1 0.61 0.2273 0.0243 0.0539 
1 0.6095 0.3059 0.0253 0.0539 
1 0.6436 0.1941 0.0175 0.0401 
1 0.6748 0.1672 0.0175 0.0354 
1 0.6943 0.2134 0.0234 0.0447 
1 0.6904 0.2696 0.0273 0.0493 
1 0.7205 0.2026 0.0234 0.0385 
1 0.741 0.2542 0.0195 0.0431 
1 0.724 0.1587 0.0185 0.037 
1 0.7498 0.1441 0.0175 0.0293 
1 0.7658 0.1217 0.0127 0.0277 
1 0.7829 0.1317 0.0136 0.0231 
1 0.8057 0.1333 0.0146 0.0354 
1 0.7668 0.2096 0.0185 0.0431 
1 0.7989 0.1918 0.0204 0.0354 
1 0.7911 0.2635 0.0224 0.0555 
1 0.7595 0.3251 0.0331 0.0586 
1 0.8252 0.2304 0.0224 0.0447 
1 0.8437 0.2696 0.0282 0.0462 
1 0.8413 0.3166 0.0331 0.057 
1 0.8773 0.2365 0.0214 0.0447 
1 0.8958 0.2011 0.0175 0.0385 
1 0.944 0.2018 0.0185 0.037 
1 0.9338 0.2504 0.0214 0.0416 
1 0.9304 0.2935 0.0263 0.0478 
1 0.9133 0.3752 0.0351 0.0724 
1 0.7405 0.1248 0.0127 0.0277 
1 0.6699 0.1279 0.0156 0.0277 
1 0.6665 0.094 0.0107 0.0247 
1 0.6626 0.1055 0.0107 0.0231 
1 0.6285 0.1364 0.0146 0.0293 
1 0.4499 0.1733 0.0156 0.0324 
1 0.4572 0.1918 0.0146 0.0354 
1 0.5097 0.1317 0.0127 0.0231 
1 0.5112 0.1071 0.0117 0.0231 
1 0.5336 0.1094 0.0097 0.0216 
