1 0.0651 0.4795 0.0548 0.0682 
1 0.125 0.4727 0.0514 0.0727 
1 0.2175 0.4659 0.0514 0.0682 
1 0.1918 0.4318 0.0411 0.0545 
1 0.3271 0.3705 0.0514 0.0682 
1 0.3065 0.4545 0.0514 0.0818 
1 0.3579 0.2341 0.0514 0.0682 
1 0.4709 0.3932 0.0377 0.05 
1 0.4692 0.5614 0.089 0.1318 
1 0.5428 0.7227 0.1267 0.2 
1 0.7568 0.8977 0.1301 0.1773 
1 0.7123 0.5591 0.0753 0.1182 
1 0.5856 0.4795 0.0616 0.1045 
1 0.6781 0.375 0.0616 0.0955 
1 0.726 0.4364 0.0548 0.1 
1 0.8219 0.4727 0.0685 0.0909 
1 0.8716 0.3682 0.0582 0.0909 
1 0.9195 0.3636 0.0445 0.0727 
1 0.7825 0.3636 0.0308 0.0545 
1 0.7466 0.1955 0.0479 0.0636 
