1 0.7784 0.2891 0.1189 0.1991 
1 0.5284 0.2141 0.0316 0.0521 
1 0.4626 0.2148 0.0284 0.0506 
1 0.4389 0.2504 0.0274 0.049 
1 0.4053 0.2852 0.0316 0.049 
1 0.3863 0.3104 0.0358 0.0742 
1 0.3953 0.2133 0.0284 0.0442 
1 0.3221 0.3499 0.0442 0.0837 
1 0.3153 0.2709 0.0368 0.0616 
1 0.3132 0.207 0.0263 0.0537 
1 0.2705 0.2251 0.0274 0.0427 
1 0.2195 0.2978 0.0411 0.0711 
1 0.2374 0.3728 0.0537 0.0916 
1 0.2179 0.2615 0.0358 0.0521 
1 0.1779 0.2938 0.0379 0.06 
1 0.1526 0.2512 0.0274 0.0506 
1 0.1158 0.3436 0.0505 0.0711 
1 0.1395 0.4297 0.0642 0.1169 
1 0.0779 0.2575 0.0379 0.0506 
1 0.0205 0.2338 0.0368 0.0537 
