1 0.1689 0.24 0.1827 0.4733 
1 0.2495 0.4067 0.0541 0.2267 
1 0.3173 0.3667 0.0592 0.2133 
1 0.3423 0.3 0.0276 0.1 
1 0.4204 0.36 0.0469 0.16 
1 0.4949 0.35 0.0265 0.1067 
1 0.5551 0.32 0.0265 0.0933 
1 0.5806 0.3 0.0224 0.0933 
1 0.65 0.27 0.0245 0.0933 
1 0.5903 0.5133 0.048 0.2067 
1 0.6189 0.4617 0.05 0.1833 
1 0.5587 0.4417 0.0337 0.1433 
1 0.7173 0.4183 0.1102 0.4033 
1 0.6602 0.3867 0.0327 0.1267 
1 0.8184 0.3083 0.0245 0.0833 
1 0.8168 0.2133 0.0194 0.08 
1 0.8949 0.27 0.0327 0.1067 
1 0.9189 0.1667 0.0214 0.08 
1 0.9582 0.25 0.0347 0.1267 
1 0.9903 0.1467 0.0194 0.1 
1 0.8949 0.5333 0.1245 0.4067 
