1 0.0608 0.3865 0.0212 0.0489 
1 0.2528 0.2622 0.0145 0.0274 
1 0.2723 0.2661 0.0201 0.0352 
1 0.3092 0.2456 0.0156 0.0254 
1 0.3013 0.226 0.0134 0.0333 
1 0.3348 0.2476 0.0156 0.0372 
1 0.351 0.2554 0.0167 0.0372 
1 0.3549 0.2975 0.0223 0.047 
1 0.346 0.2221 0.0156 0.0294 
1 0.3761 0.2153 0.0201 0.0391 
1 0.3973 0.2681 0.0246 0.0509 
1 0.3823 0.1888 0.019 0.0333 
1 0.4012 0.2035 0.0212 0.0313 
1 0.4403 0.2241 0.0212 0.0333 
1 0.4448 0.1888 0.019 0.0294 
1 0.466 0.229 0.0212 0.0391 
1 0.4565 0.1497 0.0156 0.0254 
1 0.4771 0.1947 0.0167 0.0333 
1 0.471 0.1712 0.0156 0.0294 
1 0.4788 0.1389 0.0156 0.0235 
1 0.5 0.1937 0.0179 0.0313 
1 0.5268 0.2133 0.0223 0.0391 
1 0.5257 0.1644 0.0134 0.0235 
1 0.5435 0.1605 0.0156 0.0352 
1 0.5625 0.1487 0.0134 0.0274 
1 0.5608 0.1204 0.0145 0.0294 
1 0.5759 0.1654 0.0156 0.0294 
1 0.5949 0.1448 0.0156 0.0313 
1 0.6127 0.1487 0.0134 0.0313 
1 0.6334 0.1399 0.0167 0.0333 
1 0.6434 0.1213 0.0145 0.0274 
1 0.6646 0.1194 0.0123 0.0313 
1 0.4989 0.3004 0.029 0.0646 
1 0.543 0.2466 0.0257 0.047 
1 0.5692 0.2926 0.0246 0.0489 
1 0.6144 0.3004 0.0279 0.0568 
1 0.615 0.2446 0.0223 0.0509 
1 0.6138 0.2045 0.0246 0.045 
1 0.6468 0.2035 0.0234 0.0431 
1 0.6523 0.2857 0.0279 0.0548 
1 0.7003 0.2671 0.0279 0.0607 
1 0.7109 0.226 0.0201 0.0489 
1 0.692 0.182 0.0201 0.0431 
1 0.6914 0.1458 0.019 0.0333 
1 0.7165 0.1663 0.0156 0.0391 
1 0.7249 0.1986 0.0212 0.0411 
1 0.7494 0.2387 0.0212 0.0587 
1 0.7606 0.2123 0.0212 0.0411 
1 0.76 0.1712 0.0179 0.0372 
1 0.7455 0.138 0.0156 0.0333 
1 0.7243 0.1174 0.0156 0.0352 
1 0.7567 0.1321 0.0179 0.0372 
1 0.7734 0.1693 0.0179 0.0372 
1 0.7829 0.1497 0.0145 0.0294 
1 0.7701 0.2867 0.029 0.0607 
1 0.8376 0.318 0.0279 0.0568 
1 0.8527 0.2368 0.0246 0.047 
1 0.8209 0.2074 0.0167 0.0391 
1 0.8298 0.1575 0.0145 0.0333 
1 0.846 0.1605 0.0156 0.0313 
1 0.8594 0.1937 0.0156 0.0391 
1 0.885 0.2153 0.0156 0.0431 
1 0.8979 0.2319 0.0145 0.0372 
1 0.9135 0.2534 0.0234 0.0489 
1 0.8806 0.1663 0.0156 0.0313 
1 0.8962 0.1879 0.0156 0.0352 
