1 0.1304 0.5332 0.0406 0.0736 
1 0.2265 0.343 0.0144 0.0297 
1 0.2536 0.3642 0.0178 0.041 
1 0.2892 0.3083 0.0144 0.0283 
1 0.2832 0.3897 0.0178 0.0297 
1 0.3378 0.3614 0.022 0.041 
1 0.3565 0.3338 0.0152 0.0311 
1 0.3548 0.3034 0.0152 0.024 
1 0.3933 0.2673 0.0144 0.0255 
1 0.4162 0.2765 0.0127 0.0212 
1 0.4128 0.3388 0.0195 0.0325 
1 0.3823 0.3536 0.0178 0.0311 
1 0.4081 0.3062 0.0135 0.0269 
1 0.4301 0.2645 0.0119 0.0226 
1 0.4483 0.2694 0.0127 0.024 
1 0.4522 0.3479 0.0186 0.0283 
1 0.4784 0.3133 0.0169 0.0269 
1 0.4788 0.2702 0.0161 0.0255 
1 0.4699 0.2532 0.0152 0.0226 
1 0.4759 0.2433 0.0135 0.0198 
1 0.5186 0.2687 0.0144 0.0283 
1 0.5309 0.2793 0.0135 0.0297 
1 0.561 0.2829 0.0161 0.0283 
1 0.5504 0.2652 0.0135 0.024 
1 0.5639 0.2355 0.0135 0.024 
1 0.5787 0.2277 0.0127 0.0226 
1 0.5864 0.2673 0.0127 0.0255 
1 0.6101 0.2574 0.0144 0.0255 
1 0.6126 0.2334 0.0127 0.0226 
1 0.6181 0.2157 0.0135 0.024 
1 0.6465 0.2546 0.0144 0.0255 
1 0.6494 0.2284 0.0135 0.0212 
1 0.6833 0.2171 0.0119 0.0212 
1 0.6871 0.2397 0.011 0.0212 
1 0.6964 0.232 0.0127 0.0255 
1 0.6351 0.2256 0.0119 0.0156 
1 0.5051 0.3373 0.0195 0.0325 
1 0.4869 0.413 0.0254 0.0453 
1 0.5445 0.4342 0.0271 0.0509 
1 0.5491 0.3656 0.0212 0.041 
1 0.5948 0.4625 0.0296 0.0622 
1 0.6473 0.4696 0.0313 0.0622 
1 0.7125 0.5431 0.0364 0.0651 
1 0.8374 0.5269 0.0339 0.0721 
1 0.9445 0.4738 0.0296 0.0566 
1 0.9276 0.4441 0.0195 0.0339 
1 0.8569 0.4767 0.0339 0.0566 
1 0.8006 0.4222 0.0279 0.0467 
1 0.829 0.3656 0.022 0.0438 
1 0.87 0.4059 0.0246 0.0509 
1 0.9509 0.4081 0.0186 0.0382 
1 0.9369 0.3289 0.0144 0.0297 
1 0.9505 0.3147 0.0144 0.0269 
1 0.9585 0.2928 0.0135 0.0226 
1 0.9149 0.2935 0.0161 0.0325 
1 0.8882 0.3423 0.0169 0.0339 
1 0.9094 0.3296 0.0135 0.0255 
1 0.8633 0.3296 0.0161 0.0311 
1 0.8721 0.2808 0.0152 0.0325 
1 0.8984 0.261 0.0119 0.024 
1 0.8641 0.2638 0.0127 0.0184 
1 0.8362 0.3098 0.0161 0.0283 
1 0.8383 0.2751 0.0152 0.0269 
1 0.826 0.2518 0.0144 0.0255 
1 0.7917 0.2871 0.0152 0.0339 
1 0.8006 0.2694 0.0144 0.0269 
1 0.7955 0.2447 0.0127 0.0283 
1 0.7515 0.2539 0.0144 0.0325 
1 0.7595 0.2454 0.0135 0.0269 
1 0.7189 0.2581 0.0152 0.0325 
1 0.7151 0.3034 0.0178 0.0325 
1 0.6816 0.2836 0.0152 0.0325 
1 0.6901 0.3182 0.0186 0.0368 
1 0.7036 0.3621 0.022 0.0453 
1 0.7345 0.4052 0.0212 0.0467 
1 0.6664 0.3663 0.0237 0.0396 
1 0.6219 0.3777 0.0195 0.0311 
1 0.6448 0.3091 0.0144 0.0297 
1 0.6109 0.3352 0.0195 0.0311 
