1 0.1862 0.4448 0.0393 0.0828 
1 0.1802 0.2278 0.0188 0.0414 
1 0.2549 0.2094 0.0231 0.0475 
1 0.2699 0.2117 0.0256 0.0552 
1 0.3305 0.184 0.0273 0.0521 
1 0.3079 0.2278 0.0179 0.0383 
1 0.3471 0.1863 0.0145 0.0322 
1 0.4014 0.1787 0.0273 0.0567 
1 0.4189 0.1695 0.0111 0.0261 
1 0.4112 0.1925 0.0128 0.0322 
1 0.4432 0.1396 0.0137 0.0276 
1 0.4637 0.1687 0.0256 0.0491 
1 0.4637 0.1426 0.0137 0.0276 
1 0.4816 0.1419 0.012 0.023 
1 0.4927 0.1373 0.0137 0.0322 
1 0.5094 0.1265 0.0128 0.0291 
1 0.4804 0.2232 0.0162 0.0291 
1 0.4752 0.1695 0.0145 0.0353 
1 0.5371 0.1327 0.0154 0.0291 
1 0.57 0.1281 0.0162 0.0291 
1 0.5931 0.1388 0.0162 0.0322 
1 0.6208 0.1296 0.0137 0.0291 
1 0.5534 0.1833 0.0171 0.0353 
1 0.5137 0.1649 0.0179 0.0261 
1 0.5077 0.2715 0.0213 0.0552 
1 0.5559 0.2531 0.0188 0.0368 
1 0.5756 0.2807 0.0273 0.0521 
1 0.6204 0.2983 0.0248 0.0475 
1 0.6264 0.1979 0.0213 0.046 
1 0.6563 0.1825 0.0179 0.0337 
1 0.6567 0.2147 0.0205 0.0399 
1 0.7007 0.1986 0.0179 0.0383 
1 0.7126 0.237 0.0196 0.0445 
1 0.7348 0.1664 0.0162 0.0383 
1 0.7801 0.2002 0.0179 0.0475 
1 0.7942 0.1457 0.0154 0.0399 
1 0.8219 0.1664 0.0145 0.0322 
1 0.8625 0.1718 0.0154 0.0368 
1 0.8437 0.2163 0.0154 0.0429 
1 0.8817 0.2255 0.0162 0.0491 
1 0.9253 0.2393 0.0179 0.046 
1 0.9283 0.2906 0.0188 0.0475 
1 0.9112 0.3489 0.0256 0.0537 
1 0.8655 0.2914 0.0196 0.0368 
1 0.8467 0.316 0.0213 0.0552 
1 0.795 0.2906 0.0239 0.0598 
1 0.807 0.2561 0.0205 0.0429 
1 0.8924 0.4839 0.029 0.0752 
1 0.6729 0.3259 0.029 0.0721 
1 0.667 0.2738 0.0188 0.0383 
1 0.6345 0.2776 0.0239 0.0429 
