1 0.1842 0.4556 0.0471 0.0937 
1 0.2752 0.231 0.0203 0.0388 
1 0.2982 0.227 0.0166 0.0404 
1 0.3403 0.1486 0.0212 0.042 
1 0.3606 0.1906 0.0157 0.0452 
1 0.3777 0.1672 0.0185 0.0307 
1 0.3869 0.2407 0.0203 0.0452 
1 0.4174 0.2415 0.0222 0.0468 
1 0.4252 0.2019 0.0175 0.042 
1 0.4414 0.21 0.0222 0.0388 
1 0.428 0.1761 0.0139 0.0258 
1 0.4386 0.164 0.0148 0.0307 
1 0.4234 0.1527 0.0139 0.021 
1 0.4783 0.1511 0.0185 0.0372 
1 0.4871 0.1971 0.0175 0.0355 
1 0.5055 0.1971 0.0157 0.042 
1 0.4695 0.1187 0.0102 0.0242 
1 0.4875 0.0735 0.0129 0.0242 
1 0.4972 0.1171 0.0139 0.0275 
1 0.5185 0.1333 0.0157 0.0275 
1 0.5309 0.1284 0.0111 0.0242 
1 0.548 0.1478 0.0175 0.0307 
1 0.5476 0.1268 0.0148 0.0275 
1 0.5646 0.1616 0.0139 0.0323 
1 0.5951 0.1373 0.0157 0.0291 
1 0.5997 0.1163 0.0139 0.0226 
1 0.6191 0.1163 0.0139 0.0226 
1 0.62 0.1058 0.0083 0.0178 
1 0.6265 0.1478 0.0139 0.0242 
1 0.6482 0.1268 0.0129 0.0275 
1 0.6787 0.122 0.0129 0.0275 
1 0.7068 0.1139 0.012 0.0242 
1 0.7479 0.0775 0.0129 0.0291 
1 0.5937 0.231 0.0203 0.0355 
1 0.6519 0.2326 0.0222 0.0517 
1 0.6981 0.2585 0.0222 0.0549 
1 0.7151 0.3279 0.0323 0.0646 
1 0.7539 0.357 0.0305 0.0582 
1 0.7862 0.3037 0.0231 0.0582 
1 0.7581 0.252 0.024 0.0517 
1 0.7308 0.2262 0.0231 0.0452 
1 0.717 0.1809 0.0175 0.0388 
1 0.705 0.1648 0.0157 0.0388 
1 0.7327 0.1712 0.0139 0.0355 
1 0.7456 0.2027 0.0175 0.0404 
1 0.7909 0.2399 0.0212 0.0339 
1 0.777 0.1551 0.0157 0.0226 
1 0.7969 0.1656 0.0129 0.0275 
1 0.8001 0.1397 0.012 0.0275 
1 0.844 0.1583 0.0148 0.0355 
1 0.856 0.1462 0.0129 0.0275 
1 0.8319 0.1947 0.0185 0.0404 
1 0.8717 0.1801 0.0129 0.0339 
1 0.8698 0.2294 0.0185 0.0323 
1 0.8444 0.2504 0.0194 0.0452 
1 0.8989 0.2141 0.0175 0.0404 
1 0.8989 0.185 0.0157 0.0372 
1 0.9072 0.1712 0.0157 0.0355 
1 0.9155 0.1583 0.0139 0.0291 
1 0.9464 0.1616 0.0129 0.0291 
1 0.9377 0.2633 0.0175 0.042 
1 0.9261 0.2084 0.0148 0.0388 
1 0.9104 0.3934 0.024 0.0501 
1 0.8864 0.2682 0.0185 0.0388 
1 0.6279 0.1777 0.0166 0.0323 
