1 0.0266 0.4109 0.0495 0.1085 
1 0.3278 0.2829 0.1429 0.2145 
1 0.3855 0.4225 0.0897 0.168 
1 0.4918 0.4561 0.0531 0.0853 
1 0.4377 0.4664 0.0293 0.0646 
1 0.457 0.3953 0.0238 0.0517 
1 0.5238 0.4186 0.022 0.0413 
1 0.5559 0.4703 0.0421 0.0724 
1 0.5751 0.4367 0.033 0.0568 
1 0.5339 0.2804 0.1154 0.1731 
1 0.7784 0.5026 0.0549 0.1214 
1 0.7445 0.447 0.0458 0.093 
1 0.7967 0.4393 0.0403 0.0672 
1 0.8297 0.4742 0.044 0.0853 
1 0.8672 0.4457 0.0531 0.1008 
1 0.9222 0.4858 0.0495 0.0724 
1 0.9414 0.4664 0.0293 0.0594 
