1 0.113 0.4892 0.0475 0.1151 
1 0.1999 0.3138 0.0201 0.0522 
1 0.2265 0.3058 0.0217 0.0612 
1 0.2663 0.2509 0.0225 0.0522 
1 0.3061 0.2545 0.0185 0.0486 
1 0.3254 0.2473 0.0201 0.0594 
1 0.3113 0.2248 0.0209 0.0468 
1 0.3471 0.2221 0.0169 0.0522 
1 0.3701 0.2806 0.0241 0.0612 
1 0.3628 0.2077 0.0177 0.045 
1 0.3882 0.1996 0.0185 0.0504 
1 0.3966 0.2554 0.0193 0.054 
1 0.4288 0.205 0.0161 0.0432 
1 0.426 0.17 0.0169 0.0378 
1 0.4461 0.1637 0.0169 0.0468 
1 0.4678 0.2563 0.0233 0.0594 
1 0.4364 0.3291 0.0233 0.0612 
1 0.494 0.2149 0.0193 0.0558 
1 0.4855 0.1682 0.0185 0.045 
1 0.4936 0.1565 0.0137 0.036 
1 0.5165 0.1709 0.0209 0.0504 
1 0.5306 0.2392 0.0249 0.0576 
1 0.5531 0.1412 0.0169 0.0486 
1 0.5619 0.1736 0.0169 0.0414 
1 0.5724 0.2104 0.0217 0.054 
1 0.5813 0.179 0.0185 0.0486 
1 0.58 0.1376 0.0177 0.0414 
1 0.5961 0.1187 0.0161 0.0468 
1 0.6034 0.196 0.0161 0.0504 
1 0.6062 0.1619 0.0153 0.036 
1 0.6219 0.2041 0.0177 0.045 
1 0.6319 0.1304 0.0153 0.0414 
1 0.6521 0.1529 0.0137 0.0468 
1 0.6593 0.1924 0.0169 0.0432 
1 0.6657 0.1403 0.0153 0.0468 
1 0.6879 0.1385 0.0129 0.0396 
1 0.714 0.1583 0.0153 0.0432 
1 0.6879 0.1799 0.0161 0.0396 
1 0.5724 0.3561 0.0233 0.0791 
1 0.6038 0.3903 0.0282 0.0755 
1 0.6187 0.3112 0.0257 0.0683 
1 0.6553 0.2671 0.0249 0.0629 
1 0.6613 0.4218 0.029 0.0701 
1 0.7096 0.2185 0.0161 0.045 
1 0.7241 0.2716 0.0209 0.054 
1 0.7482 0.3076 0.0209 0.0576 
1 0.7405 0.2446 0.0217 0.0576 
1 0.7554 0.2104 0.0161 0.0468 
1 0.7755 0.2149 0.0177 0.045 
1 0.8073 0.1969 0.0201 0.045 
1 0.7928 0.2707 0.0201 0.0629 
1 0.8138 0.3129 0.0233 0.0612 
1 0.8162 0.2329 0.0169 0.045 
1 0.8319 0.2239 0.0145 0.045 
1 0.8673 0.2374 0.0129 0.0432 
1 0.7281 0.42 0.0322 0.0737 
1 0.7936 0.4829 0.0394 0.1061 
1 0.8656 0.5234 0.0386 0.0935 
1 0.8781 0.4631 0.0298 0.0773 
1 0.8572 0.3525 0.0185 0.0576 
1 0.8705 0.3354 0.0193 0.0594 
1 0.8858 0.2833 0.0225 0.0558 
1 0.9006 0.268 0.0153 0.0396 
1 0.9075 0.2374 0.0193 0.0468 
1 0.936 0.2806 0.0153 0.0432 
1 0.9485 0.2572 0.0129 0.0396 
1 0.93 0.348 0.0193 0.0558 
1 0.9485 0.4029 0.0193 0.0612 
1 0.9525 0.4649 0.0241 0.0773 
1 0.9747 0.3876 0.0169 0.0522 
1 0.9638 0.3399 0.0161 0.0468 
1 0.9755 0.3219 0.0137 0.0432 
1 0.9859 0.295 0.0185 0.0468 
