1 0.0721 0.6216 0.0647 0.1159 
1 0.2199 0.5648 0.0456 0.0886 
1 0.2529 0.6193 0.0647 0.1114 
1 0.3066 0.5455 0.0515 0.0955 
1 0.2706 0.4977 0.0382 0.0682 
1 0.2471 0.5318 0.0382 0.0636 
1 0.3912 0.5227 0.0441 0.0682 
1 0.5206 0.5159 0.0353 0.0545 
1 0.539 0.5682 0.0426 0.0818 
1 0.5772 0.5841 0.0574 0.1045 
1 0.5169 0.4875 0.0309 0.0523 
1 0.5735 0.4886 0.0353 0.0591 
1 0.611 0.5023 0.0368 0.0727 
1 0.6662 0.5614 0.0471 0.0955 
1 0.7103 0.608 0.0559 0.1023 
1 0.7699 0.4943 0.0338 0.0614 
1 0.8603 0.5466 0.0412 0.0795 
1 0.8897 0.5011 0.0412 0.0795 
1 0.9757 0.5773 0.0485 0.1045 
1 0.9765 0.5216 0.0412 0.075 
