1 0.2211 0.3131 0.0262 0.0464 
1 0.1346 0.4485 0.0432 0.0773 
1 0.0936 0.5564 0.0729 0.1321 
1 0.0862 0.4562 0.0482 0.0863 
1 0.0235 0.4485 0.0386 0.0657 
1 0.0156 0.5087 0.0305 0.0754 
1 0.3081 0.4965 0.0606 0.105 
1 0.3721 0.5226 0.0799 0.1405 
1 0.3412 0.4311 0.0436 0.0722 
1 0.4797 0.4704 0.0529 0.0954 
1 0.5098 0.4884 0.0428 0.107 
1 0.5378 0.3734 0.0324 0.0612 
1 0.445 0.4655 0.0413 0.0844 
1 0.7693 0.528 0.064 0.1334 
1 0.8221 0.4871 0.0463 0.0863 
1 0.7469 0.4803 0.0509 0.0934 
1 0.951 0.5213 0.0602 0.1108 
1 0.9128 0.4771 0.0509 0.1205 
