1 0.0265 0.5202 0.049 0.1199 
1 0.0535 0.4828 0.041 0.078 
1 0.069 0.4385 0.03 0.0555 
1 0.1125 0.4243 0.039 0.06 
1 0.163 0.4595 0.046 0.0855 
1 0.2025 0.419 0.031 0.0495 
1 0.285 0.5525 0.078 0.1394 
1 0.261 0.4213 0.04 0.063 
1 0.276 0.3276 0.022 0.0345 
1 0.013 0.4198 0.024 0.054 
1 0.3325 0.413 0.035 0.0525 
1 0.373 0.3981 0.024 0.0525 
1 0.39 0.437 0.044 0.0705 
1 0.42 0.4723 0.052 0.084 
1 0.464 0.4048 0.032 0.051 
1 0.44 0.3936 0.024 0.0375 
1 0.4165 0.3906 0.019 0.0375 
1 0.5 0.413 0.026 0.0675 
1 0.582 0.3718 0.102 0.1769 
1 0.674 0.3171 0.026 0.0405 
1 0.6535 0.4228 0.025 0.054 
1 0.678 0.5082 0.062 0.093 
1 0.724 0.4543 0.046 0.057 
1 0.7085 0.4025 0.025 0.0435 
1 0.7775 0.4618 0.033 0.075 
1 0.785 0.4048 0.026 0.051 
1 0.8505 0.3973 0.029 0.054 
1 0.8825 0.4468 0.039 0.075 
1 0.856 0.458 0.03 0.0525 
1 0.863 0.6109 0.088 0.1784 
1 0.971 0.4483 0.042 0.081 
1 0.957 0.422 0.03 0.0615 
1 0.9305 0.4235 0.031 0.0585 
1 0.899 0.5532 0.048 0.1019 
