1 0.099 0.5941 0.0896 0.0867 
1 0.1828 0.5309 0.0427 0.0383 
1 0.2224 0.5094 0.0469 0.0375 
1 0.2667 0.5531 0.0667 0.0625 
1 0.3703 0.5617 0.0927 0.0656 
1 0.3875 0.6574 0.1208 0.1039 
1 0.5844 0.5848 0.0729 0.0648 
1 0.824 0.6512 0.1083 0.0945 
1 0.5115 0.548 0.0646 0.0523 
1 0.4823 0.5102 0.0375 0.0359 
1 0.4193 0.5113 0.0385 0.0383 
1 0.4552 0.4957 0.0333 0.0305 
1 0.426 0.4805 0.0292 0.0219 
1 0.4396 0.4645 0.0208 0.018 
1 0.4568 0.4625 0.0198 0.0172 
1 0.4922 0.4641 0.0281 0.0266 
1 0.5458 0.4609 0.025 0.0203 
1 0.5635 0.4742 0.0312 0.0234 
1 0.6464 0.4809 0.0302 0.0258 
1 0.6672 0.4918 0.0344 0.0258 
1 0.6937 0.4941 0.0292 0.0258 
1 0.6937 0.4684 0.0208 0.0164 
1 0.7188 0.4641 0.0229 0.0203 
1 0.7359 0.4707 0.0281 0.0195 
1 0.7729 0.502 0.0417 0.0414 
1 0.749 0.4996 0.0271 0.0273 
1 0.7958 0.4645 0.0333 0.0227 
1 0.7693 0.4664 0.0198 0.0187 
1 0.7786 0.4336 0.0177 0.0172 
1 0.8505 0.4906 0.0302 0.0297 
1 0.8427 0.5242 0.05 0.0453 
1 0.9047 0.5051 0.049 0.0367 
1 0.9182 0.4809 0.0365 0.0305 
1 0.8833 0.4785 0.0271 0.0258 
1 0.8422 0.4711 0.0281 0.0219 
1 0.826 0.4852 0.0312 0.0297 
1 0.4198 0.4367 0.0187 0.0141 
1 0.3828 0.4309 0.0198 0.0148 
1 0.3385 0.5086 0.0437 0.0328 
1 0.3688 0.4891 0.0271 0.0203 
1 0.3844 0.4746 0.025 0.0211 
1 0.3635 0.4691 0.0229 0.0211 
1 0.349 0.4676 0.0229 0.0164 
1 0.2536 0.4762 0.0365 0.032 
1 0.1354 0.4625 0.0229 0.0156 
1 0.1396 0.4266 0.0271 0.0234 
1 0.0938 0.4844 0.0375 0.0266 
1 0.1068 0.4625 0.026 0.0219 
1 0.1318 0.4879 0.0302 0.0242 
1 0.1594 0.4973 0.0354 0.0273 
1 0.1927 0.4914 0.025 0.0219 
1 0.1891 0.4684 0.0198 0.0195 
1 0.2156 0.473 0.0229 0.0211 
1 0.1599 0.4711 0.0198 0.0187 
1 0.0464 0.4801 0.0302 0.0211 
1 0.05 0.4652 0.0208 0.0164 
1 0.0703 0.4688 0.026 0.025 
1 0.0167 0.4887 0.0312 0.0461 
