1 0.122 0.3964 0.056 0.0901 
1 0.227 0.3438 0.046 0.0871 
1 0.278 0.3483 0.04 0.0721 
1 0.248 0.3153 0.028 0.0601 
1 0.169 0.3303 0.026 0.042 
1 0.131 0.3453 0.034 0.0541 
1 0.115 0.3258 0.03 0.0571 
1 0.043 0.3619 0.042 0.0691 
1 0.068 0.3363 0.028 0.0601 
1 0.013 0.3423 0.022 0.0661 
1 0.29 0.3078 0.024 0.045 
1 0.313 0.3318 0.03 0.0571 
1 0.327 0.3138 0.022 0.045 
1 0.369 0.3559 0.054 0.0991 
1 0.421 0.3108 0.026 0.0571 
1 0.393 0.3529 0.03 0.0751 
1 0.449 0.3514 0.038 0.0901 
1 0.504 0.3649 0.048 0.0811 
1 0.531 0.4204 0.066 0.1081 
1 0.574 0.3589 0.044 0.0751 
1 0.53 0.3393 0.028 0.0541 
1 0.541 0.3138 0.034 0.0511 
1 0.591 0.3123 0.03 0.048 
1 0.621 0.3228 0.038 0.0631 
1 0.656 0.3198 0.032 0.0631 
1 0.68 0.3213 0.04 0.0721 
1 0.726 0.3123 0.036 0.0661 
1 0.769 0.3183 0.026 0.048 
1 0.793 0.2477 0.054 0.0811 
1 0.861 0.3213 0.038 0.0721 
1 0.895 0.3303 0.034 0.0781 
1 0.941 0.3198 0.038 0.0811 
