1 0.1997 0.4107 0.0447 0.09 
1 0.2768 0.2636 0.0184 0.03 
1 0.2903 0.2543 0.0184 0.0343 
1 0.3227 0.2579 0.016 0.0414 
1 0.3438 0.2771 0.02 0.0429 
1 0.383 0.2679 0.0232 0.0443 
1 0.4105 0.2636 0.0224 0.05 
1 0.3095 0.2279 0.02 0.0357 
1 0.3331 0.2229 0.0176 0.0371 
1 0.4145 0.2214 0.0192 0.0457 
1 0.4349 0.2243 0.0184 0.0429 
1 0.512 0.2986 0.0224 0.0543 
1 0.4856 0.2293 0.0208 0.05 
1 0.4026 0.1914 0.0176 0.0371 
1 0.4233 0.1736 0.0176 0.0357 
1 0.4529 0.1443 0.0144 0.0343 
1 0.4704 0.1529 0.0144 0.0314 
1 0.502 0.1879 0.0152 0.0329 
1 0.5008 0.1264 0.0128 0.0271 
1 0.5196 0.1464 0.0152 0.0271 
1 0.5236 0.12 0.0152 0.0257 
1 0.5399 0.17 0.016 0.0314 
1 0.5483 0.1943 0.0152 0.0371 
1 0.5707 0.1671 0.02 0.0371 
1 0.5643 0.1314 0.0152 0.0314 
1 0.595 0.1457 0.0144 0.0343 
1 0.5938 0.1121 0.0136 0.0329 
1 0.6166 0.1493 0.0144 0.0329 
1 0.625 0.1307 0.0136 0.0329 
1 0.6486 0.1164 0.0128 0.0329 
1 0.6685 0.1186 0.0144 0.0314 
1 0.5527 0.3 0.0304 0.0571 
1 0.5763 0.2464 0.0216 0.0471 
1 0.6118 0.2507 0.024 0.0529 
1 0.631 0.205 0.0192 0.0443 
1 0.6546 0.1671 0.02 0.0429 
1 0.6701 0.1979 0.0192 0.0414 
1 0.6526 0.2657 0.0256 0.0486 
1 0.7033 0.31 0.0296 0.0657 
1 0.7204 0.2629 0.024 0.06 
1 0.7013 0.2314 0.0192 0.0486 
1 0.6801 0.1643 0.0168 0.0314 
1 0.7085 0.1829 0.0192 0.0371 
1 0.722 0.1507 0.0176 0.0443 
1 0.746 0.1921 0.0192 0.0471 
1 0.7496 0.2357 0.02 0.0486 
1 0.7492 0.3486 0.0335 0.0686 
1 0.8019 0.2936 0.0208 0.0614 
1 0.8215 0.2486 0.0216 0.0543 
1 0.8602 0.2921 0.0224 0.0643 
1 0.8726 0.25 0.0216 0.0543 
1 0.8826 0.2207 0.0176 0.05 
1 0.8894 0.1914 0.0168 0.04 
1 0.8802 0.1443 0.0144 0.0314 
1 0.9145 0.265 0.0192 0.0557 
1 0.7843 0.21 0.0176 0.0371 
1 0.7656 0.1793 0.0168 0.0386 
1 0.7684 0.1393 0.0144 0.0329 
1 0.7867 0.1464 0.0144 0.0357 
1 0.8071 0.1686 0.0168 0.0429 
1 0.8203 0.1521 0.016 0.0414 
1 0.8438 0.1814 0.0184 0.0429 
1 0.8335 0.1543 0.0136 0.0257 
