1 0.075 0.4486 0.0467 0.0752 
1 0.085 0.4236 0.0433 0.0702 
1 0.1617 0.4424 0.04 0.0627 
1 0.1233 0.505 0.05 0.0927 
1 0.1633 0.3897 0.04 0.0526 
1 0.2558 0.4173 0.0317 0.0526 
1 0.3567 0.4223 0.0333 0.0526 
1 0.4792 0.4348 0.0317 0.0476 
1 0.5108 0.4098 0.0283 0.0476 
1 0.48 0.3697 0.03 0.0576 
1 0.5642 0.4185 0.025 0.0451 
1 0.5808 0.4023 0.0317 0.0526 
1 0.6675 0.3872 0.035 0.0627 
1 0.7267 0.4311 0.03 0.0602 
1 0.7775 0.4248 0.0383 0.0727 
1 0.8267 0.4398 0.05 0.0777 
1 0.8792 0.4461 0.0517 0.0802 
1 0.9458 0.4311 0.0717 0.1003 
