1 0.2428 0.4101 0.0547 0.1166 
1 0.3028 0.2467 0.0225 0.0421 
1 0.3344 0.2122 0.0193 0.0421 
1 0.4051 0.2151 0.0193 0.044 
1 0.4228 0.1807 0.0182 0.0325 
1 0.4051 0.1673 0.015 0.0325 
1 0.4464 0.2161 0.0204 0.0459 
1 0.4748 0.2371 0.0257 0.0497 
1 0.4946 0.2925 0.0289 0.0574 
1 0.567 0.2897 0.03 0.0669 
1 0.5552 0.2581 0.0236 0.0382 
1 0.5531 0.1893 0.0193 0.0382 
1 0.4432 0.1511 0.0139 0.0268 
1 0.4561 0.1463 0.0118 0.0249 
1 0.4507 0.1797 0.0118 0.0306 
1 0.4845 0.175 0.015 0.0287 
1 0.4657 0.1855 0.0161 0.0268 
1 0.4812 0.153 0.0129 0.0229 
1 0.5107 0.1721 0.0182 0.0382 
1 0.5096 0.1444 0.0118 0.0287 
1 0.5338 0.1463 0.015 0.0287 
1 0.5429 0.1291 0.0118 0.0249 
1 0.5279 0.1281 0.0118 0.0229 
1 0.5589 0.153 0.0139 0.0306 
1 0.589 0.1549 0.0161 0.0344 
1 0.6222 0.1272 0.0139 0.0249 
1 0.6501 0.1453 0.0161 0.0306 
1 0.6736 0.0937 0.0161 0.0344 
1 0.6329 0.2094 0.0225 0.0516 
1 0.6163 0.2505 0.0257 0.0459 
1 0.6243 0.3002 0.0289 0.065 
1 0.6538 0.2878 0.0236 0.0516 
1 0.6635 0.2189 0.0171 0.044 
1 0.6602 0.1902 0.0193 0.0363 
1 0.7111 0.2438 0.0225 0.0554 
1 0.6929 0.1845 0.0225 0.0402 
1 0.7283 0.1883 0.0182 0.0363 
1 0.7331 0.1358 0.015 0.0344 
1 0.7492 0.1597 0.0171 0.0402 
1 0.7631 0.1883 0.0171 0.0402 
1 0.7835 0.1444 0.015 0.0363 
1 0.7808 0.2266 0.0225 0.0478 
1 0.8006 0.2036 0.0171 0.0363 
1 0.8081 0.1816 0.015 0.0344 
1 0.8274 0.1769 0.0193 0.0402 
1 0.8462 0.2036 0.0182 0.0402 
1 0.8623 0.195 0.0139 0.0344 
1 0.8205 0.2266 0.0204 0.044 
1 0.8119 0.2629 0.0225 0.0478 
1 0.8023 0.3002 0.0268 0.0574 
1 0.8467 0.3317 0.0257 0.0593 
1 0.8644 0.2983 0.0225 0.0497 
1 0.8794 0.2352 0.0204 0.0535 
1 0.888 0.2036 0.0139 0.0402 
1 0.8976 0.2008 0.0139 0.0382 
1 0.9234 0.2467 0.0182 0.0535 
1 0.9159 0.3011 0.0268 0.0631 
1 0.9025 0.3748 0.0236 0.0612 
1 0.9277 0.4417 0.0354 0.0765 
