1 0.2718 0.2243 0.0196 0.0366 
1 0.34 0.2347 0.0186 0.0366 
1 0.3646 0.2696 0.0265 0.0366 
1 0.4092 0.2749 0.0177 0.0366 
1 0.4284 0.2164 0.0147 0.0314 
1 0.4495 0.2182 0.0118 0.0349 
1 0.4833 0.2243 0.0226 0.0297 
1 0.3901 0.2251 0.0147 0.0279 
1 0.369 0.1963 0.0177 0.0401 
1 0.4014 0.1658 0.0157 0.0349 
1 0.4249 0.171 0.0157 0.0314 
1 0.4828 0.1606 0.0196 0.0279 
1 0.472 0.1353 0.0157 0.0332 
1 0.5167 0.1815 0.0167 0.0384 
1 0.5353 0.2007 0.0147 0.0384 
1 0.5746 0.2775 0.0265 0.0524 
1 0.5819 0.2391 0.0216 0.0279 
1 0.629 0.2024 0.0177 0.0314 
1 0.6816 0.2609 0.0265 0.0401 
1 0.6771 0.2199 0.0177 0.0314 
1 0.7223 0.2426 0.0137 0.0384 
1 0.712 0.1867 0.0167 0.0314 
1 0.686 0.1204 0.0137 0.0279 
1 0.7149 0.1099 0.0167 0.0384 
1 0.6712 0.1091 0.0137 0.0262 
1 0.5824 0.1187 0.0108 0.0314 
1 0.5191 0.1291 0.0177 0.0279 
1 0.7375 0.2627 0.0186 0.0471 
1 0.765 0.2932 0.0245 0.0628 
1 0.8214 0.2984 0.0275 0.0558 
1 0.9038 0.3421 0.0236 0.0593 
1 0.8675 0.2688 0.0177 0.0454 
1 0.843 0.2365 0.0177 0.0366 
1 0.7905 0.2243 0.0226 0.0366 
1 0.7414 0.2016 0.0167 0.0297 
1 0.761 0.1745 0.0108 0.0244 
1 0.7969 0.1597 0.0118 0.0262 
1 0.7861 0.1405 0.0098 0.0262 
1 0.8165 0.1422 0.0098 0.0332 
1 0.8449 0.1553 0.0157 0.0314 
1 0.9078 0.2086 0.0157 0.0297 
1 0.8935 0.1527 0.0128 0.0262 
1 0.9151 0.1562 0.0108 0.0297 
1 0.9347 0.233 0.0128 0.0332 
1 0.9347 0.3072 0.0186 0.0384 
1 0.9132 0.2609 0.0167 0.0401 
1 0.5829 0.1754 0.0118 0.0297 
1 0.6158 0.1702 0.0147 0.0297 
1 0.7257 0.1501 0.0147 0.0314 
1 0.6148 0.2967 0.0383 0.0628 
1 0.606 0.1213 0.0108 0.0192 
1 0.6075 0.1012 0.0137 0.0175 
1 0.6251 0.1195 0.0098 0.0192 
1 0.6546 0.1161 0.0098 0.0227 
1 0.8592 0.1553 0.0108 0.0314 
1 0.8474 0.2051 0.0186 0.0297 
1 0.9563 0.2147 0.0167 0.0279 
1 0.8641 0.1815 0.0147 0.0349 
1 0.9553 0.1806 0.0167 0.0366 
1 0.657 0.1422 0.0147 0.0366 
1 0.631 0.137 0.0137 0.0297 
1 0.5319 0.144 0.0177 0.0297 
1 0.4701 0.1998 0.0157 0.0332 
1 0.4279 0.1492 0.0137 0.0262 
1 0.498 0.1283 0.0147 0.0192 
1 0.4985 0.1483 0.0137 0.0279 
1 0.3857 0.192 0.0157 0.0419 
