1 0.0682 0.5348 0.0529 0.1144 
1 0.2535 0.2761 0.0186 0.0282 
1 0.2758 0.262 0.0167 0.0332 
1 0.2976 0.2579 0.0195 0.0381 
1 0.3166 0.2728 0.0204 0.0348 
1 0.3375 0.2645 0.0195 0.0348 
1 0.3124 0.2313 0.0139 0.0249 
1 0.3422 0.2214 0.0158 0.0315 
1 0.3654 0.2139 0.0158 0.0332 
1 0.3784 0.2106 0.0158 0.0365 
1 0.3877 0.1982 0.0139 0.0249 
1 0.4044 0.2836 0.0232 0.0431 
1 0.4058 0.1716 0.013 0.0249 
1 0.429 0.1683 0.0149 0.0315 
1 0.4253 0.2164 0.013 0.0282 
1 0.4415 0.2214 0.0158 0.0348 
1 0.4675 0.2347 0.0232 0.0448 
1 0.4601 0.1965 0.0158 0.0282 
1 0.454 0.1683 0.013 0.0216 
1 0.4712 0.1493 0.0139 0.0232 
1 0.4503 0.1376 0.0074 0.0133 
1 0.481 0.1376 0.0111 0.0232 
1 0.5009 0.1708 0.0139 0.0265 
1 0.4754 0.1667 0.0149 0.0249 
1 0.5135 0.1915 0.0186 0.0348 
1 0.4861 0.296 0.0269 0.0481 
1 0.539 0.1957 0.0158 0.0332 
1 0.5474 0.165 0.0176 0.0381 
1 0.5659 0.1633 0.0139 0.0348 
1 0.533 0.1327 0.013 0.0265 
1 0.5534 0.1194 0.0111 0.0299 
1 0.5794 0.1235 0.013 0.0216 
1 0.5738 0.1451 0.0167 0.0315 
1 0.6175 0.1385 0.013 0.0282 
1 0.6003 0.0987 0.0121 0.0216 
1 0.6188 0.1003 0.0102 0.0216 
1 0.63 0.1211 0.0121 0.0232 
1 0.6356 0.102 0.0121 0.0216 
1 0.6681 0.1219 0.0139 0.0282 
1 0.6866 0.0978 0.0139 0.0299 
1 0.5492 0.291 0.0251 0.0514 
1 0.5669 0.2454 0.0214 0.0365 
1 0.5557 0.2255 0.0176 0.0265 
1 0.6049 0.2048 0.0195 0.0415 
1 0.6054 0.2471 0.0204 0.0398 
1 0.6003 0.3226 0.0251 0.0481 
1 0.6704 0.3333 0.026 0.0663 
1 0.6546 0.2521 0.0223 0.0464 
1 0.7149 0.2786 0.0241 0.0498 
1 0.7739 0.2919 0.0232 0.0498 
1 0.7572 0.2255 0.0214 0.0431 
1 0.7024 0.2231 0.0214 0.0415 
1 0.6597 0.2048 0.0195 0.0448 
1 0.6546 0.17 0.0186 0.0448 
1 0.688 0.1758 0.0167 0.0365 
1 0.6894 0.1443 0.0139 0.0299 
1 0.6978 0.136 0.0158 0.0332 
1 0.7293 0.1227 0.0121 0.0332 
1 0.7465 0.1078 0.0111 0.0232 
1 0.7461 0.1343 0.0158 0.0332 
1 0.7581 0.1294 0.0139 0.0332 
1 0.7591 0.16 0.0158 0.0315 
1 0.7396 0.1824 0.0195 0.0365 
1 0.7892 0.1177 0.0111 0.0199 
1 0.7953 0.1352 0.0139 0.0315 
1 0.805 0.1294 0.013 0.0265 
1 0.7939 0.1833 0.0149 0.0282 
1 0.8064 0.1675 0.0139 0.0265 
1 0.824 0.1418 0.0158 0.0348 
1 0.8417 0.1484 0.0139 0.0315 
1 0.8398 0.1866 0.0158 0.0315 
1 0.8217 0.1857 0.0149 0.0232 
1 0.8589 0.1517 0.013 0.0282 
1 0.8626 0.1294 0.013 0.0265 
1 0.8983 0.136 0.0121 0.0299 
1 0.8849 0.1625 0.0149 0.0332 
1 0.877 0.1857 0.0158 0.0299 
1 0.8644 0.2231 0.0186 0.0448 
1 0.9127 0.291 0.0204 0.0481 
1 0.9188 0.1891 0.0158 0.0365 
1 0.9248 0.1609 0.0149 0.0299 
