1 0.023 0.6094 0.042 0.1125 
1 0.028 0.55 0.044 0.0813 
1 0.084 0.525 0.04 0.0688 
1 0.183 0.6375 0.066 0.1 
1 0.176 0.5703 0.072 0.1031 
1 0.284 0.6297 0.164 0.2531 
1 0.221 0.8828 0.134 0.2344 
1 0.283 0.3547 0.038 0.0656 
1 0.368 0.3688 0.044 0.075 
1 0.417 0.6594 0.118 0.1812 
1 0.484 0.5828 0.06 0.1344 
1 0.434 0.5969 0.064 0.1125 
1 0.545 0.5797 0.05 0.1094 
1 0.635 0.7203 0.162 0.2281 
1 0.645 0.5516 0.066 0.1094 
1 0.659 0.4578 0.034 0.0656 
1 0.749 0.5422 0.046 0.0781 
1 0.776 0.6578 0.064 0.1219 
1 0.855 0.7109 0.098 0.1969 
1 0.825 0.4609 0.03 0.0719 
1 0.914 0.5719 0.052 0.1187 
1 0.888 0.5859 0.064 0.1156 
