1 0.78 0.2291 0.304 0.4302 
1 0.457 0.4916 0.094 0.1453 
1 0.291 0.581 0.118 0.1899 
1 0.116 0.4483 0.084 0.1201 
1 0.028 0.3855 0.052 0.1006 
1 0.071 0.3142 0.054 0.0754 
1 0.149 0.3338 0.058 0.081 
1 0.188 0.3156 0.044 0.0782 
1 0.274 0.3966 0.064 0.1061 
1 0.274 0.3324 0.044 0.0782 
1 0.26 0.2947 0.04 0.0587 
1 0.36 0.3142 0.044 0.0698 
1 0.375 0.3869 0.062 0.0978 
1 0.368 0.2598 0.032 0.0503 
1 0.413 0.2793 0.034 0.0615 
1 0.444 0.2598 0.028 0.0559 
1 0.487 0.3645 0.05 0.081 
1 0.498 0.2709 0.036 0.0615 
1 0.602 0.2849 0.036 0.067 
