1 0.1742 0.2812 0.3203 0.5576 
1 0.368 0.2718 0.0484 0.0682 
1 0.4328 0.3588 0.025 0.0353 
1 0.4195 0.3306 0.0266 0.04 
1 0.5078 0.2988 0.0219 0.0376 
1 0.5516 0.3118 0.025 0.0494 
1 0.568 0.2553 0.0203 0.04 
1 0.6328 0.2941 0.0187 0.0235 
1 0.657 0.2953 0.0172 0.0353 
1 0.7125 0.2353 0.0219 0.0376 
1 0.7281 0.2612 0.025 0.0376 
1 0.7766 0.2424 0.025 0.0376 
1 0.8289 0.2694 0.0266 0.04 
1 0.9422 0.3965 0.05 0.0776 
1 0.9516 0.3529 0.0437 0.0471 
1 0.9367 0.3082 0.0234 0.0424 
1 0.9664 0.2835 0.0172 0.04 
1 0.918 0.2824 0.0203 0.0329 
1 0.8938 0.2776 0.0156 0.0282 
