1 0.1064 0.626 0.0527 0.0849 
1 0.1491 0.6562 0.0545 0.0959 
1 0.1918 0.7151 0.1 0.137 
1 0.3073 0.8 0.1018 0.1534 
1 0.2464 0.5836 0.0455 0.0603 
1 0.3464 0.574 0.0345 0.0466 
1 0.4 0.5575 0.0255 0.0466 
1 0.4355 0.5548 0.0273 0.0466 
1 0.4636 0.6712 0.0473 0.0767 
1 0.4709 0.6055 0.0327 0.0493 
1 0.52 0.6027 0.0327 0.0548 
1 0.5136 0.5712 0.0273 0.0466 
1 0.5491 0.5082 0.0218 0.0411 
1 0.5645 0.5836 0.0309 0.0548 
1 0.5973 0.5795 0.0309 0.0411 
1 0.6473 0.6616 0.0509 0.0795 
1 0.7 0.8438 0.1382 0.2466 
1 0.8273 0.6836 0.0836 0.1288 
1 0.6945 0.611 0.0364 0.0712 
1 0.7318 0.5822 0.0309 0.0466 
