1 0.0667 0.525 0.0333 0.05 
1 0.0583 0.48 0.0267 0.045 
1 0.1025 0.34 0.0317 0.05 
1 0.1375 0.4775 0.0317 0.055 
1 0.18 0.46 0.0333 0.05 
1 0.1908 0.4375 0.025 0.04 
1 0.1975 0.5012 0.035 0.0525 
1 0.2258 0.4238 0.025 0.0375 
1 0.245 0.4738 0.0267 0.0575 
1 0.275 0.4825 0.03 0.05 
1 0.3075 0.5563 0.0517 0.0775 
1 0.3275 0.5125 0.0383 0.075 
1 0.3183 0.45 0.0333 0.04 
1 0.3117 0.35 0.0233 0.035 
1 0.39 0.4763 0.03 0.0525 
1 0.3792 0.4375 0.025 0.04 
1 0.3975 0.4387 0.0217 0.0475 
1 0.46 0.4313 0.0233 0.0375 
1 0.4667 0.4512 0.0267 0.0475 
1 0.47 0.4963 0.0433 0.0625 
1 0.495 0.545 0.06 0.09 
1 0.51 0.4338 0.0233 0.0325 
1 0.5025 0.415 0.0183 0.025 
1 0.5633 0.4313 0.02 0.0375 
1 0.5825 0.5112 0.0483 0.0825 
1 0.5817 0.3575 0.0267 0.035 
1 0.6092 0.4125 0.025 0.04 
1 0.6567 0.4313 0.0267 0.0425 
1 0.6858 0.335 0.0217 0.04 
1 0.72 0.4925 0.04 0.075 
1 0.7067 0.4675 0.0333 0.055 
1 0.7617 0.4637 0.03 0.0575 
1 0.7975 0.4863 0.035 0.0575 
1 0.84 0.465 0.03 0.06 
1 0.8533 0.4363 0.02 0.0425 
1 0.915 0.4525 0.0333 0.055 
1 0.9517 0.4387 0.03 0.0525 
