1 0.0207 0.3907 0.0255 0.0395 
1 0.2629 0.2687 0.0167 0.0381 
1 0.2792 0.2645 0.0223 0.0437 
1 0.3039 0.2659 0.0191 0.0353 
1 0.3226 0.28 0.0247 0.0381 
1 0.3377 0.2137 0.0167 0.0268 
1 0.3445 0.2221 0.0175 0.0409 
1 0.391 0.2525 0.0215 0.0423 
1 0.4208 0.2722 0.0239 0.048 
1 0.4073 0.2243 0.0191 0.0395 
1 0.3966 0.1876 0.0151 0.0254 
1 0.4117 0.1784 0.0135 0.0212 
1 0.4264 0.1798 0.0159 0.0296 
1 0.4372 0.1622 0.0167 0.0254 
1 0.4662 0.1425 0.0127 0.0254 
1 0.467 0.1587 0.0175 0.0296 
1 0.4889 0.1368 0.0119 0.0254 
1 0.4968 0.1319 0.0135 0.024 
1 0.5187 0.1417 0.0127 0.0296 
1 0.5235 0.1333 0.0127 0.024 
1 0.5493 0.1474 0.0151 0.0353 
1 0.5883 0.115 0.0135 0.0296 
1 0.646 0.1164 0.0143 0.0268 
1 0.6659 0.1142 0.0127 0.0254 
1 0.6209 0.146 0.0167 0.0296 
1 0.6488 0.1664 0.0199 0.0395 
1 0.5867 0.1657 0.0167 0.0296 
1 0.5648 0.1622 0.0127 0.0254 
1 0.5469 0.1918 0.0167 0.0367 
1 0.5068 0.1897 0.0191 0.0324 
1 0.4813 0.1932 0.0159 0.0254 
1 0.4737 0.2306 0.0199 0.0409 
1 0.4475 0.2236 0.0199 0.0324 
1 0.7661 0.1227 0.0127 0.0254 
1 0.7482 0.1453 0.0151 0.031 
1 0.7347 0.1573 0.0135 0.024 
1 0.7021 0.158 0.0151 0.0282 
1 0.7104 0.1728 0.0175 0.0381 
1 0.7395 0.1897 0.0183 0.0381 
1 0.7629 0.1657 0.0191 0.0296 
1 0.8035 0.1382 0.0159 0.031 
1 0.8107 0.1728 0.0175 0.0381 
1 0.827 0.1587 0.0151 0.0381 
1 0.8381 0.1481 0.0135 0.0339 
1 0.8671 0.1425 0.0159 0.0282 
1 0.8433 0.1848 0.0175 0.0339 
1 0.8711 0.2073 0.0159 0.0395 
1 0.8842 0.201 0.0119 0.0324 
1 0.8226 0.2123 0.0159 0.0353 
1 0.8333 0.2327 0.0199 0.0423 
1 0.8719 0.2468 0.0191 0.0395 
1 0.9077 0.2701 0.0207 0.0522 
1 0.8683 0.3018 0.0215 0.0451 
1 0.7872 0.2913 0.0231 0.0663 
1 0.7804 0.2102 0.0191 0.0423 
1 0.7562 0.2285 0.0215 0.0423 
1 0.7112 0.2172 0.0207 0.0367 
1 0.6531 0.2186 0.0223 0.0339 
1 0.611 0.2073 0.0223 0.0395 
1 0.609 0.2412 0.0231 0.0451 
1 0.6551 0.2574 0.0231 0.0465 
1 0.7037 0.3082 0.0278 0.0635 
1 0.7172 0.2863 0.0247 0.0564 
1 0.7411 0.3625 0.0326 0.0649 
1 0.564 0.2504 0.0191 0.0465 
1 0.5477 0.3032 0.0263 0.0508 
1 0.5024 0.3011 0.0231 0.0465 
1 0.6603 0.3561 0.043 0.0832 
