1 0.1529 0.355 0.0307 0.0667 
1 0.1724 0.3533 0.04 0.0867 
1 0.2598 0.29 0.0195 0.0367 
1 0.2946 0.2725 0.0204 0.035 
1 0.3216 0.2467 0.0186 0.0367 
1 0.3276 0.2258 0.0121 0.025 
1 0.3443 0.2208 0.0158 0.035 
1 0.3652 0.2517 0.0167 0.04 
1 0.3606 0.2242 0.0112 0.0283 
1 0.3769 0.2342 0.0158 0.0317 
1 0.3843 0.2025 0.0177 0.0383 
1 0.4094 0.1733 0.0121 0.03 
1 0.4229 0.1908 0.0242 0.035 
1 0.4266 0.225 0.0186 0.0367 
1 0.4521 0.2258 0.0177 0.0317 
1 0.4665 0.2567 0.0316 0.0467 
1 0.448 0.1908 0.0167 0.0383 
1 0.4549 0.1742 0.0139 0.0283 
1 0.4703 0.1925 0.0149 0.0317 
1 0.4675 0.1608 0.0149 0.025 
1 0.4847 0.1667 0.0195 0.0333 
1 0.4865 0.1933 0.0214 0.0333 
1 0.5177 0.2133 0.0204 0.04 
1 0.4856 0.1292 0.0121 0.025 
1 0.5311 0.1383 0.0102 0.0333 
1 0.5437 0.1667 0.0167 0.03 
1 0.5451 0.1392 0.0139 0.0317 
1 0.5637 0.1433 0.0121 0.0333 
1 0.566 0.1867 0.0186 0.0367 
1 0.5743 0.1625 0.0149 0.025 
1 0.6129 0.1517 0.0177 0.0333 
1 0.5957 0.1108 0.0149 0.0317 
1 0.6352 0.1042 0.0139 0.0317 
1 0.6436 0.0975 0.0102 0.025 
1 0.6236 0.0608 0.0149 0.025 
1 0.6743 0.0658 0.0158 0.0283 
1 0.6998 0.06 0.0149 0.03 
1 0.5641 0.2533 0.0242 0.05 
1 0.5325 0.3575 0.0372 0.0583 
1 0.4856 0.3042 0.0251 0.055 
1 0.592 0.355 0.026 0.0633 
1 0.6682 0.3617 0.0297 0.0733 
1 0.6575 0.2958 0.0288 0.0517 
1 0.6004 0.2708 0.026 0.0483 
1 0.6227 0.215 0.026 0.0467 
1 0.651 0.18 0.0232 0.0367 
1 0.664 0.2158 0.0214 0.0483 
1 0.6882 0.225 0.027 0.0567 
1 0.6868 0.1925 0.0223 0.0383 
1 0.6877 0.1567 0.0167 0.0333 
1 0.7193 0.1675 0.0167 0.0283 
1 0.7203 0.1425 0.0149 0.0317 
1 0.744 0.1525 0.0158 0.035 
1 0.7435 0.1792 0.0186 0.0417 
1 0.7356 0.2033 0.0251 0.0433 
1 0.7444 0.26 0.0279 0.0633 
1 0.717 0.2917 0.0288 0.06 
1 0.7849 0.3175 0.027 0.0583 
1 0.8044 0.2425 0.0232 0.0517 
1 0.7849 0.1917 0.0195 0.0367 
1 0.7821 0.1283 0.0158 0.0333 
1 0.7937 0.1483 0.0167 0.0333 
1 0.8174 0.17 0.0158 0.0367 
1 0.8295 0.1492 0.0158 0.0383 
1 0.842 0.1683 0.0186 0.04 
1 0.8504 0.145 0.0149 0.03 
1 0.8573 0.1283 0.0121 0.03 
1 0.8903 0.1975 0.0186 0.0417 
1 0.8666 0.2408 0.0195 0.0517 
1 0.9071 0.29 0.026 0.0533 
1 0.9205 0.2025 0.0139 0.035 
1 0.9243 0.1625 0.0139 0.0317 
1 0.8857 0.1558 0.013 0.0317 
1 0.8941 0.1442 0.0167 0.0283 
