1 0.073 0.4381 0.0468 0.0974 
1 0.2514 0.2789 0.0159 0.033 
1 0.2921 0.2706 0.0187 0.0429 
1 0.3029 0.255 0.0178 0.0413 
1 0.3193 0.2129 0.0169 0.033 
1 0.3315 0.2401 0.0225 0.0479 
1 0.3483 0.2682 0.0169 0.0347 
1 0.3352 0.283 0.015 0.0347 
1 0.4298 0.2607 0.0262 0.0495 
1 0.3507 0.2112 0.0159 0.0363 
1 0.3694 0.2112 0.0159 0.0363 
1 0.3797 0.2137 0.0159 0.0347 
1 0.4003 0.2021 0.0159 0.0347 
1 0.427 0.2087 0.0169 0.0347 
1 0.4106 0.1675 0.0178 0.0281 
1 0.4293 0.1799 0.0159 0.0363 
1 0.4588 0.2129 0.0169 0.0363 
1 0.4415 0.1964 0.0178 0.033 
1 0.4588 0.1634 0.015 0.0297 
1 0.4677 0.1856 0.0178 0.0347 
1 0.4925 0.2195 0.0281 0.0429 
1 0.5183 0.2046 0.0197 0.0429 
1 0.4822 0.1601 0.0131 0.0264 
1 0.4527 0.1411 0.0122 0.0281 
1 0.4696 0.1485 0.0122 0.0264 
1 0.4874 0.1304 0.0122 0.0231 
1 0.5169 0.1526 0.015 0.0314 
1 0.5529 0.1485 0.0178 0.0363 
1 0.5351 0.1337 0.014 0.0363 
1 0.5585 0.1097 0.0122 0.0215 
1 0.5721 0.1774 0.0187 0.0314 
1 0.5787 0.1526 0.0187 0.0314 
1 0.5913 0.118 0.014 0.0248 
1 0.589 0.0974 0.015 0.0198 
1 0.6222 0.1312 0.014 0.0314 
1 0.6264 0.0957 0.0112 0.0264 
1 0.6428 0.099 0.0122 0.0264 
1 0.6568 0.1147 0.0159 0.0347 
1 0.6737 0.1114 0.0197 0.0347 
1 0.6952 0.0932 0.0159 0.0347 
1 0.4892 0.2979 0.0272 0.0545 
1 0.5463 0.2979 0.0309 0.0578 
1 0.611 0.3218 0.0365 0.0693 
1 0.566 0.2483 0.0215 0.0512 
1 0.6133 0.2541 0.0243 0.0528 
1 0.6096 0.1931 0.0243 0.0462 
1 0.654 0.1964 0.0234 0.0462 
1 0.6596 0.1675 0.0215 0.0347 
1 0.6943 0.1716 0.0197 0.0396 
1 0.6915 0.1403 0.0159 0.0297 
1 0.7069 0.1353 0.0169 0.0297 
1 0.6994 0.217 0.0206 0.0446 
1 0.6728 0.2384 0.0234 0.0479 
1 0.6742 0.3201 0.0375 0.0759 
1 0.7168 0.2706 0.0346 0.0627 
1 0.7317 0.1559 0.0197 0.038 
1 0.7439 0.1312 0.0159 0.0314 
1 0.7434 0.1139 0.015 0.0231 
1 0.7711 0.1246 0.0122 0.0281 
1 0.7467 0.1972 0.0197 0.0413 
1 0.7683 0.2203 0.0215 0.0578 
1 0.7547 0.1642 0.0169 0.0413 
1 0.7935 0.2954 0.029 0.0693 
1 0.8104 0.236 0.0215 0.0594 
1 0.7992 0.1708 0.0215 0.0446 
1 0.7935 0.132 0.014 0.033 
1 0.7851 0.1172 0.014 0.0297 
1 0.8043 0.1213 0.0131 0.0281 
1 0.8235 0.1386 0.0159 0.033 
1 0.8502 0.1815 0.0187 0.0429 
1 0.8511 0.1485 0.0187 0.0396 
1 0.8713 0.2219 0.0159 0.0512 
1 0.9007 0.2013 0.0206 0.0396 
1 0.9284 0.1955 0.0178 0.0413 
1 0.9312 0.1551 0.0178 0.033 
1 0.8984 0.1411 0.0122 0.0281 
1 0.8909 0.1584 0.014 0.033 
1 0.883 0.1394 0.015 0.0281 
