1 0.192 0.4425 0.0422 0.0835 
1 0.307 0.2365 0.0211 0.0353 
1 0.3434 0.2069 0.02 0.0315 
1 0.4082 0.218 0.0169 0.0278 
1 0.4425 0.2375 0.02 0.0334 
1 0.4831 0.2291 0.0211 0.0427 
1 0.4146 0.1846 0.0169 0.0278 
1 0.442 0.1929 0.0169 0.0334 
1 0.4204 0.154 0.0179 0.0297 
1 0.4241 0.1141 0.0169 0.0278 
1 0.4684 0.1429 0.0127 0.026 
1 0.48 0.1772 0.0148 0.0315 
1 0.4873 0.1484 0.0127 0.0223 
1 0.5069 0.1494 0.0137 0.0278 
1 0.5158 0.1456 0.0084 0.0241 
1 0.5253 0.1484 0.0148 0.0334 
1 0.5432 0.1401 0.0148 0.0278 
1 0.5622 0.1521 0.0148 0.0297 
1 0.5454 0.1735 0.0169 0.0315 
1 0.558 0.1929 0.0148 0.0334 
1 0.5649 0.256 0.0264 0.0482 
1 0.4984 0.2783 0.0264 0.0445 
1 0.5986 0.1466 0.0179 0.0334 
1 0.6261 0.1336 0.0158 0.0297 
1 0.5744 0.2904 0.0285 0.0649 
1 0.6355 0.2032 0.0222 0.0501 
1 0.6145 0.2783 0.0243 0.0631 
1 0.6261 0.2987 0.0285 0.0705 
1 0.6714 0.2913 0.0264 0.0519 
1 0.6741 0.3321 0.0316 0.0668 
1 0.6635 0.1892 0.019 0.0408 
1 0.673 0.2143 0.0169 0.0464 
1 0.7078 0.2004 0.019 0.0408 
1 0.7046 0.1744 0.019 0.0371 
1 0.7247 0.1586 0.0148 0.0353 
1 0.7389 0.1902 0.0158 0.0315 
1 0.7231 0.231 0.0222 0.0501 
1 0.808 0.2078 0.019 0.0482 
1 0.837 0.2273 0.0179 0.0427 
1 0.8149 0.2551 0.0179 0.0501 
1 0.8027 0.295 0.0211 0.0631 
1 0.8713 0.2968 0.0169 0.0482 
1 0.8687 0.3228 0.02 0.0557 
1 0.9024 0.3321 0.0243 0.0705 
1 0.8961 0.4193 0.0306 0.0853 
1 0.9309 0.2458 0.0179 0.0464 
1 0.904 0.1067 0.0127 0.0278 
1 0.9219 0.1197 0.0169 0.0353 
1 0.9726 0.1178 0.0127 0.0315 
1 0.9731 0.1577 0.0158 0.0334 
