1 0.2727 0.4653 0.076 0.1514 
1 0.5281 0.3164 0.038 0.072 
1 0.6 0.2705 0.0397 0.0695 
1 0.5603 0.206 0.0364 0.0496 
1 0.6488 0.1824 0.0413 0.0769 
1 0.7182 0.0844 0.0347 0.0645 
1 0.762 0.0484 0.0364 0.062 
1 0.7934 0.1042 0.0264 0.0496 
1 0.8529 0.0261 0.0264 0.0471 
1 0.8868 0.0819 0.0347 0.0744 
1 0.9298 0.0744 0.0347 0.0596 
1 0.9669 0.1911 0.0298 0.0596 
1 0.9893 0.0744 0.0215 0.0496 
1 0.8017 0.2022 0.0331 0.072 
1 0.776 0.273 0.0314 0.0695 
1 0.762 0.4082 0.0463 0.072 
1 0.7636 0.5273 0.0562 0.0819 
1 0.5893 0.4429 0.0413 0.072 
1 0.9372 0.4963 0.0463 0.0744 
1 0.9083 0.4069 0.0413 0.0794 
1 0.9488 0.3213 0.0264 0.072 
1 0.9893 0.2531 0.0215 0.0546 
