1 0.137 0.8313 0.102 0.1867 
1 0.138 0.7093 0.056 0.0813 
1 0.028 0.75 0.052 0.1325 
1 0.055 0.6611 0.034 0.0512 
1 0.035 0.616 0.026 0.0392 
1 0.015 0.6235 0.026 0.0361 
1 0.015 0.5964 0.026 0.0361 
1 0.054 0.6009 0.024 0.0392 
1 0.045 0.5828 0.014 0.0271 
1 0.084 0.5858 0.02 0.0271 
1 0.094 0.5964 0.024 0.0301 
1 0.109 0.631 0.026 0.0452 
1 0.122 0.5783 0.02 0.0301 
1 0.149 0.631 0.022 0.0331 
1 0.16 0.616 0.02 0.0331 
1 0.143 0.5964 0.014 0.0241 
1 0.157 0.5753 0.022 0.0361 
1 0.187 0.5873 0.022 0.0361 
1 0.191 0.7184 0.054 0.0994 
1 0.266 0.7319 0.052 0.0904 
1 0.263 0.6702 0.038 0.0452 
1 0.299 0.6446 0.03 0.0482 
1 0.298 0.5994 0.02 0.0361 
1 0.345 0.6672 0.034 0.0512 
1 0.344 0.6099 0.024 0.0392 
1 0.388 0.6657 0.048 0.0723 
1 0.379 0.7395 0.062 0.1114 
1 0.391 0.8524 0.094 0.1446 
1 0.486 0.9217 0.208 0.1566 
1 0.606 0.7952 0.092 0.1807 
1 0.527 0.756 0.078 0.1506 
1 0.506 0.6867 0.04 0.0783 
1 0.509 0.6386 0.038 0.0542 
1 0.462 0.6401 0.032 0.0512 
1 0.44 0.6069 0.024 0.0271 
1 0.449 0.494 0.018 0.0241 
1 0.822 0.9006 0.156 0.1988 
1 0.793 0.738 0.098 0.1627 
1 0.718 0.6431 0.04 0.0693 
1 0.655 0.7289 0.054 0.1145 
1 0.598 0.7063 0.052 0.0693 
1 0.551 0.6702 0.034 0.0572 
1 0.592 0.6416 0.028 0.0542 
1 0.622 0.6521 0.024 0.0452 
1 0.648 0.6581 0.028 0.0452 
1 0.819 0.628 0.038 0.0693 
