1 0.1735 0.4915 0.0468 0.0853 
1 0.2792 0.2696 0.0205 0.041 
1 0.3621 0.2014 0.0185 0.041 
1 0.4098 0.2261 0.0224 0.0392 
1 0.384 0.2611 0.0273 0.0512 
1 0.4576 0.2261 0.0263 0.0427 
1 0.4215 0.1672 0.0146 0.0273 
1 0.5161 0.1323 0.0146 0.0324 
1 0.5424 0.1331 0.0166 0.0273 
1 0.5658 0.1109 0.0127 0.0273 
1 0.5697 0.1374 0.0107 0.029 
1 0.5858 0.1271 0.0136 0.029 
1 0.5658 0.1877 0.0185 0.0341 
1 0.6165 0.1587 0.0146 0.0375 
1 0.6584 0.1152 0.0146 0.0358 
1 0.7037 0.0973 0.0156 0.0307 
1 0.7247 0.087 0.0146 0.0341 
1 0.7042 0.1604 0.0205 0.0478 
1 0.693 0.1664 0.0175 0.0427 
1 0.6589 0.1809 0.0195 0.041 
1 0.6608 0.227 0.0253 0.0546 
1 0.6116 0.2645 0.0322 0.0512 
1 0.5526 0.256 0.0253 0.0512 
1 0.5453 0.337 0.0263 0.0597 
1 0.4898 0.3174 0.0302 0.0614 
1 0.6584 0.3328 0.0361 0.0751 
1 0.7198 0.2816 0.0263 0.0648 
1 0.7456 0.1425 0.0253 0.0495 
1 0.7685 0.2278 0.0244 0.0529 
1 0.7739 0.2875 0.0273 0.0631 
1 0.7558 0.3285 0.0283 0.0836 
1 0.7958 0.3754 0.0439 0.0819 
1 0.8928 0.372 0.0409 0.0785 
1 0.8918 0.3234 0.0331 0.0631 
1 0.8392 0.2961 0.0273 0.0631 
1 0.8138 0.2423 0.0273 0.0512 
1 0.808 0.1297 0.0156 0.0341 
1 0.8324 0.1451 0.0117 0.0307 
1 0.8421 0.1263 0.0136 0.0273 
1 0.866 0.1416 0.0146 0.0307 
1 0.905 0.1493 0.0146 0.0324 
1 0.9298 0.163 0.0136 0.0256 
