1 0.8293 0.3659 0.0497 0.1006 
1 0.8751 0.2663 0.0221 0.0552 
1 0.7028 0.2367 0.0243 0.0394 
1 0.6669 0.2258 0.0254 0.0414 
1 0.6304 0.211 0.0232 0.0434 
1 0.5801 0.2347 0.0243 0.0473 
1 0.5365 0.213 0.0254 0.0394 
1 0.4547 0.2308 0.021 0.0434 
1 0.3674 0.1913 0.0166 0.0355 
1 0.326 0.1982 0.0199 0.0335 
1 0.395 0.1706 0.0144 0.0335 
1 0.4116 0.1765 0.0166 0.0335 
1 0.4398 0.1598 0.0155 0.0355 
1 0.4381 0.1371 0.0144 0.0256 
1 0.4591 0.1627 0.0166 0.0375 
1 0.4652 0.1331 0.0177 0.0256 
1 0.4768 0.1588 0.021 0.0375 
1 0.4989 0.1223 0.0144 0.0355 
1 0.5 0.1893 0.0232 0.0434 
1 0.5227 0.1746 0.0199 0.0414 
1 0.4983 0.1588 0.0177 0.0296 
1 0.5254 0.1243 0.0144 0.0316 
1 0.5387 0.1479 0.0188 0.0394 
1 0.5575 0.1538 0.021 0.0316 
1 0.568 0.1302 0.0177 0.0434 
1 0.579 0.1174 0.0177 0.0296 
1 0.5972 0.1391 0.0188 0.0296 
1 0.5785 0.1805 0.0188 0.0335 
1 0.5448 0.1834 0.0221 0.0316 
1 0.6182 0.1006 0.021 0.0276 
1 0.6166 0.1617 0.0177 0.0316 
1 0.6249 0.1233 0.0166 0.0335 
1 0.6547 0.1351 0.0122 0.0296 
1 0.6564 0.1124 0.0133 0.0276 
1 0.6729 0.1085 0.011 0.0316 
1 0.705 0.1203 0.0133 0.0276 
1 0.6552 0.1893 0.0177 0.0394 
1 0.695 0.1765 0.0177 0.0375 
1 0.7149 0.1824 0.0177 0.0375 
1 0.721 0.142 0.0144 0.0355 
1 0.7365 0.145 0.0144 0.0296 
1 0.7409 0.1696 0.0144 0.0316 
1 0.7972 0.2051 0.0188 0.0434 
1 0.7702 0.1736 0.0133 0.0434 
1 0.7591 0.1361 0.0133 0.0276 
1 0.7934 0.1272 0.0133 0.0296 
1 0.8066 0.1578 0.0155 0.0355 
1 0.821 0.1292 0.011 0.0335 
1 0.8282 0.1686 0.0144 0.0375 
1 0.8541 0.2032 0.0177 0.0473 
1 0.8519 0.146 0.011 0.0355 
1 0.8729 0.144 0.0133 0.0316 
1 0.9077 0.1755 0.0144 0.0394 
1 0.9414 0.1657 0.0133 0.0355 
1 0.9243 0.2465 0.0232 0.0552 
1 0.8923 0.2367 0.0188 0.0473 
1 0.9359 0.2278 0.0177 0.0454 
