1 0.965 0.4812 0.0667 0.1075 
1 0.88 0.5255 0.08 0.121 
1 0.8175 0.7392 0.1517 0.2419 
1 0.7658 0.5161 0.0717 0.129 
1 0.6817 0.4664 0.0533 0.0941 
1 0.7467 0.3159 0.03 0.0565 
1 0.5683 0.5806 0.0633 0.1237 
1 0.555 0.4731 0.0567 0.1022 
1 0.3625 0.6304 0.0983 0.1747 
1 0.4325 0.4839 0.045 0.0699 
1 0.3858 0.4839 0.0317 0.0538 
1 0.3375 0.4664 0.0417 0.0618 
1 0.2975 0.5349 0.065 0.1075 
1 0.2675 0.4731 0.0417 0.0591 
1 0.2792 0.4288 0.0283 0.0565 
1 0.2258 0.5027 0.055 0.0699 
1 0.2217 0.4597 0.0367 0.0538 
1 0.1733 0.5081 0.04 0.0591 
1 0.0958 0.5484 0.0617 0.1022 
1 0.0558 0.5188 0.045 0.0645 
1 0.0242 0.5403 0.045 0.1129 
