1 0.2516 0.3654 0.0364 0.0731 
1 0.2572 0.2832 0.0196 0.0349 
1 0.2843 0.2691 0.0196 0.0332 
1 0.3025 0.2566 0.0205 0.0382 
1 0.3105 0.2982 0.0271 0.0415 
1 0.3109 0.2317 0.0168 0.0282 
1 0.3333 0.2259 0.0168 0.0332 
1 0.3455 0.2708 0.0205 0.0465 
1 0.3613 0.2243 0.0187 0.0399 
1 0.3777 0.2118 0.0177 0.0382 
1 0.4038 0.2292 0.0196 0.0432 
1 0.4281 0.2749 0.0215 0.0449 
1 0.429 0.2425 0.0177 0.0365 
1 0.4118 0.1719 0.0131 0.0349 
1 0.4622 0.2359 0.0205 0.0465 
1 0.4673 0.196 0.0159 0.0332 
1 0.4771 0.1645 0.0112 0.0266 
1 0.4692 0.1553 0.0121 0.0249 
1 0.4528 0.1387 0.0112 0.0216 
1 0.4309 0.1927 0.0177 0.0299 
1 0.507 0.1902 0.0187 0.0316 
1 0.4841 0.1329 0.0121 0.0266 
1 0.5201 0.1611 0.0168 0.0299 
1 0.5238 0.1346 0.0149 0.0299 
1 0.5373 0.1603 0.0196 0.0349 
1 0.5598 0.1645 0.0196 0.0365 
1 0.5378 0.201 0.0205 0.0299 
1 0.5481 0.1329 0.0112 0.0233 
1 0.5593 0.113 0.0168 0.0233 
1 0.5868 0.098 0.014 0.0266 
1 0.592 0.1196 0.0149 0.0266 
1 0.5924 0.1478 0.0159 0.0332 
1 0.6088 0.1395 0.0187 0.0332 
1 0.6251 0.1188 0.0121 0.0282 
1 0.6256 0.1005 0.0131 0.0282 
1 0.6494 0.0997 0.0121 0.0299 
1 0.6517 0.1188 0.0149 0.0316 
1 0.6853 0.108 0.0168 0.0332 
1 0.6797 0.1528 0.0187 0.0465 
1 0.6391 0.1977 0.0196 0.0365 
1 0.6013 0.2226 0.0224 0.0498 
1 0.5635 0.2409 0.0233 0.0465 
1 0.5378 0.3214 0.0299 0.0615 
1 0.4841 0.3015 0.0289 0.0515 
1 0.5826 0.3654 0.0336 0.0631 
1 0.6783 0.338 0.0308 0.0615 
1 0.6601 0.2608 0.0224 0.0465 
1 0.6569 0.211 0.0233 0.0465 
1 0.6961 0.2218 0.0252 0.0482 
1 0.7073 0.1794 0.0215 0.0399 
1 0.7096 0.1462 0.0187 0.0332 
1 0.726 0.1711 0.0159 0.0399 
1 0.7432 0.1935 0.0224 0.0482 
1 0.7484 0.2193 0.0215 0.0399 
1 0.7796 0.2915 0.028 0.0615 
1 0.7138 0.294 0.0252 0.0565 
1 0.732 0.1329 0.0168 0.0365 
1 0.7554 0.1088 0.0131 0.0316 
1 0.7717 0.1262 0.014 0.0233 
1 0.7745 0.162 0.0215 0.0349 
1 0.8025 0.1836 0.0177 0.0382 
1 0.8193 0.2542 0.0252 0.0498 
1 0.8459 0.1985 0.0149 0.0382 
1 0.8347 0.1678 0.0149 0.0365 
1 0.8249 0.1429 0.0159 0.0332 
1 0.7969 0.1462 0.0121 0.0266 
1 0.8058 0.1329 0.0112 0.0299 
1 0.859 0.1586 0.0149 0.0349 
1 0.866 0.1271 0.0159 0.0282 
1 0.8912 0.1304 0.014 0.0316 
1 0.8973 0.1636 0.0168 0.0349 
1 0.8819 0.1711 0.0196 0.0332 
1 0.8697 0.2035 0.0177 0.0415 
1 0.8669 0.2292 0.0177 0.0332 
1 0.929 0.2766 0.0224 0.0449 
1 0.895 0.2118 0.0177 0.0415 
1 0.9248 0.2076 0.0177 0.0332 
1 0.922 0.1777 0.0121 0.0266 
1 0.9239 0.1537 0.0121 0.0216 
