1 0.1031 0.9088 0.0757 0.1028 
1 0.1372 0.8213 0.066 0.0648 
1 0.159 0.7755 0.0556 0.0713 
1 0.2177 0.8051 0.0688 0.1046 
1 0.2191 0.7005 0.0271 0.0472 
1 0.1903 0.675 0.0222 0.0389 
1 0.1597 0.6981 0.0292 0.037 
1 0.1562 0.6722 0.0208 0.0278 
1 0.1101 0.6718 0.0243 0.0324 
1 0.0844 0.6907 0.0257 0.0333 
1 0.041 0.7116 0.025 0.0343 
1 0.0587 0.7 0.0243 0.0352 
1 0.116 0.7097 0.0306 0.0306 
1 0.2601 0.6875 0.0201 0.0306 
1 0.2285 0.6759 0.0236 0.0315 
1 0.2476 0.6727 0.0174 0.0324 
1 0.301 0.6931 0.0229 0.0361 
1 0.3056 0.6727 0.0208 0.025 
1 0.3389 0.6606 0.0208 0.0324 
1 0.3236 0.638 0.0181 0.0259 
1 0.3635 0.6505 0.0201 0.0213 
1 0.3625 0.6708 0.0208 0.0269 
1 0.3274 0.7028 0.0187 0.0296 
1 0.3472 0.7204 0.0306 0.037 
1 0.3861 0.7014 0.0278 0.0435 
1 0.2965 0.7787 0.0431 0.0537 
1 0.3646 0.8125 0.0542 0.0769 
1 0.3622 0.8917 0.0674 0.1 
1 0.3955 0.7782 0.0493 0.0676 
1 0.4323 0.7204 0.034 0.0352 
1 0.4472 0.6977 0.0236 0.0324 
1 0.5069 0.7106 0.0306 0.0417 
1 0.4972 0.6759 0.0181 0.0278 
1 0.5128 0.6676 0.0174 0.0241 
1 0.625 0.5958 0.0181 0.0231 
1 0.5108 0.8056 0.0576 0.0759 
1 0.5653 0.8259 0.0556 0.0944 
1 0.5819 0.9269 0.0764 0.0685 
1 0.658 0.8907 0.1076 0.15 
1 0.7865 0.9292 0.0743 0.0787 
1 0.7514 0.8162 0.0583 0.0806 
1 0.6917 0.8074 0.0486 0.0704 
1 0.6486 0.7759 0.0444 0.0574 
1 0.574 0.7037 0.0354 0.05 
1 0.6069 0.719 0.0292 0.0398 
1 0.6233 0.6912 0.0243 0.0343 
1 0.7 0.7204 0.0347 0.037 
1 0.726 0.7032 0.0215 0.0306 
1 0.7385 0.713 0.0229 0.0278 
1 0.7431 0.6875 0.0167 0.0269 
1 0.7653 0.7083 0.0208 0.0315 
1 0.7906 0.7245 0.0271 0.0343 
1 0.7983 0.7014 0.0243 0.0343 
1 0.8156 0.6671 0.0201 0.038 
1 0.8271 0.6843 0.0194 0.0407 
1 0.858 0.675 0.016 0.0315 
1 0.8875 0.6921 0.0319 0.0454 
1 0.8844 0.7843 0.0451 0.0537 
1 0.791 0.7824 0.0389 0.0648 
1 0.8476 0.8213 0.041 0.05 
1 0.933 0.8574 0.0646 0.0759 
1 0.9219 0.7009 0.0326 0.0481 
1 0.9563 0.7199 0.0222 0.0435 
1 0.9722 0.7023 0.0292 0.0454 
1 0.9872 0.7259 0.0215 0.0463 
