1 0.17 0.4655 0.124 0.2402 
1 0.234 0.4535 0.076 0.2282 
1 0.113 0.3183 0.106 0.1862 
1 0.042 0.1652 0.08 0.1742 
1 0.146 0.1997 0.084 0.1532 
1 0.132 0.0886 0.084 0.1171 
1 0.04 0.0285 0.056 0.0511 
1 0.185 0.0495 0.066 0.0871 
1 0.262 0.0706 0.076 0.1231 
1 0.248 0.1742 0.084 0.1441 
1 0.221 0.3333 0.09 0.1321 
1 0.337 0.3093 0.082 0.1682 
1 0.329 0.1757 0.074 0.1351 
1 0.468 0.1712 0.08 0.1502 
1 0.405 0.4505 0.114 0.2222 
1 0.495 0.479 0.094 0.1892 
1 0.641 0.488 0.102 0.1772 
1 0.711 0.4159 0.09 0.2012 
1 0.626 0.3228 0.084 0.1712 
1 0.588 0.1877 0.068 0.1291 
1 0.527 0.0766 0.058 0.1111 
1 0.727 0.1517 0.07 0.1231 
1 0.704 0.2703 0.068 0.1201 
1 0.864 0.3949 0.096 0.1952 
1 0.941 0.4099 0.086 0.1892 
1 0.892 0.2973 0.08 0.1261 
1 0.828 0.0916 0.06 0.1171 
1 0.97 0.2057 0.06 0.1171 
1 0.968 0.1036 0.06 0.1171 
1 0.957 0.0375 0.046 0.0631 
1 0.878 0.036 0.048 0.0661 
1 0.782 0.0315 0.04 0.0571 
1 0.731 0.0571 0.066 0.1021 
