1 0.0833 0.8333 0.1278 0.2458 
1 0.025 0.4677 0.0472 0.1187 
1 0.0639 0.4833 0.0556 0.1042 
1 0.1507 0.6135 0.1014 0.1771 
1 0.1646 0.4667 0.0569 0.0875 
1 0.1931 0.4448 0.0472 0.0854 
1 0.2285 0.5417 0.0597 0.1167 
1 0.1722 0.5479 0.0722 0.1292 
1 0.3076 0.4646 0.0542 0.1 
1 0.4257 0.5365 0.0708 0.1271 
1 0.4549 0.4813 0.0569 0.1083 
1 0.4118 0.4771 0.0458 0.0708 
1 0.4062 0.4313 0.0431 0.0667 
1 0.4701 0.8719 0.2153 0.2562 
1 0.5069 0.7594 0.1167 0.1479 
1 0.5924 0.501 0.0625 0.0979 
1 0.5868 0.4583 0.0514 0.0833 
1 0.5771 0.4292 0.0431 0.0667 
1 0.7382 0.4542 0.0458 0.0792 
1 0.7389 0.5177 0.0528 0.0854 
1 0.7736 0.5396 0.0639 0.1 
1 0.6819 0.6469 0.0778 0.1562 
1 0.8833 0.8812 0.15 0.2333 
1 0.9611 0.7073 0.0778 0.1604 
1 0.8757 0.5125 0.0542 0.1 
1 0.9333 0.5229 0.0528 0.1 
