1 0.1039 0.82 0.2011 0.3467 
1 0.2694 0.695 0.1233 0.2267 
1 0.1039 0.5542 0.1144 0.1517 
1 0.0644 0.385 0.0822 0.1133 
1 0.1761 0.39 0.07 0.1167 
1 0.1994 0.4917 0.0856 0.1533 
1 0.2689 0.4317 0.0822 0.1333 
1 0.2906 0.51 0.0811 0.1367 
1 0.4022 0.6183 0.0978 0.1967 
1 0.4361 0.4567 0.0833 0.1267 
1 0.5233 0.3867 0.0756 0.15 
1 0.5822 0.5067 0.0667 0.1367 
1 0.6189 0.5942 0.0956 0.2083 
1 0.6483 0.4533 0.0678 0.1133 
1 0.6956 0.4183 0.0533 0.1067 
1 0.7472 0.4467 0.0678 0.1233 
1 0.7767 0.6133 0.0911 0.1633 
1 0.9017 0.7 0.0767 0.1733 
1 0.8878 0.4683 0.0689 0.1133 
1 0.8211 0.4667 0.0711 0.1267 
1 0.9856 0.325 0.0289 0.1067 
1 0.8789 0.2967 0.0711 0.1033 
1 0.7494 0.3625 0.0522 0.0783 
1 0.7289 0.2933 0.0511 0.08 
1 0.6683 0.2808 0.0478 0.075 
1 0.5944 0.2733 0.0533 0.1067 
1 0.5967 0.165 0.0422 0.0733 
1 0.5272 0.1533 0.0522 0.0833 
1 0.5356 0.2658 0.0467 0.095 
1 0.4833 0.2625 0.0578 0.1083 
1 0.345 0.3267 0.0678 0.1167 
1 0.2356 0.3267 0.0556 0.0867 
1 0.2833 0.3767 0.0489 0.08 
1 0.2994 0.2442 0.0411 0.065 
1 0.3528 0.235 0.0433 0.0867 
1 0.3422 0.1567 0.0333 0.06 
1 0.3844 0.1508 0.0422 0.085 
1 0.4739 0.1525 0.0389 0.085 
