1 0.277 0.2472 0.0165 0.0402 
1 0.2876 0.2555 0.0173 0.0319 
1 0.3109 0.2548 0.0197 0.036 
1 0.3172 0.2922 0.026 0.0388 
1 0.331 0.2618 0.0189 0.036 
1 0.331 0.2209 0.0173 0.0402 
1 0.3767 0.2528 0.0205 0.0374 
1 0.3818 0.3047 0.0276 0.0471 
1 0.3763 0.2015 0.0165 0.0346 
1 0.4113 0.2271 0.0236 0.036 
1 0.4216 0.1939 0.0189 0.0388 
1 0.4618 0.1607 0.0173 0.036 
1 0.4799 0.2202 0.0221 0.0471 
1 0.5201 0.2029 0.0236 0.0374 
1 0.5099 0.1517 0.0158 0.0346 
1 0.5276 0.1787 0.0181 0.0332 
1 0.5611 0.1759 0.0189 0.036 
1 0.5599 0.1475 0.0181 0.0319 
1 0.5823 0.1496 0.0158 0.0332 
1 0.5823 0.1032 0.0158 0.0263 
1 0.6107 0.1233 0.0158 0.0277 
1 0.6154 0.144 0.0158 0.036 
1 0.5008 0.2999 0.0229 0.0623 
1 0.5465 0.3012 0.0276 0.0596 
1 0.5567 0.259 0.0292 0.0499 
1 0.5922 0.2611 0.0244 0.0512 
1 0.5969 0.2209 0.0197 0.0429 
1 0.6391 0.1821 0.0205 0.0402 
1 0.647 0.2278 0.0252 0.0429 
1 0.643 0.2583 0.0205 0.0457 
1 0.6481 0.3061 0.0292 0.0665 
1 0.6942 0.2265 0.0236 0.0512 
1 0.7183 0.2458 0.026 0.0568 
1 0.7273 0.1835 0.0205 0.0429 
1 0.7112 0.1565 0.0181 0.0416 
1 0.6761 0.1683 0.0205 0.0374 
1 0.76 0.1343 0.015 0.0277 
1 0.7541 0.1801 0.0205 0.0332 
1 0.7707 0.1946 0.0205 0.0402 
1 0.7514 0.2209 0.0213 0.0457 
1 0.7797 0.2819 0.0292 0.0596 
1 0.7569 0.3601 0.0307 0.0665 
1 0.8046 0.2368 0.0205 0.0471 
1 0.8168 0.214 0.0181 0.0457 
1 0.8002 0.1828 0.0181 0.0443 
1 0.7931 0.1427 0.0165 0.0332 
1 0.8132 0.1537 0.0158 0.036 
1 0.8337 0.1918 0.0158 0.0402 
1 0.8503 0.1634 0.0142 0.0305 
1 0.8708 0.1981 0.0158 0.0332 
1 0.8605 0.2528 0.0221 0.0596 
1 0.8373 0.2943 0.0276 0.0623 
1 0.9007 0.2722 0.0221 0.0485 
