1 0.0779 0.4575 0.0576 0.0811 
1 0.1563 0.436 0.05 0.0659 
1 0.1964 0.519 0.0869 0.1001 
1 0.2271 0.4157 0.0444 0.0608 
1 0.2823 0.4087 0.0415 0.0621 
1 0.3017 0.5177 0.0765 0.1077 
1 0.3706 0.4265 0.0538 0.0748 
1 0.3938 0.4151 0.0453 0.0621 
1 0.4551 0.4037 0.0359 0.0469 
1 0.4636 0.308 0.0246 0.033 
1 0.5033 0.4221 0.0453 0.0558 
1 0.4943 0.462 0.0576 0.0773 
1 0.5175 0.3859 0.0302 0.0444 
1 0.5378 0.3764 0.0293 0.0431 
1 0.4334 0.673 0.1454 0.2408 
1 0.5869 0.552 0.0878 0.1305 
1 0.5911 0.4575 0.0529 0.0659 
1 0.61 0.3802 0.0378 0.0431 
1 0.6936 0.3891 0.0387 0.0659 
1 0.6964 0.4455 0.0538 0.0748 
1 0.7559 0.4766 0.0633 0.0887 
1 0.9098 0.7909 0.1653 0.2586 
1 0.8739 0.3992 0.0368 0.0507 
1 0.8933 0.3726 0.0378 0.0431 
1 0.9155 0.4119 0.0444 0.0532 
1 0.9471 0.3935 0.0359 0.052 
1 0.9788 0.4119 0.0425 0.0659 
