1 0.1056 0.5754 0.0455 0.0871 
1 0.1925 0.3554 0.0214 0.042 
1 0.2259 0.3733 0.0205 0.0498 
1 0.2701 0.3701 0.0232 0.0498 
1 0.2928 0.4067 0.0241 0.0451 
1 0.2576 0.3235 0.0196 0.0373 
1 0.2937 0.3406 0.0223 0.0435 
1 0.3217 0.3538 0.025 0.042 
1 0.3293 0.3072 0.0187 0.0358 
1 0.3641 0.3468 0.0205 0.0435 
1 0.3913 0.346 0.0196 0.0358 
1 0.3712 0.2698 0.0187 0.0389 
1 0.3868 0.2838 0.016 0.0295 
1 0.3855 0.3118 0.0187 0.0358 
1 0.4122 0.2582 0.0134 0.0311 
1 0.4274 0.2644 0.0187 0.0342 
1 0.4193 0.3165 0.0187 0.0358 
1 0.4523 0.3258 0.0223 0.042 
1 0.4452 0.2815 0.0187 0.0373 
1 0.4488 0.2496 0.0152 0.0295 
1 0.4532 0.2372 0.0152 0.0295 
1 0.508 0.2799 0.0178 0.0342 
1 0.4942 0.2745 0.0152 0.0327 
1 0.4906 0.332 0.0205 0.0389 
1 0.5071 0.2473 0.0143 0.0311 
1 0.5463 0.2784 0.0214 0.0404 
1 0.5437 0.2442 0.0178 0.0311 
1 0.5588 0.2162 0.0143 0.0249 
1 0.5731 0.2162 0.0178 0.0311 
1 0.5682 0.2488 0.0187 0.0373 
1 0.5954 0.2535 0.016 0.0311 
1 0.6003 0.2263 0.0152 0.0327 
1 0.6092 0.2061 0.0152 0.0327 
1 0.627 0.2146 0.0152 0.0342 
1 0.6395 0.2224 0.0169 0.0342 
1 0.6462 0.2566 0.016 0.0373 
1 0.6707 0.2084 0.0116 0.028 
1 0.6809 0.2286 0.016 0.0342 
1 0.6872 0.2162 0.016 0.0311 
1 0.5936 0.346 0.025 0.0513 
1 0.5878 0.4051 0.0294 0.0607 
1 0.5303 0.4355 0.0321 0.0653 
1 0.5223 0.395 0.0267 0.0498 
1 0.4577 0.423 0.033 0.0809 
1 0.4332 0.3631 0.025 0.042 
1 0.5762 0.4837 0.0365 0.0778 
1 0.6373 0.5039 0.0446 0.0871 
1 0.7068 0.5529 0.0428 0.0824 
1 0.6742 0.3764 0.0294 0.0622 
1 0.6988 0.3725 0.025 0.0575 
1 0.643 0.3624 0.0241 0.0529 
1 0.6368 0.3142 0.0205 0.0467 
1 0.6734 0.2823 0.0223 0.042 
1 0.7121 0.2636 0.0178 0.0327 
1 0.7193 0.3048 0.0196 0.0467 
1 0.6858 0.325 0.0241 0.0467 
1 0.7522 0.2558 0.0214 0.0451 
1 0.7763 0.2589 0.016 0.0327 
1 0.7834 0.2869 0.016 0.0482 
1 0.7299 0.4285 0.0285 0.0669 
1 0.7897 0.4541 0.0303 0.0684 
1 0.8391 0.5327 0.0365 0.0793 
1 0.8694 0.4829 0.033 0.0731 
1 0.9412 0.5078 0.0357 0.0793 
1 0.8605 0.4082 0.0312 0.0638 
1 0.8284 0.3725 0.0258 0.0513 
1 0.8422 0.353 0.0232 0.0498 
1 0.8209 0.2955 0.0232 0.0404 
1 0.7937 0.2706 0.0152 0.0311 
1 0.7968 0.2341 0.016 0.0358 
1 0.8271 0.2442 0.0178 0.0373 
1 0.8382 0.2722 0.0187 0.0435 
1 0.861 0.2566 0.016 0.0342 
1 0.8685 0.2838 0.0169 0.0358 
1 0.8801 0.2691 0.0169 0.0342 
1 0.9029 0.2621 0.0143 0.0389 
1 0.8739 0.3367 0.0223 0.0451 
1 0.8935 0.346 0.0187 0.0482 
1 0.9122 0.3468 0.0187 0.0498 
1 0.9207 0.2815 0.016 0.0498 
1 0.9626 0.3616 0.0214 0.0513 
1 0.9648 0.3149 0.0169 0.0358 
1 0.9661 0.2893 0.016 0.0342 
