1 0.1375 0.5629 0.037 0.0749 
1 0.2215 0.3496 0.0185 0.0353 
1 0.2572 0.3609 0.0225 0.041 
1 0.2906 0.3616 0.0217 0.0424 
1 0.3123 0.3898 0.0249 0.0508 
1 0.3018 0.3058 0.0169 0.0325 
1 0.3529 0.3001 0.0161 0.0325 
1 0.3473 0.3404 0.0225 0.0367 
1 0.3786 0.3277 0.0161 0.0395 
1 0.3859 0.2761 0.0193 0.0381 
1 0.4047 0.2959 0.0153 0.0353 
1 0.4088 0.3319 0.0201 0.0395 
1 0.4349 0.3468 0.0193 0.0466 
1 0.4055 0.2677 0.0169 0.0297 
1 0.4248 0.2761 0.0169 0.0297 
1 0.4232 0.25 0.0137 0.0254 
1 0.4397 0.3001 0.0161 0.0325 
1 0.4662 0.3093 0.0177 0.0339 
1 0.4743 0.2733 0.0161 0.0297 
1 0.4486 0.25 0.0145 0.0282 
1 0.4666 0.2387 0.0121 0.0254 
1 0.49 0.2768 0.0185 0.0367 
1 0.5137 0.2521 0.0129 0.0268 
1 0.5213 0.2726 0.0169 0.0311 
1 0.5322 0.2571 0.0145 0.0311 
1 0.5563 0.2154 0.0129 0.0212 
1 0.5715 0.2387 0.0113 0.0254 
1 0.5941 0.2232 0.0145 0.0254 
1 0.6057 0.209 0.0137 0.0282 
1 0.6182 0.2182 0.0113 0.0268 
1 0.592 0.2535 0.0153 0.0325 
1 0.6238 0.2648 0.0145 0.0325 
1 0.5462 0.2811 0.0169 0.0339 
1 0.4606 0.4075 0.0257 0.0579 
1 0.5008 0.3263 0.0193 0.0452 
1 0.5631 0.2684 0.0185 0.0367 
1 0.5289 0.3757 0.0257 0.0565 
1 0.5261 0.4322 0.0297 0.0537 
1 0.5736 0.4456 0.033 0.0636 
1 0.5904 0.3729 0.0265 0.0508 
1 0.5904 0.3227 0.0233 0.0466 
1 0.6266 0.298 0.0233 0.0452 
1 0.6258 0.4696 0.033 0.0749 
1 0.6612 0.3708 0.0265 0.0523 
1 0.6383 0.3404 0.0209 0.0452 
1 0.6817 0.3468 0.0225 0.0438 
1 0.6917 0.2966 0.0201 0.0395 
1 0.662 0.2846 0.0201 0.0438 
1 0.6636 0.2323 0.0105 0.0268 
1 0.6604 0.2076 0.0121 0.0226 
1 0.6744 0.2232 0.0129 0.0311 
1 0.6982 0.2451 0.0121 0.0353 
1 0.7283 0.2592 0.0145 0.0297 
1 0.7303 0.2422 0.0137 0.024 
1 0.7359 0.2309 0.0137 0.0268 
1 0.6986 0.5106 0.0354 0.0833 
1 0.715 0.4018 0.0297 0.0551 
1 0.7673 0.4421 0.0314 0.0593 
1 0.7994 0.5417 0.0362 0.0805 
1 0.8308 0.4612 0.033 0.0579 
1 0.8449 0.4124 0.0289 0.0565 
1 0.7966 0.3616 0.0241 0.048 
1 0.8099 0.346 0.0185 0.0424 
1 0.7496 0.2987 0.0169 0.0381 
1 0.7552 0.2782 0.0121 0.0254 
1 0.7741 0.2662 0.0177 0.0325 
1 0.7693 0.2422 0.0145 0.0297 
1 0.7902 0.2613 0.0145 0.0282 
1 0.8111 0.3072 0.0177 0.041 
1 0.8039 0.2839 0.0145 0.0339 
1 0.8284 0.2641 0.0137 0.0339 
1 0.8445 0.274 0.0153 0.0424 
1 0.8376 0.3093 0.0177 0.048 
1 0.8593 0.2585 0.0145 0.0311 
1 0.885 0.2839 0.0177 0.0395 
1 0.877 0.3227 0.0145 0.0353 
1 0.8706 0.3559 0.0209 0.0508 
1 0.8987 0.4103 0.0225 0.0607 
1 0.9007 0.4831 0.0265 0.065 
1 0.9152 0.351 0.0201 0.0438 
1 0.9055 0.3136 0.0169 0.0367 
1 0.9204 0.3079 0.0129 0.0395 
