1 0.1148 0.5035 0.0437 0.0966 
1 0.2291 0.3347 0.0148 0.0308 
1 0.2358 0.3824 0.0172 0.0308 
1 0.2838 0.3578 0.018 0.0434 
1 0.3087 0.3936 0.0226 0.0504 
1 0.2779 0.3011 0.0172 0.0336 
1 0.3478 0.3242 0.0117 0.0266 
1 0.3427 0.2906 0.0125 0.0294 
1 0.3747 0.3256 0.0141 0.0322 
1 0.3942 0.2997 0.0156 0.0252 
1 0.3954 0.3361 0.0148 0.0364 
1 0.4243 0.3515 0.0195 0.0392 
1 0.3849 0.2528 0.0141 0.0238 
1 0.3938 0.2696 0.0133 0.0182 
1 0.4165 0.264 0.0164 0.021 
1 0.4532 0.3039 0.0164 0.0252 
1 0.418 0.3018 0.0133 0.0266 
1 0.4411 0.2465 0.0109 0.0224 
1 0.45 0.2297 0.0117 0.0196 
1 0.4571 0.2696 0.0101 0.0238 
1 0.4848 0.2605 0.0109 0.028 
1 0.5051 0.2535 0.0125 0.0252 
1 0.5012 0.2885 0.0141 0.028 
1 0.4859 0.3179 0.0133 0.0308 
1 0.5328 0.285 0.0133 0.0294 
1 0.5527 0.2598 0.0141 0.0266 
1 0.5281 0.2241 0.0117 0.0196 
1 0.5515 0.2087 0.0101 0.014 
1 0.5515 0.2311 0.0133 0.0196 
1 0.5757 0.2472 0.0148 0.0294 
1 0.5894 0.2045 0.0125 0.0308 
1 0.5742 0.2234 0.0101 0.021 
1 0.6062 0.2451 0.0117 0.0252 
1 0.612 0.2262 0.0094 0.021 
1 0.6023 0.2171 0.007 0.0224 
1 0.6358 0.2122 0.0101 0.0238 
1 0.6487 0.229 0.0078 0.0266 
1 0.6585 0.2206 0.0101 0.0266 
1 0.4805 0.388 0.0195 0.0448 
1 0.5219 0.3985 0.0226 0.0518 
1 0.589 0.423 0.0273 0.0532 
1 0.6366 0.4314 0.0211 0.0616 
1 0.6674 0.5322 0.0281 0.0756 
1 0.5738 0.3186 0.0187 0.0378 
1 0.6218 0.3319 0.018 0.0364 
1 0.5933 0.369 0.0187 0.0378 
1 0.6081 0.2976 0.0156 0.0322 
1 0.6514 0.2647 0.0148 0.0252 
1 0.6772 0.2556 0.0117 0.0266 
1 0.637 0.3704 0.0234 0.0518 
1 0.6639 0.3487 0.018 0.0392 
1 0.7002 0.3852 0.0203 0.042 
1 0.7436 0.4286 0.0242 0.0532 
1 0.7955 0.4916 0.0265 0.056 
1 0.8712 0.4573 0.0203 0.0518 
1 0.8076 0.4517 0.0211 0.049 
1 0.7763 0.3578 0.0164 0.0462 
1 0.8228 0.3711 0.0187 0.0476 
1 0.8587 0.395 0.0156 0.0476 
1 0.8376 0.3501 0.0156 0.0448 
1 0.888 0.3529 0.0148 0.042 
1 0.8447 0.3144 0.0125 0.0294 
1 0.815 0.3025 0.0141 0.028 
1 0.7849 0.3025 0.0148 0.0252 
1 0.7361 0.2801 0.0125 0.028 
1 0.6944 0.2885 0.0133 0.0308 
1 0.7116 0.264 0.0133 0.0266 
1 0.7022 0.2388 0.0148 0.0266 
1 0.7209 0.2388 0.0117 0.021 
1 0.7471 0.2332 0.0141 0.0294 
1 0.776 0.2402 0.0141 0.0322 
1 0.7802 0.2724 0.0117 0.0266 
1 0.8056 0.2598 0.0125 0.0378 
1 0.8177 0.2738 0.0117 0.0294 
1 0.829 0.2647 0.0109 0.0308 
1 0.8333 0.25 0.0117 0.0238 
1 0.8564 0.2787 0.0141 0.0336 
1 0.897 0.264 0.0125 0.0322 
1 0.8958 0.2997 0.0148 0.0252 
1 0.8817 0.3018 0.0133 0.035 
1 0.655 0.3179 0.0187 0.0336 
