1 0.04 0.436 0.052 0.0827 
1 0.111 0.4107 0.026 0.0533 
1 0.173 0.468 0.058 0.0773 
1 0.16 0.432 0.036 0.0427 
1 0.266 0.524 0.068 0.136 
1 0.259 0.4427 0.046 0.064 
1 0.228 0.4067 0.036 0.0453 
1 0.273 0.404 0.034 0.0507 
1 0.325 0.3973 0.022 0.0373 
1 0.36 0.4373 0.044 0.0747 
1 0.4 0.4187 0.028 0.048 
1 0.412 0.3973 0.02 0.032 
1 0.199 0.86 0.31 0.2747 
1 0.499 0.4107 0.034 0.064 
1 0.471 0.3973 0.014 0.0267 
1 0.53 0.48 0.06 0.1013 
1 0.541 0.396 0.018 0.0347 
1 0.58 0.4107 0.028 0.0427 
1 0.636 0.4187 0.032 0.048 
1 0.692 0.452 0.044 0.072 
1 0.708 0.4187 0.02 0.0373 
1 0.734 0.3 0.056 0.088 
1 0.687 0.6067 0.118 0.2 
1 0.868 0.432 0.032 0.0533 
1 0.927 0.4253 0.03 0.0507 
1 0.934 0.52 0.08 0.112 
