1 0.3411 0.2086 0.0193 0.0345 
1 0.4087 0.2302 0.0213 0.0397 
1 0.4203 0.2181 0.0155 0.0328 
1 0.4382 0.219 0.0184 0.0448 
1 0.487 0.2121 0.0213 0.0483 
1 0.499 0.1871 0.0203 0.0397 
1 0.5024 0.1345 0.0135 0.0345 
1 0.5324 0.1948 0.0232 0.0448 
1 0.5821 0.1724 0.0184 0.0414 
1 0.6198 0.1345 0.0184 0.0379 
1 0.6377 0.2543 0.0251 0.0569 
1 0.6614 0.1922 0.0203 0.0466 
1 0.699 0.3069 0.028 0.0621 
1 0.7198 0.1845 0.0213 0.0379 
1 0.7609 0.2569 0.0222 0.0448 
1 0.844 0.3353 0.0242 0.0603 
1 0.8657 0.2888 0.0251 0.0603 
1 0.8304 0.2284 0.0222 0.05 
1 0.8401 0.1991 0.0184 0.0431 
1 0.8884 0.2241 0.0184 0.0414 
1 0.9242 0.2086 0.0164 0.0448 
1 0.929 0.2879 0.0222 0.0448 
