1 0.2029 0.4606 0.0501 0.0936 
1 0.2602 0.422 0.0435 0.0985 
1 0.2261 0.2348 0.017 0.0296 
1 0.3529 0.2701 0.0151 0.0312 
1 0.3756 0.2709 0.0189 0.0296 
1 0.4248 0.2323 0.0151 0.0345 
1 0.4489 0.2381 0.0199 0.0328 
1 0.4579 0.1946 0.0151 0.0345 
1 0.4797 0.2028 0.0151 0.0312 
1 0.4357 0.2931 0.0237 0.0411 
1 0.4853 0.17 0.0114 0.0181 
1 0.4735 0.1593 0.0142 0.0197 
1 0.492 0.1338 0.0132 0.0213 
1 0.5388 0.147 0.0104 0.0213 
1 0.526 0.1732 0.0132 0.0312 
1 0.5478 0.2061 0.017 0.0246 
1 0.5643 0.1585 0.0142 0.0246 
1 0.5946 0.1601 0.0123 0.0246 
1 0.5591 0.0829 0.0132 0.0181 
1 0.4915 0.2923 0.0255 0.0394 
1 0.6689 0.2496 0.0227 0.046 
1 0.7242 0.2898 0.0237 0.0542 
1 0.7729 0.3005 0.0246 0.0427 
1 0.6906 0.1724 0.0151 0.0296 
1 0.7237 0.1552 0.0132 0.0246 
1 0.7455 0.1626 0.0151 0.0328 
1 0.7559 0.1552 0.0151 0.0312 
1 0.7644 0.0739 0.0132 0.023 
1 0.7673 0.1831 0.017 0.0345 
1 0.8098 0.1921 0.0151 0.0361 
1 0.8231 0.1314 0.0132 0.0328 
1 0.9707 0.1059 0.0114 0.0279 
1 0.8865 0.2348 0.017 0.0427 
