1 0.2934 0.7911 0.0786 0.1425 
1 0.1211 0.7412 0.0722 0.1157 
1 0.0891 0.6931 0.0448 0.0658 
1 0.4027 0.6425 0.0338 0.067 
1 0.4644 0.6169 0.0311 0.0475 
1 0.5064 0.6255 0.0347 0.0524 
1 0.4616 0.5481 0.0219 0.0341 
1 0.5306 0.5365 0.0137 0.0305 
1 0.5745 0.62 0.0356 0.0487 
1 0.606 0.6626 0.0548 0.0755 
1 0.6741 0.6462 0.0393 0.0548 
1 0.6586 0.5907 0.0247 0.0414 
1 0.6956 0.5859 0.0238 0.039 
1 0.7185 0.6072 0.0238 0.0402 
1 0.7372 0.5974 0.0283 0.0378 
1 0.7569 0.6279 0.0329 0.0621 
1 0.7802 0.6888 0.0539 0.084 
1 0.8766 0.6535 0.0585 0.0767 
1 0.8844 0.5974 0.0466 0.0621 
1 0.8035 0.5871 0.0366 0.056 
1 0.9401 0.5993 0.0375 0.0609 
1 0.9826 0.6084 0.0347 0.0597 
