1 0.7461 0.4718 0.0547 0.0798 
1 0.5398 0.5798 0.0328 0.0563 
1 0.4867 0.6045 0.0328 0.054 
1 0.432 0.6197 0.0391 0.061 
1 0.3656 0.615 0.0469 0.0563 
1 0.3742 0.5728 0.0359 0.0516 
1 0.4008 0.5681 0.0266 0.0516 
1 0.4469 0.5739 0.0281 0.0446 
1 0.4906 0.561 0.0312 0.0376 
1 0.5234 0.5563 0.0219 0.0423 
1 0.5563 0.5481 0.0219 0.0352 
1 0.4945 0.5235 0.0203 0.0329 
1 0.4797 0.4906 0.0187 0.0329 
1 0.4508 0.5293 0.0234 0.0399 
1 0.407 0.5293 0.0234 0.0352 
1 0.407 0.4906 0.0203 0.0329 
1 0.4273 0.4847 0.0141 0.0352 
1 0.3703 0.5329 0.025 0.0376 
1 0.3242 0.5399 0.0266 0.0423 
1 0.275 0.5681 0.0375 0.0516 
1 0.2039 0.5728 0.0422 0.0704 
1 0.1211 0.5516 0.0359 0.0563 
1 0.0844 0.5927 0.0469 0.0775 
1 0.0211 0.5411 0.0328 0.0634 
1 0.032 0.4742 0.0328 0.0469 
1 0.0883 0.4953 0.0297 0.0516 
1 0.1484 0.4988 0.0344 0.0446 
1 0.2023 0.534 0.0328 0.0493 
1 0.2594 0.5317 0.0281 0.0446 
1 0.2992 0.5 0.0234 0.0423 
1 0.3391 0.5 0.0219 0.0376 
1 0.3609 0.4789 0.0156 0.0329 
1 0.3711 0.466 0.0172 0.0305 
1 0.3828 0.4824 0.0156 0.0305 
1 0.3453 0.4613 0.0156 0.0305 
1 0.3242 0.4765 0.0141 0.0235 
1 0.2812 0.4742 0.0187 0.0329 
1 0.2789 0.4484 0.0141 0.0235 
1 0.2711 0.4413 0.0141 0.0235 
1 0.2594 0.4249 0.0125 0.0235 
1 0.2961 0.4437 0.0172 0.0282 
1 0.3094 0.4507 0.0156 0.0235 
1 0.2445 0.4742 0.0203 0.0329 
1 0.2352 0.4542 0.0172 0.0258 
1 0.2344 0.4284 0.0187 0.0258 
1 0.2 0.4941 0.0312 0.0352 
1 0.193 0.4765 0.0203 0.0329 
1 0.1961 0.4554 0.0172 0.0235 
1 0.2008 0.4308 0.0172 0.0258 
1 0.2109 0.4026 0.0187 0.0305 
1 0.1758 0.3768 0.0141 0.0211 
1 0.1437 0.4613 0.025 0.0352 
1 0.1562 0.4319 0.0156 0.0282 
1 0.1672 0.4225 0.0125 0.0235 
1 0.168 0.392 0.0078 0.0188 
1 0.1602 0.3732 0.0109 0.0188 
1 0.1461 0.3838 0.0141 0.0211 
1 0.1336 0.4026 0.0141 0.0211 
1 0.1258 0.4155 0.0172 0.0282 
1 0.1086 0.4284 0.0172 0.0305 
1 0.0984 0.4519 0.0187 0.0305 
1 0.0719 0.4683 0.025 0.0399 
1 0.0398 0.4448 0.0203 0.0305 
1 0.0617 0.4284 0.0172 0.0305 
1 0.0703 0.4108 0.0156 0.0282 
1 0.0922 0.3979 0.0156 0.0258 
1 0.107 0.3815 0.0141 0.0258 
1 0.1195 0.3674 0.0141 0.0211 
1 0.0867 0.365 0.0172 0.0211 
1 0.0625 0.3768 0.0125 0.0258 
1 0.0484 0.4026 0.0219 0.0258 
1 0.0094 0.4261 0.0156 0.0352 
1 0.0086 0.4941 0.0141 0.054 
1 0.0086 0.3838 0.0141 0.0305 
1 0.0227 0.3721 0.0172 0.0305 
1 0.0422 0.3545 0.0156 0.0282 
1 0.0086 0.3509 0.0141 0.0258 
