1 0.1206 0.7083 0.118 0.1373 
1 0.0374 0.6221 0.0731 0.1103 
1 0.129 0.5951 0.0713 0.1033 
1 0.2408 0.6338 0.0889 0.1009 
1 0.2082 0.5329 0.0555 0.0728 
1 0.2923 0.5616 0.0599 0.0716 
1 0.3517 0.5534 0.0467 0.0716 
1 0.4758 0.3838 0.0572 0.0986 
1 0.5541 0.5857 0.0502 0.0728 
1 0.5797 0.6174 0.059 0.0915 
1 0.6127 0.6837 0.0704 0.1115 
1 0.6818 0.9167 0.1417 0.1643 
1 0.8948 0.7171 0.1048 0.1338 
1 0.794 0.6455 0.0704 0.0915 
1 0.7223 0.5933 0.0537 0.0833 
1 0.6888 0.5716 0.0396 0.0728 
1 0.5541 0.5569 0.0361 0.0458 
1 0.8988 0.5651 0.0458 0.0692 
