1 0.0809 0.5623 0.0273 0.0606 
1 0.1291 0.5875 0.0255 0.0572 
1 0.1345 0.7104 0.0364 0.0673 
1 0.2 0.7189 0.0291 0.0572 
1 0.1827 0.5791 0.0273 0.0539 
1 0.1655 0.5556 0.0255 0.0539 
1 0.2109 0.5741 0.0218 0.0505 
1 0.2336 0.5825 0.02 0.0539 
1 0.2555 0.5842 0.0273 0.0572 
1 0.27 0.7508 0.0309 0.0673 
1 0.29 0.601 0.0273 0.0505 
1 0.2855 0.564 0.0255 0.0505 
1 0.3091 0.5943 0.0255 0.0572 
1 0.3309 0.5741 0.0255 0.0505 
1 0.3418 0.5791 0.0218 0.0539 
1 0.3264 0.7205 0.0345 0.0673 
1 0.3645 0.5892 0.0236 0.0539 
1 0.3773 0.5892 0.0236 0.0539 
1 0.3982 0.5774 0.0255 0.0505 
1 0.4245 0.5707 0.0236 0.0505 
1 0.3991 0.7189 0.0382 0.0774 
1 0.4609 0.7374 0.0309 0.0606 
1 0.4536 0.5791 0.02 0.0539 
1 0.4782 0.5859 0.0218 0.0606 
1 0.4909 0.5741 0.0182 0.0505 
1 0.5055 0.5774 0.0218 0.0505 
1 0.5191 0.7138 0.0309 0.0606 
1 0.5355 0.5791 0.0236 0.0606 
1 0.5664 0.5859 0.02 0.0606 
1 0.5909 0.6044 0.0255 0.0572 
1 0.5909 0.5724 0.0182 0.0404 
1 0.5827 0.7222 0.0309 0.0707 
1 0.6309 0.7121 0.0291 0.0707 
1 0.6155 0.5842 0.0236 0.0505 
1 0.6327 0.5623 0.0182 0.0471 
1 0.6491 0.5774 0.0218 0.0505 
1 0.6718 0.5875 0.02 0.0505 
1 0.6845 0.5724 0.02 0.0404 
1 0.6991 0.5943 0.0236 0.0572 
1 0.7136 0.5892 0.02 0.0471 
1 0.73 0.5657 0.02 0.0471 
1 0.74 0.596 0.0255 0.0606 
1 0.6827 0.7424 0.0236 0.0572 
1 0.74 0.7273 0.0291 0.0606 
1 0.7673 0.5943 0.0218 0.0438 
1 0.7964 0.6061 0.0218 0.0539 
1 0.8227 0.5926 0.0236 0.0606 
1 0.8482 0.5943 0.0236 0.0572 
1 0.8627 0.7374 0.0309 0.0673 
1 0.81 0.7374 0.0273 0.0673 
1 0.8991 0.6044 0.0236 0.0505 
1 0.8882 0.5774 0.02 0.0438 
1 0.9445 0.5758 0.0309 0.0606 
