1 0.0264 0.557 0.0504 0.1266 
1 0.1155 0.4531 0.0621 0.0844 
1 0.0586 0.3586 0.0422 0.0609 
1 0.1764 0.393 0.034 0.0578 
1 0.2081 0.4289 0.0528 0.0734 
1 0.2227 0.3812 0.0352 0.0437 
1 0.3218 0.4234 0.0481 0.0688 
1 0.3886 0.4156 0.0387 0.0594 
1 0.4261 0.3789 0.041 0.0516 
1 0.4648 0.5312 0.0809 0.125 
1 0.5293 0.4703 0.0574 0.0844 
1 0.5973 0.4734 0.0481 0.0656 
1 0.5258 0.3992 0.034 0.0547 
1 0.5686 0.3984 0.0328 0.0531 
1 0.7104 0.4477 0.0516 0.0703 
1 0.7339 0.4227 0.0352 0.0547 
1 0.7825 0.4219 0.0363 0.0437 
1 0.8136 0.4109 0.0234 0.0437 
1 0.8658 0.4211 0.0293 0.0422 
