1 0.2011 0.4378 0.0543 0.0995 
1 0.2643 0.2637 0.0215 0.0332 
1 0.2961 0.2637 0.0215 0.0398 
1 0.305 0.2488 0.0168 0.0265 
1 0.3246 0.2728 0.0225 0.0348 
1 0.3601 0.257 0.0243 0.0431 
1 0.3887 0.2612 0.0215 0.0415 
1 0.4144 0.257 0.0225 0.0431 
1 0.341 0.2098 0.0196 0.0315 
1 0.3667 0.2139 0.0168 0.0332 
1 0.3882 0.2247 0.0168 0.0348 
1 0.3784 0.1824 0.0178 0.0332 
1 0.4093 0.1783 0.0159 0.0282 
1 0.4177 0.194 0.0178 0.0332 
1 0.4383 0.1957 0.0159 0.0332 
1 0.4495 0.2239 0.0215 0.0398 
1 0.479 0.2247 0.0225 0.0381 
1 0.4486 0.1567 0.0159 0.0282 
1 0.4752 0.1683 0.0168 0.0315 
1 0.4883 0.1915 0.015 0.0348 
1 0.4949 0.1352 0.0131 0.0249 
1 0.5126 0.1957 0.0131 0.0365 
1 0.5276 0.1575 0.015 0.0265 
1 0.5299 0.2032 0.0178 0.0415 
1 0.551 0.2463 0.0225 0.0547 
1 0.4958 0.296 0.0243 0.0514 
1 0.5435 0.3151 0.0318 0.0597 
1 0.5547 0.1567 0.015 0.0315 
1 0.572 0.1683 0.0178 0.0348 
1 0.5692 0.1459 0.0122 0.0232 
1 0.5669 0.1252 0.015 0.0249 
1 0.5051 0.1459 0.0131 0.0232 
1 0.5898 0.1493 0.014 0.0299 
1 0.5907 0.1202 0.014 0.0282 
1 0.6104 0.1559 0.0159 0.0332 
1 0.6151 0.1202 0.014 0.0315 
1 0.6211 0.1144 0.0131 0.0332 
1 0.6417 0.1153 0.0131 0.0282 
1 0.645 0.1393 0.0159 0.0332 
1 0.6698 0.1235 0.015 0.0282 
1 0.6993 0.1484 0.0159 0.0315 
1 0.6997 0.1791 0.015 0.0398 
1 0.7067 0.2114 0.0196 0.0448 
1 0.6642 0.2131 0.0225 0.0481 
1 0.6674 0.1808 0.0196 0.0431 
1 0.6197 0.1982 0.0178 0.0415 
1 0.6286 0.2438 0.0225 0.0531 
1 0.6829 0.2504 0.0225 0.0464 
1 0.6188 0.3259 0.0346 0.0547 
1 0.7222 0.2927 0.0262 0.0547 
1 0.7123 0.1526 0.0178 0.0332 
1 0.7465 0.1153 0.0112 0.0282 
1 0.7657 0.1252 0.014 0.0282 
1 0.7572 0.1376 0.0159 0.0299 
1 0.7362 0.1625 0.0168 0.0332 
1 0.7329 0.1915 0.0234 0.0415 
1 0.7591 0.2371 0.0253 0.0597 
1 0.7746 0.2803 0.0243 0.0531 
1 0.7703 0.1633 0.0178 0.0348 
1 0.7825 0.1965 0.0178 0.0415 
1 0.7891 0.1484 0.014 0.0315 
1 0.8096 0.1683 0.0178 0.0315 
1 0.8349 0.1493 0.0122 0.0332 
1 0.8569 0.1575 0.015 0.0332 
1 0.8428 0.1741 0.0187 0.0398 
1 0.8279 0.2106 0.0206 0.0431 
1 0.8592 0.2612 0.0215 0.058 
1 0.8471 0.3151 0.0253 0.063 
1 0.9191 0.267 0.0178 0.0531 
1 0.9196 0.2388 0.0187 0.0398 
1 0.8943 0.2065 0.0168 0.0415 
1 0.8821 0.1642 0.0131 0.0332 
1 0.8938 0.1559 0.014 0.0332 
1 0.906 0.1866 0.014 0.0348 
