1 0.1313 0.6048 0.0419 0.119 
1 0.2256 0.325 0.0226 0.0533 
1 0.2143 0.2957 0.0177 0.0444 
1 0.272 0.2664 0.0153 0.0426 
1 0.2873 0.2718 0.0153 0.0462 
1 0.3058 0.2398 0.0169 0.0462 
1 0.3304 0.2691 0.0177 0.0515 
1 0.3473 0.2371 0.0145 0.0409 
1 0.3674 0.2904 0.0193 0.048 
1 0.3916 0.2664 0.0161 0.0426 
1 0.4392 0.3321 0.0242 0.0497 
1 0.3618 0.222 0.0145 0.032 
1 0.386 0.2131 0.0129 0.032 
1 0.4283 0.2229 0.0185 0.0409 
1 0.4303 0.1874 0.0129 0.0337 
1 0.4658 0.2771 0.0193 0.0462 
1 0.4899 0.23 0.0145 0.0337 
1 0.4758 0.2016 0.0137 0.0409 
1 0.4621 0.1972 0.0121 0.0284 
1 0.4496 0.1892 0.0145 0.0337 
1 0.4907 0.1776 0.0161 0.0355 
1 0.5157 0.1972 0.0145 0.0355 
1 0.5242 0.1812 0.0137 0.032 
1 0.5512 0.2451 0.0161 0.0426 
1 0.5673 0.2371 0.0161 0.0444 
1 0.5564 0.1892 0.0185 0.0409 
1 0.55 0.1563 0.0137 0.032 
1 0.5725 0.1545 0.0153 0.0391 
1 0.5798 0.1989 0.0169 0.0391 
1 0.6072 0.2016 0.0137 0.0409 
1 0.6185 0.2265 0.0153 0.0409 
1 0.6547 0.206 0.0121 0.032 
1 0.6491 0.1705 0.0121 0.0391 
1 0.6265 0.1501 0.0169 0.0409 
1 0.5963 0.1412 0.0161 0.0302 
1 0.664 0.1528 0.0129 0.0355 
1 0.6869 0.1599 0.0137 0.032 
1 0.7087 0.1776 0.0153 0.0391 
1 0.6942 0.2451 0.0153 0.0426 
1 0.6765 0.206 0.0153 0.0391 
1 0.5697 0.373 0.0226 0.0604 
1 0.6023 0.4059 0.0266 0.0622 
1 0.6092 0.3268 0.0193 0.0533 
1 0.6583 0.2806 0.0226 0.0604 
1 0.7212 0.2931 0.0177 0.0462 
1 0.6551 0.4396 0.021 0.0551 
1 0.718 0.4325 0.0242 0.0622 
1 0.7998 0.5071 0.025 0.087 
1 0.8417 0.5506 0.0314 0.0817 
1 0.8803 0.4343 0.0185 0.0551 
1 0.9597 0.4858 0.0226 0.0693 
1 0.9476 0.4165 0.0193 0.0586 
1 0.9722 0.3996 0.0169 0.0497 
1 0.9686 0.3517 0.0145 0.0426 
1 0.9786 0.3064 0.0185 0.0444 
1 0.9484 0.2735 0.0177 0.0497 
1 0.9279 0.3011 0.0137 0.0337 
1 0.9239 0.3606 0.0201 0.0497 
1 0.9005 0.286 0.0121 0.0355 
1 0.8916 0.2593 0.0137 0.0426 
1 0.884 0.3215 0.0177 0.0462 
1 0.8703 0.3499 0.0226 0.0497 
1 0.8598 0.3774 0.0193 0.048 
1 0.8131 0.3286 0.0193 0.0497 
1 0.7474 0.3268 0.0234 0.0497 
1 0.7401 0.2575 0.0169 0.0391 
1 0.745 0.2185 0.0121 0.032 
1 0.7768 0.2362 0.0145 0.0391 
1 0.7933 0.2762 0.0153 0.048 
1 0.8171 0.2593 0.0145 0.0355 
1 0.8409 0.2425 0.0137 0.0373 
1 0.8687 0.2602 0.0161 0.0373 
1 0.8058 0.2176 0.0161 0.0444 
1 0.7712 0.2043 0.0161 0.0355 
