1 0.1779 0.4564 0.0583 0.1039 
1 0.2846 0.2226 0.0135 0.0334 
1 0.3049 0.2226 0.0125 0.0297 
1 0.3288 0.2263 0.0146 0.026 
1 0.3252 0.1994 0.0135 0.0278 
1 0.3481 0.2208 0.0177 0.0223 
1 0.3528 0.1892 0.0166 0.0371 
1 0.3746 0.2328 0.0166 0.0353 
1 0.3814 0.1688 0.0135 0.026 
1 0.3902 0.2096 0.0187 0.0371 
1 0.4089 0.2319 0.0166 0.0408 
1 0.4199 0.2505 0.0177 0.0408 
1 0.4116 0.1679 0.0114 0.0315 
1 0.4303 0.2059 0.0177 0.0334 
1 0.4381 0.1688 0.0146 0.026 
1 0.4469 0.1892 0.0135 0.0371 
1 0.4677 0.2041 0.0177 0.0408 
1 0.4917 0.1809 0.0156 0.0315 
1 0.5229 0.179 0.0156 0.0278 
1 0.4818 0.1503 0.0125 0.0297 
1 0.5016 0.1299 0.0104 0.026 
1 0.5583 0.1874 0.0177 0.0371 
1 0.5947 0.2254 0.0198 0.0538 
1 0.6368 0.2486 0.0229 0.0408 
1 0.6909 0.2597 0.0208 0.0557 
1 0.6961 0.32 0.0312 0.0612 
1 0.757 0.3525 0.0198 0.0557 
1 0.7929 0.2894 0.0166 0.0482 
1 0.9131 0.3571 0.026 0.0612 
1 0.7248 0.2328 0.0177 0.0427 
1 0.5395 0.1651 0.0135 0.0371 
1 0.5489 0.1373 0.0114 0.0334 
1 0.5723 0.141 0.0125 0.0334 
1 0.5858 0.1679 0.0146 0.0278 
1 0.5994 0.1568 0.0125 0.0315 
1 0.6394 0.1651 0.0177 0.026 
1 0.6597 0.1809 0.0146 0.0353 
1 0.781 0.128 0.0135 0.0334 
1 0.6909 0.1327 0.0146 0.0278 
1 0.7123 0.1187 0.0114 0.0297 
1 0.7149 0.1827 0.0166 0.0353 
1 0.7315 0.1494 0.0125 0.0278 
1 0.7414 0.1688 0.0156 0.0371 
1 0.7596 0.2013 0.0166 0.039 
1 0.8002 0.2069 0.0166 0.039 
1 0.794 0.1698 0.0146 0.039 
1 0.8065 0.1419 0.0125 0.0315 
1 0.8267 0.1373 0.0114 0.0297 
1 0.8319 0.1763 0.0135 0.0334 
1 0.8293 0.2542 0.0187 0.0445 
1 0.8398 0.2254 0.0146 0.0427 
1 0.898 0.2319 0.0187 0.0482 
1 0.9318 0.2514 0.0156 0.0464 
1 0.8554 0.1549 0.0125 0.0353 
1 0.8678 0.1865 0.0146 0.039 
1 0.8772 0.1633 0.0125 0.0297 
1 0.9043 0.1809 0.0146 0.0353 
1 0.9365 0.2106 0.0166 0.039 
1 0.9433 0.1929 0.0156 0.0334 
1 0.6883 0.1095 0.0114 0.0297 
1 0.6379 0.141 0.0146 0.026 
1 0.6452 0.1197 0.0125 0.0278 
1 0.5942 0.128 0.0166 0.026 
1 0.8543 0.218 0.0166 0.0315 
1 0.7732 0.2542 0.0187 0.0408 
1 0.5073 0.1596 0.0135 0.0297 
1 0.4199 0.1614 0.0114 0.026 
