1 0.0679 0.4571 0.0432 0.0735 
1 0.1275 0.579 0.0441 0.0666 
1 0.1016 0.5792 0.0285 0.0588 
1 0.0769 0.5721 0.0343 0.0625 
1 0.115 0.6389 0.0567 0.0784 
1 0.152 0.6912 0.068 0.0874 
1 0.2013 0.769 0.0993 0.1377 
1 0.1785 0.9163 0.1449 0.1675 
1 0.4926 0.8946 0.1158 0.1773 
1 0.3729 0.7112 0.0852 0.1258 
1 0.2969 0.6759 0.068 0.0968 
1 0.2469 0.6417 0.0484 0.0768 
1 0.2279 0.5972 0.0374 0.0588 
1 0.2044 0.5678 0.038 0.0637 
1 0.214 0.5288 0.0322 0.0437 
1 0.2563 0.5349 0.0254 0.038 
1 0.2656 0.5554 0.0263 0.0429 
1 0.2914 0.5647 0.0374 0.0617 
1 0.3497 0.5623 0.042 0.0748 
1 0.422 0.5627 0.0389 0.0576 
1 0.4747 0.5842 0.0395 0.0686 
1 0.4606 0.5145 0.0291 0.047 
1 0.5078 0.5427 0.0383 0.0576 
1 0.5204 0.6011 0.0518 0.0666 
1 0.5541 0.5652 0.0352 0.0527 
1 0.563 0.5229 0.026 0.0498 
1 0.631 0.5413 0.0414 0.0547 
1 0.6351 0.5882 0.0417 0.0588 
1 0.6229 0.6189 0.0545 0.0768 
1 0.7722 0.6887 0.0812 0.1029 
1 0.743 0.606 0.0545 0.0846 
1 0.7403 0.5447 0.0358 0.0519 
1 0.7353 0.5163 0.027 0.0466 
1 0.6893 0.5337 0.0306 0.0437 
1 0.6754 0.5139 0.0224 0.0359 
1 0.6593 0.5488 0.0245 0.0339 
1 0.775 0.5323 0.0254 0.049 
1 0.7626 0.5069 0.0202 0.0376 
1 0.7961 0.5664 0.0322 0.0568 
1 0.8078 0.5482 0.0297 0.0466 
1 0.8347 0.5145 0.0285 0.0527 
1 0.8563 0.5288 0.0312 0.0519 
1 0.888 0.5668 0.0334 0.0617 
1 0.8997 0.5274 0.0328 0.0449 
1 0.9459 0.5437 0.0328 0.058 
1 0.9239 0.5895 0.0426 0.0678 
1 0.9131 0.6479 0.0659 0.0989 
1 0.9703 0.7704 0.0588 0.1462 
