1 0.1191 0.5758 0.0599 0.1016 
1 0.0734 0.5633 0.0552 0.0859 
1 0.0581 0.5133 0.0411 0.0672 
1 0.0381 0.4531 0.0317 0.0531 
1 0.0282 0.4227 0.0305 0.0453 
1 0.0528 0.3828 0.0282 0.0469 
1 0.0898 0.4055 0.027 0.0422 
1 0.0998 0.4375 0.0305 0.05 
1 0.1397 0.4695 0.0329 0.0609 
1 0.1667 0.5047 0.0376 0.0688 
1 0.206 0.5437 0.0411 0.0781 
1 0.2201 0.518 0.034 0.0609 
1 0.2435 0.4977 0.0317 0.0547 
1 0.2606 0.4477 0.0352 0.0578 
1 0.2318 0.4242 0.0223 0.0391 
1 0.2377 0.382 0.027 0.0484 
1 0.1948 0.4641 0.0352 0.0594 
1 0.1772 0.4125 0.0235 0.0406 
1 0.1502 0.4328 0.0305 0.0375 
1 0.1391 0.3859 0.027 0.0437 
1 0.2835 0.6148 0.0646 0.1047 
1 0.3621 0.5469 0.0434 0.075 
1 0.3938 0.5797 0.0481 0.0844 
1 0.3374 0.482 0.0387 0.0609 
1 0.3439 0.4188 0.0235 0.0406 
1 0.3768 0.4078 0.0258 0.0375 
1 0.4167 0.3766 0.0282 0.0437 
1 0.439 0.3844 0.0235 0.0344 
1 0.4349 0.4148 0.0246 0.0422 
1 0.4102 0.4492 0.0387 0.0641 
1 0.4918 0.4969 0.0376 0.0594 
1 0.4988 0.4484 0.0282 0.0437 
1 0.4712 0.4102 0.0223 0.0453 
1 0.4818 0.3914 0.0223 0.0453 
1 0.5188 0.443 0.0258 0.0453 
1 0.5387 0.4227 0.0258 0.0422 
1 0.5622 0.4781 0.0305 0.05 
1 0.5722 0.4477 0.0223 0.0453 
1 0.5769 0.4219 0.0176 0.0312 
1 0.588 0.3859 0.0188 0.0375 
1 0.6068 0.3867 0.0235 0.0422 
1 0.645 0.4023 0.0246 0.0422 
1 0.6479 0.3742 0.0235 0.0328 
1 0.6637 0.382 0.0246 0.0422 
1 0.6884 0.3812 0.02 0.0344 
1 0.6831 0.4062 0.0235 0.0406 
1 0.6896 0.4742 0.027 0.0516 
1 0.7254 0.5531 0.0493 0.0813 
1 0.6373 0.6258 0.0657 0.1203 
1 0.5974 0.5633 0.0446 0.0766 
1 0.6039 0.5156 0.034 0.0563 
1 0.6326 0.5125 0.0352 0.0625 
1 0.527 0.5281 0.0352 0.0688 
1 0.5012 0.5742 0.0493 0.0828 
1 0.7729 0.5117 0.034 0.0672 
1 0.7799 0.4828 0.034 0.05 
1 0.7553 0.4273 0.0246 0.0453 
1 0.7441 0.4055 0.0164 0.0422 
1 0.7207 0.4125 0.0235 0.0375 
1 0.7594 0.3875 0.0258 0.05 
1 0.7923 0.4 0.0235 0.0406 
1 0.8404 0.3961 0.0282 0.0453 
1 0.8562 0.4352 0.034 0.0516 
1 0.8856 0.4219 0.0293 0.0469 
1 0.9155 0.4242 0.0329 0.0516 
1 0.9613 0.4406 0.0305 0.0437 
1 0.9871 0.4742 0.0258 0.0578 
1 0.98 0.5219 0.0399 0.075 
1 0.8879 0.6078 0.0692 0.1125 
1 0.882 0.525 0.0481 0.0719 
1 0.8486 0.5234 0.0376 0.0688 
