1 0.0142 0.5274 0.0221 0.0803 
1 0.2312 0.2744 0.0182 0.053 
1 0.2526 0.2709 0.0166 0.0462 
1 0.2708 0.2556 0.0198 0.0427 
1 0.3229 0.241 0.0134 0.0376 
1 0.3522 0.2427 0.0134 0.0376 
1 0.3866 0.2598 0.0174 0.0581 
1 0.4431 0.3274 0.0213 0.0462 
1 0.366 0.2179 0.0158 0.0393 
1 0.3791 0.1983 0.0103 0.0308 
1 0.4111 0.2556 0.0174 0.0325 
1 0.4217 0.1872 0.015 0.0427 
1 0.4439 0.2034 0.0166 0.041 
1 0.4885 0.2547 0.0206 0.0444 
1 0.5119 0.2154 0.0182 0.041 
1 0.4866 0.1709 0.0103 0.0444 
1 0.5032 0.1556 0.015 0.041 
1 0.5281 0.1769 0.019 0.0427 
1 0.5455 0.1692 0.0142 0.041 
1 0.5613 0.1598 0.0126 0.0393 
1 0.5648 0.2308 0.0182 0.0513 
1 0.5874 0.2051 0.0126 0.0274 
1 0.6079 0.2034 0.0174 0.0342 
1 0.6221 0.1829 0.0111 0.0376 
1 0.5917 0.1393 0.015 0.0359 
1 0.6107 0.1231 0.0166 0.0376 
1 0.6399 0.1299 0.0182 0.041 
1 0.6644 0.1564 0.0103 0.0325 
1 0.6684 0.1906 0.015 0.0222 
1 0.6692 0.2419 0.0245 0.0427 
1 0.5814 0.3385 0.015 0.041 
1 0.6071 0.3803 0.0174 0.0632 
1 0.6652 0.4068 0.0229 0.0547 
1 0.7249 0.4239 0.0237 0.065 
1 0.8032 0.4709 0.0253 0.0803 
1 0.8652 0.5111 0.0229 0.0821 
1 0.8802 0.4231 0.0229 0.0598 
1 0.9534 0.4547 0.0285 0.0718 
1 0.951 0.3812 0.0158 0.0513 
1 0.9316 0.3573 0.0245 0.041 
1 0.8711 0.3419 0.0269 0.0581 
1 0.8209 0.3128 0.0198 0.0513 
1 0.7743 0.2889 0.0182 0.0444 
1 0.8012 0.265 0.0134 0.0444 
1 0.8289 0.2325 0.0198 0.0376 
1 0.751 0.2368 0.0158 0.0462 
1 0.7261 0.2786 0.0213 0.0581 
1 0.7024 0.2179 0.0182 0.053 
1 0.6968 0.1658 0.015 0.041 
1 0.7245 0.1564 0.0087 0.0427 
1 0.7016 0.1342 0.0119 0.0222 
1 0.7688 0.2026 0.015 0.0393 
1 0.7874 0.2051 0.0158 0.0376 
1 0.8055 0.1932 0.0111 0.0513 
1 0.8206 0.1974 0.0095 0.0496 
1 0.8779 0.2444 0.015 0.0376 
1 0.9107 0.2368 0.0142 0.0188 
1 0.9083 0.2641 0.0142 0.0325 
1 0.8964 0.2855 0.0158 0.0342 
1 0.9364 0.2726 0.0166 0.0359 
1 0.9518 0.2453 0.0111 0.0359 
1 0.9929 0.2752 0.0126 0.0342 
1 0.9735 0.3231 0.0198 0.0376 
1 0.9858 0.3752 0.0206 0.0496 
1 0.6138 0.306 0.0213 0.0513 
