1 0.2433 0.6903 0.0933 0.1354 
1 0.4342 0.8324 0.1083 0.1709 
1 0.5813 0.6132 0.0475 0.0655 
1 0.6846 0.5744 0.0408 0.0566 
1 0.8904 0.6554 0.0608 0.0943 
1 0.9158 0.5966 0.0533 0.0721 
1 0.5142 0.5533 0.0417 0.0633 
1 0.4163 0.5516 0.0542 0.0644 
1 0.3925 0.535 0.03 0.0444 
1 0.3229 0.4989 0.0242 0.0322 
1 0.2858 0.4989 0.0333 0.0388 
1 0.2671 0.495 0.0258 0.0311 
1 0.2108 0.5538 0.045 0.0555 
1 0.1988 0.5044 0.0358 0.0388 
1 0.11 0.5366 0.0417 0.0499 
1 0.095 0.4889 0.0367 0.0366 
1 0.0367 0.5139 0.04 0.0444 
1 0.0154 0.6387 0.0292 0.0566 
