1 0.1764 0.4582 0.0431 0.0837 
1 0.2677 0.214 0.0155 0.0311 
1 0.3258 0.1741 0.0188 0.037 
1 0.354 0.1732 0.0199 0.035 
1 0.3042 0.2004 0.0199 0.0311 
1 0.3037 0.2315 0.0144 0.0389 
1 0.3451 0.1955 0.0177 0.037 
1 0.3916 0.1469 0.0133 0.0331 
1 0.4414 0.1401 0.0133 0.0311 
1 0.4154 0.1459 0.0144 0.0428 
1 0.4231 0.1518 0.0144 0.035 
1 0.4956 0.107 0.0133 0.0233 
1 0.4696 0.1294 0.0144 0.0214 
1 0.4779 0.1342 0.0133 0.0311 
1 0.3949 0.1877 0.0221 0.0409 
1 0.4071 0.1936 0.0133 0.0292 
1 0.3844 0.2646 0.0188 0.0506 
1 0.3999 0.216 0.0144 0.0389 
1 0.4403 0.1732 0.0155 0.0233 
1 0.4679 0.18 0.0199 0.0331 
1 0.4989 0.1683 0.0155 0.0253 
1 0.5105 0.142 0.0166 0.0311 
1 0.5166 0.1158 0.0111 0.0253 
1 0.5548 0.1119 0.0144 0.0214 
1 0.5238 0.1663 0.0166 0.0331 
1 0.5465 0.1459 0.0177 0.0311 
1 0.5929 0.1002 0.0177 0.0253 
1 0.5664 0.143 0.0221 0.0447 
1 0.5608 0.1712 0.0155 0.0311 
1 0.6029 0.1411 0.0155 0.0331 
1 0.589 0.2091 0.0232 0.0409 
1 0.5879 0.1634 0.0166 0.0428 
1 0.5863 0.1362 0.0199 0.0428 
1 0.6471 0.1031 0.0133 0.0311 
1 0.641 0.1488 0.0188 0.0409 
1 0.6427 0.1809 0.0177 0.0389 
1 0.6206 0.2315 0.0288 0.0661 
1 0.6775 0.1673 0.0166 0.035 
1 0.6803 0.0953 0.0133 0.0233 
1 0.6952 0.107 0.0144 0.0272 
1 0.7052 0.0924 0.0166 0.0292 
1 0.6892 0.2004 0.0199 0.0389 
1 0.6869 0.2412 0.0199 0.0467 
1 0.7024 0.2996 0.031 0.0623 
1 0.7295 0.1333 0.0144 0.037 
1 0.7207 0.1673 0.0166 0.0233 
1 0.7494 0.1274 0.0122 0.0214 
1 0.7306 0.2237 0.0188 0.0428 
1 0.7649 0.1109 0.0122 0.0272 
1 0.7533 0.18 0.0199 0.0409 
1 0.7566 0.2267 0.0221 0.0409 
1 0.7788 0.1255 0.0133 0.0331 
1 0.786 0.1547 0.0166 0.0253 
1 0.8003 0.1245 0.0122 0.0233 
1 0.8142 0.1216 0.0111 0.0292 
1 0.7987 0.1897 0.0177 0.0292 
1 0.7948 0.2704 0.0254 0.0467 
1 0.8435 0.1469 0.0144 0.037 
1 0.8225 0.1897 0.021 0.037 
1 0.8424 0.2043 0.021 0.0389 
1 0.8308 0.2364 0.0199 0.0447 
1 0.8722 0.1644 0.0166 0.0447 
1 0.9093 0.1381 0.0111 0.0195 
1 0.9115 0.177 0.0111 0.0311 
1 0.8971 0.2111 0.0155 0.037 
1 0.9165 0.3463 0.0277 0.0545 
1 0.9325 0.2422 0.0177 0.037 
1 0.9414 0.2169 0.0199 0.0331 
1 0.9369 0.1984 0.0177 0.0428 
1 0.9502 0.177 0.0221 0.0506 
1 0.5293 0.143 0.0144 0.0292 
1 0.7412 0.3687 0.0288 0.0603 
1 0.6211 0.1313 0.0144 0.0292 
