1 0.1633 0.5748 0.0891 0.1518 
1 0.2391 0.5385 0.0563 0.0956 
1 0.2836 0.4366 0.0672 0.0873 
1 0.4344 0.5229 0.1 0.1642 
1 0.5898 0.8222 0.1109 0.1726 
1 0.7828 0.7183 0.0781 0.1435 
1 0.8734 0.5832 0.0625 0.1268 
1 0.9367 0.6455 0.0734 0.106 
1 0.9563 0.841 0.0875 0.2557 
1 0.0555 0.6518 0.0672 0.1476 
1 0.2922 0.369 0.05 0.0936 
1 0.3391 0.3191 0.0594 0.0894 
1 0.5273 0.3545 0.0391 0.0728 
1 0.5844 0.4106 0.05 0.0769 
1 0.6422 0.4667 0.05 0.0769 
1 0.6203 0.5312 0.0625 0.0811 
1 0.2055 0.2048 0.0422 0.0686 
1 0.2031 0.3441 0.0531 0.0811 
1 0.0195 0.2037 0.0359 0.0748 
