1 0.1206 0.3002 0.0409 0.0819 
1 0.273 0.3712 0.0184 0.0468 
1 0.3347 0.3855 0.0184 0.0452 
1 0.3585 0.347 0.0142 0.0318 
1 0.3769 0.3671 0.0192 0.0485 
1 0.4086 0.3462 0.0142 0.0368 
1 0.4441 0.3478 0.0167 0.0435 
1 0.4449 0.3261 0.0117 0.0234 
1 0.4866 0.3269 0.0134 0.0418 
1 0.5096 0.3528 0.0125 0.0301 
1 0.4787 0.4147 0.0242 0.0569 
1 0.5559 0.3796 0.0217 0.0502 
1 0.5488 0.3269 0.0125 0.0385 
1 0.5355 0.311 0.0142 0.0401 
1 0.5797 0.3169 0.0125 0.0318 
1 0.5902 0.342 0.0167 0.0418 
1 0.5931 0.3821 0.0242 0.0552 
1 0.6444 0.3344 0.025 0.0502 
1 0.6553 0.3135 0.0184 0.0418 
1 0.6845 0.3704 0.0301 0.0652 
1 0.687 0.3319 0.0234 0.0585 
1 0.6845 0.291 0.0134 0.0334 
1 0.7058 0.2893 0.0125 0.0301 
1 0.7371 0.2943 0.0134 0.0401 
1 0.755 0.3303 0.0209 0.0518 
1 0.7692 0.3119 0.0159 0.0385 
1 0.7529 0.2893 0.015 0.0301 
1 0.7963 0.3027 0.0167 0.0401 
1 0.8201 0.3411 0.0275 0.0502 
1 0.8247 0.3161 0.0167 0.0401 
1 0.8614 0.2834 0.0184 0.0385 
1 0.904 0.3236 0.0234 0.0485 
1 0.9094 0.2885 0.0192 0.0452 
1 0.9073 0.2617 0.0184 0.0351 
1 0.9708 0.291 0.0217 0.0468 
1 0.9107 0.3863 0.0501 0.0803 
1 0.7583 0.5385 0.0593 0.1505 
1 0.7358 0.4707 0.0426 0.1054 
