1 0.0337 0.3451 0.0361 0.0521 
1 0.0649 0.3672 0.0479 0.0859 
1 0.106 0.3861 0.0537 0.082 
1 0.1504 0.3216 0.0312 0.0521 
1 0.1758 0.3574 0.043 0.0716 
1 0.2124 0.3281 0.0283 0.0521 
1 0.2402 0.347 0.043 0.0716 
1 0.2681 0.3359 0.0303 0.0521 
1 0.2607 0.498 0.1055 0.1471 
1 0.3882 0.5098 0.0674 0.1055 
1 0.5068 0.4577 0.0664 0.1133 
1 0.4697 0.3743 0.0527 0.0846 
1 0.4321 0.362 0.0361 0.0625 
1 0.3867 0.3477 0.0371 0.0651 
1 0.373 0.2832 0.0371 0.056 
1 0.417 0.3203 0.0293 0.0443 
1 0.4648 0.3223 0.0293 0.0378 
1 0.519 0.3294 0.0225 0.0469 
1 0.5425 0.3509 0.0303 0.0482 
1 0.5518 0.3242 0.0254 0.0365 
1 0.5713 0.3607 0.0332 0.0573 
1 0.5903 0.3372 0.0283 0.0521 
1 0.6104 0.3418 0.0332 0.0534 
1 0.6631 0.2578 0.0469 0.0729 
1 0.6509 0.4902 0.1104 0.1576 
1 0.7422 0.4368 0.0859 0.1393 
1 0.7764 0.3809 0.0645 0.0742 
1 0.7451 0.3314 0.0332 0.0534 
1 0.8228 0.4089 0.0498 0.0703 
1 0.8281 0.36 0.0312 0.0482 
1 0.8569 0.3431 0.0342 0.0612 
1 0.9219 0.36 0.0469 0.069 
1 0.9766 0.3379 0.0449 0.0586 
