1 0.0519 0.5577 0.1005 0.1803 
1 0.1742 0.2547 0.0762 0.1111 
1 0.2917 0.4727 0.0681 0.1027 
1 0.3509 0.5231 0.0729 0.1069 
1 0.4344 0.4455 0.0648 0.0985 
1 0.4716 0.5828 0.0972 0.1468 
1 0.5073 0.4759 0.0519 0.0755 
1 0.5543 0.4979 0.0713 0.1069 
1 0.5883 0.4612 0.0551 0.0881 
1 0.6677 0.5577 0.1037 0.1468 
1 0.6694 0.8899 0.2626 0.2201 
1 0.9571 0.8354 0.0859 0.2075 
1 0.6669 0.4759 0.0535 0.0755 
1 0.7204 0.4853 0.047 0.0734 
1 0.7853 0.479 0.0632 0.0985 
1 0.8152 0.5388 0.0778 0.1216 
1 0.8379 0.4654 0.0681 0.0797 
1 0.8614 0.4298 0.06 0.0713 
1 0.9514 0.4874 0.0681 0.0943 
