1 0.096 0.5684 0.0377 0.0722 
1 0.1897 0.3451 0.017 0.0316 
1 0.222 0.3714 0.0206 0.0361 
1 0.2619 0.3729 0.0161 0.0361 
1 0.2883 0.4045 0.0224 0.0421 
1 0.2507 0.3165 0.0152 0.0286 
1 0.3193 0.3504 0.0179 0.0361 
1 0.3256 0.3053 0.0161 0.0331 
1 0.3561 0.3481 0.0143 0.0316 
1 0.3834 0.3421 0.017 0.0376 
1 0.3659 0.2722 0.0161 0.0331 
1 0.383 0.3105 0.0161 0.0256 
1 0.3794 0.2827 0.0108 0.0241 
1 0.4507 0.3278 0.0188 0.0391 
1 0.4157 0.3188 0.0206 0.0331 
1 0.4251 0.2654 0.0143 0.0286 
1 0.4076 0.2594 0.0135 0.0256 
1 0.4426 0.2797 0.017 0.0301 
1 0.4439 0.2504 0.0143 0.0256 
1 0.4525 0.2361 0.0117 0.0211 
1 0.4915 0.2737 0.0126 0.0331 
1 0.5076 0.2782 0.0143 0.0331 
1 0.4892 0.3323 0.0152 0.0331 
1 0.4305 0.3571 0.0233 0.0346 
1 0.4538 0.4195 0.0287 0.0662 
1 0.504 0.2489 0.0143 0.0256 
1 0.5462 0.2827 0.0161 0.0361 
1 0.5399 0.2474 0.0143 0.0286 
1 0.565 0.2541 0.0143 0.0331 
1 0.5587 0.2188 0.0108 0.0256 
1 0.5704 0.2135 0.0108 0.0241 
1 0.5951 0.2511 0.0135 0.0301 
1 0.6417 0.2496 0.0135 0.0271 
1 0.6377 0.2218 0.0126 0.0226 
1 0.6126 0.2015 0.0108 0.0241 
1 0.6682 0.2113 0.0108 0.0256 
1 0.6776 0.2293 0.0099 0.0256 
1 0.6839 0.215 0.0152 0.0301 
1 0.6713 0.282 0.017 0.0316 
1 0.7099 0.2632 0.017 0.0301 
1 0.5933 0.3444 0.0224 0.0421 
1 0.5296 0.4226 0.0278 0.0451 
1 0.5229 0.3895 0.0269 0.0421 
1 0.5821 0.4165 0.0251 0.0391 
1 0.5744 0.4797 0.0314 0.0602 
1 0.6359 0.4835 0.0377 0.0677 
1 0.6664 0.3902 0.0215 0.0436 
1 0.6417 0.3632 0.0206 0.0406 
1 0.6314 0.3128 0.0179 0.0271 
1 0.6883 0.3263 0.017 0.0361 
1 0.7179 0.3068 0.0152 0.0391 
1 0.7525 0.2541 0.0126 0.0301 
1 0.7646 0.2218 0.0117 0.0316 
1 0.7031 0.5632 0.0359 0.0707 
1 0.726 0.4203 0.0278 0.0466 
1 0.6933 0.3767 0.0233 0.0406 
1 0.8269 0.3722 0.0215 0.0466 
1 0.7874 0.4474 0.0233 0.0586 
1 0.8386 0.5203 0.0323 0.0632 
1 0.8668 0.4759 0.0278 0.0586 
1 0.9386 0.5 0.0278 0.0647 
1 0.8767 0.3865 0.0242 0.0481 
1 0.8915 0.3436 0.0161 0.0376 
1 0.9215 0.3338 0.017 0.0391 
1 0.9489 0.3707 0.0161 0.0436 
1 0.9578 0.3308 0.0143 0.0361 
1 0.9722 0.3226 0.0161 0.0316 
1 0.9646 0.2902 0.0152 0.0301 
1 0.917 0.2812 0.017 0.0301 
1 0.8996 0.2639 0.0161 0.0316 
1 0.865 0.2842 0.0152 0.0271 
1 0.8762 0.2654 0.0161 0.0316 
1 0.8601 0.2564 0.0197 0.0316 
1 0.8372 0.2767 0.0152 0.0361 
1 0.8202 0.297 0.017 0.0286 
1 0.8682 0.3331 0.0179 0.0376 
1 0.8413 0.3519 0.0179 0.0421 
1 0.7825 0.294 0.0188 0.0346 
1 0.774 0.2609 0.0143 0.0256 
1 0.7924 0.2737 0.017 0.0361 
1 0.7924 0.2429 0.0152 0.0346 
1 0.8247 0.2444 0.017 0.0286 
