1 0.18 0.4955 0.036 0.0572 
1 0.167 0.4593 0.03 0.0392 
1 0.13 0.4608 0.028 0.0422 
1 0.148 0.387 0.024 0.0331 
1 0.185 0.3946 0.018 0.0361 
1 0.191 0.3524 0.018 0.0301 
1 0.226 0.4367 0.024 0.0361 
1 0.237 0.4608 0.026 0.0482 
1 0.243 0.381 0.014 0.0271 
1 0.276 0.4413 0.02 0.0331 
1 0.267 0.494 0.026 0.0422 
1 0.274 0.5301 0.04 0.0663 
1 0.278 0.3946 0.016 0.0301 
1 0.309 0.4322 0.018 0.0271 
1 0.34 0.4985 0.024 0.0452 
1 0.398 0.5166 0.04 0.0753 
1 0.421 0.497 0.03 0.0602 
1 0.374 0.4608 0.02 0.0361 
1 0.353 0.4413 0.018 0.0331 
1 0.336 0.387 0.016 0.0271 
1 0.366 0.3886 0.012 0.0241 
1 0.388 0.4142 0.016 0.0271 
1 0.4 0.4352 0.016 0.0271 
1 0.404 0.4006 0.012 0.0241 
1 0.423 0.4217 0.014 0.0241 
1 0.439 0.4367 0.014 0.0241 
1 0.433 0.4608 0.022 0.0361 
1 0.471 0.4729 0.022 0.0361 
1 0.483 0.5075 0.026 0.0512 
1 0.479 0.4428 0.018 0.0301 
1 0.457 0.4187 0.014 0.0241 
1 0.426 0.3976 0.016 0.0181 
1 0.472 0.3901 0.016 0.0271 
1 0.508 0.4172 0.016 0.0271 
1 0.499 0.3886 0.014 0.0301 
1 0.514 0.3855 0.012 0.0181 
1 0.513 0.4458 0.018 0.0241 
1 0.521 0.4684 0.022 0.0392 
1 0.549 0.497 0.03 0.0482 
1 0.523 0.5271 0.038 0.0723 
1 0.539 0.4217 0.014 0.0301 
1 0.529 0.3991 0.014 0.0271 
1 0.55 0.3961 0.012 0.0271 
1 0.562 0.4352 0.016 0.0331 
1 0.569 0.4759 0.018 0.0422 
1 0.599 0.497 0.03 0.0542 
1 0.583 0.4247 0.014 0.0361 
1 0.574 0.4036 0.012 0.0301 
1 0.588 0.3976 0.012 0.0241 
1 0.606 0.4066 0.012 0.0241 
1 0.603 0.4458 0.014 0.0301 
1 0.623 0.4623 0.018 0.0331 
1 0.642 0.5241 0.036 0.0723 
1 0.618 0.4232 0.016 0.0331 
1 0.636 0.4006 0.012 0.0241 
1 0.666 0.387 0.016 0.0271 
1 0.668 0.4277 0.016 0.0301 
1 0.653 0.4458 0.018 0.0301 
1 0.675 0.4699 0.022 0.0361 
1 0.663 0.506 0.022 0.0422 
1 0.7 0.5075 0.024 0.0512 
1 0.699 0.4533 0.018 0.0331 
1 0.711 0.4322 0.014 0.0211 
1 0.705 0.3855 0.014 0.0241 
1 0.741 0.3886 0.014 0.0241 
1 0.729 0.4578 0.022 0.0361 
1 0.743 0.4292 0.014 0.0331 
1 0.757 0.4443 0.018 0.0331 
1 0.738 0.503 0.024 0.0482 
1 0.789 0.5136 0.026 0.0512 
1 0.801 0.5437 0.042 0.0753 
1 0.788 0.4789 0.024 0.0422 
1 0.802 0.4548 0.02 0.0301 
1 0.798 0.4277 0.016 0.0301 
1 0.789 0.3946 0.014 0.0241 
1 0.831 0.387 0.022 0.0271 
1 0.843 0.4518 0.018 0.0361 
1 0.857 0.4232 0.018 0.0271 
1 0.87 0.384 0.02 0.0331 
1 0.876 0.4473 0.02 0.0392 
1 0.865 0.4804 0.03 0.0392 
1 0.845 0.5211 0.03 0.0542 
