1 0.2686 0.5115 0.0872 0.143 
1 0.1594 0.4863 0.08 0.0956 
1 0.0436 0.3944 0.0572 0.0911 
1 0.0908 0.3011 0.0406 0.0585 
1 0.1578 0.3122 0.0344 0.0615 
1 0.2181 0.3385 0.0428 0.0696 
1 0.2914 0.2974 0.0317 0.0541 
1 0.3222 0.3711 0.0367 0.0726 
1 0.3586 0.3396 0.0317 0.0541 
1 0.3481 0.2885 0.0261 0.0496 
1 0.4261 0.303 0.0278 0.0474 
1 0.4342 0.4104 0.0717 0.1081 
1 0.4533 0.3393 0.0344 0.0548 
1 0.4511 0.2878 0.0222 0.0319 
1 0.5242 0.3252 0.0294 0.0489 
1 0.5258 0.2993 0.025 0.0311 
1 0.5869 0.3452 0.0528 0.0726 
1 0.6183 0.4519 0.0789 0.1141 
1 0.6314 0.3219 0.045 0.06 
1 0.6131 0.2893 0.0339 0.0467 
1 0.7592 0.3456 0.0472 0.0778 
1 0.7892 0.4185 0.0594 0.0919 
1 0.8586 0.3196 0.0406 0.0704 
1 0.9339 0.3796 0.0567 0.0881 
