1 0.0667 0.4541 0.0533 0.1135 
1 0.13 0.4432 0.04 0.0811 
1 0.1942 0.4541 0.0517 0.0973 
1 0.27 0.4554 0.0667 0.1432 
1 0.3733 0.4459 0.04 0.0865 
1 0.335 0.4689 0.0233 0.0622 
1 0.4467 0.4784 0.06 0.1081 
1 0.5267 0.4514 0.05 0.1189 
1 0.5825 0.4676 0.0417 0.1135 
1 0.6592 0.4419 0.055 0.1054 
1 0.7217 0.4676 0.05 0.1027 
1 0.7658 0.4459 0.0383 0.0703 
1 0.8008 0.4527 0.025 0.0622 
1 0.8375 0.4838 0.035 0.0811 
1 0.8708 0.4932 0.0317 0.0622 
1 0.8833 0.45 0.0233 0.0459 
1 0.9283 0.4905 0.0367 0.0838 
1 0.9775 0.4757 0.035 0.0541 
