1 0.1254 0.2913 0.2381 0.4587 
1 0.3201 0.4468 0.0476 0.081 
1 0.372 0.3349 0.0497 0.0794 
1 0.236 0.3492 0.036 0.0825 
1 0.4228 0.5278 0.0751 0.1286 
1 0.4857 0.4619 0.0571 0.1079 
1 0.4804 0.319 0.0402 0.0698 
1 0.5423 0.277 0.037 0.0587 
1 0.6397 0.2762 0.0307 0.0698 
1 0.6407 0.473 0.054 0.0825 
1 0.7529 0.5563 0.0878 0.1413 
1 0.7021 0.3635 0.0434 0.0667 
1 0.745 0.2825 0.0339 0.0571 
1 0.8079 0.3714 0.0413 0.0698 
1 0.8291 0.4413 0.0624 0.1143 
1 0.9111 0.3579 0.0402 0.0841 
1 0.8418 0.2794 0.0328 0.0571 
1 0.8704 0.2246 0.0286 0.0492 
1 0.9534 0.2373 0.036 0.0556 
1 0.9735 0.2921 0.036 0.0794 
1 0.981 0.4389 0.0381 0.0905 
