0 0.8139 0.3812 0.0361 0.0667 
0 0.759 0.3917 0.0458 0.075 
0 0.6868 0.3979 0.0347 0.0625 
0 0.6535 0.3969 0.0292 0.0479 
0 0.6174 0.4021 0.0319 0.0625 
0 0.5694 0.4021 0.0306 0.05 
0 0.5389 0.3823 0.0278 0.0479 
0 0.5139 0.3781 0.0361 0.0771 
0 0.4979 0.3948 0.0236 0.0437 
0 0.4375 0.3865 0.0361 0.0729 
0 0.3799 0.3729 0.0458 0.0833 
0 0.359 0.3771 0.0347 0.0708 
0 0.3375 0.4146 0.025 0.0333 
0 0.3056 0.4073 0.0194 0.0354 
0 0.2667 0.3958 0.0417 0.0667 
0 0.2035 0.4198 0.0236 0.0396 
0 0.175 0.4062 0.0194 0.0375 
0 0.1424 0.4021 0.0319 0.0583 
0 0.1194 0.4052 0.025 0.0479 
0 0.0639 0.3948 0.0333 0.0729 
0 0.0396 0.4021 0.0208 0.0375 
