0 0.722 0.2718 0.112 0.1892 
0 0.828 0.2973 0.08 0.1441 
0 0.919 0.3694 0.15 0.2102 
0 0.785 0.3063 0.046 0.1141 
0 0.667 0.3063 0.05 0.0901 
0 0.622 0.3739 0.084 0.1291 
0 0.618 0.3003 0.056 0.0721 
0 0.58 0.3123 0.036 0.0781 
0 0.552 0.3363 0.032 0.0721 
0 0.519 0.3108 0.058 0.1111 
0 0.48 0.3303 0.036 0.0721 
0 0.447 0.3108 0.042 0.0871 
0 0.412 0.3003 0.036 0.0781 
0 0.388 0.3078 0.024 0.0631 
0 0.35 0.3003 0.04 0.0781 
0 0.324 0.2988 0.024 0.0571 
0 0.298 0.3108 0.032 0.0571 
0 0.097 0.3318 0.022 0.033 
0 0.138 0.3228 0.02 0.039 
0 0.228 0.3213 0.02 0.042 
1 0.186 0.2973 0.088 0.1622 
