0 0.0672 0.3693 0.0109 0.016 
0 0.0922 0.3664 0.0101 0.0156 
0 0.1209 0.3609 0.0095 0.0178 
0 0.1525 0.3624 0.0095 0.0173 
0 0.1775 0.3576 0.0103 0.0173 
0 0.1648 0.3216 0.0089 0.0164 
0 0.1323 0.3238 0.0092 0.0164 
0 0.1032 0.3229 0.0092 0.0164 
0 0.0778 0.3238 0.0092 0.0164 
0 0.1863 0.3178 0.0084 0.016 
0 0.0898 0.2909 0.0087 0.0191 
0 0.1147 0.2856 0.0098 0.0182 
0 0.1239 0.2551 0.0087 0.016 
0 0.0933 0.2538 0.0095 0.0169 
0 0.1006 0.228 0.0112 0.016 
0 0.1108 0.2 0.0103 0.016 
0 0.1409 0.2031 0.0103 0.0151 
0 0.1327 0.2289 0.0089 0.0178 
0 0.1592 0.2347 0.0089 0.0151 
0 0.1853 0.2291 0.0092 0.0173 
0 0.1696 0.1991 0.0084 0.0169 
0 0.194 0.2002 0.0087 0.0156 
0 0.2128 0.2016 0.0095 0.0164 
0 0.2099 0.2313 0.0092 0.0156 
0 0.2032 0.3656 0.0092 0.0173 
0 0.2155 0.3171 0.0098 0.0164 
0 0.238 0.3613 0.0101 0.0178 
0 0.2351 0.3967 0.0098 0.0156 
0 0.2608 0.3956 0.0092 0.0169 
0 0.2633 0.3631 0.0087 0.0178 
0 0.2492 0.3198 0.0095 0.0156 
0 0.2693 0.3187 0.0089 0.0169 
0 0.2275 0.4302 0.0098 0.0169 
0 0.2489 0.4331 0.0095 0.0129 
0 0.2246 0.4618 0.0095 0.0187 
0 0.2436 0.4713 0.0095 0.0147 
0 0.2187 0.5044 0.0112 0.0178 
0 0.2318 0.4971 0.0101 0.0191 
0 0.2358 0.5311 0.0106 0.0196 
0 0.2087 0.5269 0.0117 0.0182 
0 0.1708 0.5171 0.0109 0.0156 
0 0.163 0.5387 0.0115 0.0187 
0 0.1423 0.5149 0.0109 0.0191 
0 0.1374 0.5458 0.0123 0.0178 
0 0.1159 0.5109 0.0106 0.0182 
0 0.1082 0.5462 0.0115 0.0151 
0 0.5275 0.4464 0.0098 0.0156 
0 0.5272 0.5084 0.0087 0.0178 
0 0.4426 0.5129 0.0087 0.0187 
0 0.4458 0.4396 0.0089 0.0187 
0 0.9103 0.5178 0.0134 0.0196 
0 0.8809 0.5189 0.0109 0.0191 
0 0.8976 0.4733 0.0109 0.0213 
0 0.8669 0.4753 0.0103 0.02 
0 0.8865 0.434 0.0098 0.02 
0 0.8582 0.4356 0.0098 0.016 
0 0.8542 0.4009 0.0106 0.0178 
0 0.8742 0.4064 0.0103 0.0173 
0 0.8943 0.3689 0.0103 0.0187 
0 0.9162 0.3618 0.0112 0.016 
0 0.9391 0.3649 0.0101 0.0151 
0 0.9232 0.3291 0.0101 0.0173 
0 0.9024 0.3309 0.0103 0.0164 
0 0.8832 0.3304 0.0112 0.0156 
0 0.8673 0.3664 0.0106 0.0191 
0 0.8578 0.3358 0.0101 0.0164 
0 0.8408 0.3707 0.0101 0.0187 
0 0.8296 0.3378 0.0112 0.0178 
0 0.8446 0.3067 0.0092 0.0178 
0 0.8226 0.3071 0.0089 0.0169 
0 0.8415 0.2862 0.0092 0.016 
0 0.6817 0.1862 0.0081 0.0151 
0 0.7008 0.1842 0.0078 0.0164 
0 0.7101 0.2216 0.0078 0.0191 
0 0.7244 0.2831 0.0092 0.0178 
0 0.7244 0.3142 0.0103 0.0204 
0 0.7046 0.3102 0.0103 0.0187 
0 0.7089 0.334 0.0106 0.0182 
0 0.6972 0.2898 0.0084 0.0169 
0 0.6958 0.2622 0.0078 0.016 
0 0.6912 0.2418 0.0081 0.0178 
0 0.6832 0.2216 0.0084 0.0164 
0 0.7163 0.2469 0.0087 0.0173 
0 0.7204 0.2542 0.0067 0.0178 
0 0.714 0.3731 0.0089 0.0182 
0 0.7418 0.3684 0.0092 0.0187 
0 0.776 0.3727 0.0089 0.0191 
0 0.7686 0.3367 0.0098 0.0173 
0 0.7392 0.3367 0.0087 0.0173 
0 0.8156 0.2813 0.0089 0.0196 
0 0.8041 0.3724 0.0087 0.0187 
0 0.7989 0.3376 0.0095 0.0191 
0 0.8102 0.2542 0.0081 0.0187 
0 0.833 0.2504 0.0084 0.0191 
0 0.8278 0.2331 0.0081 0.0164 
0 0.8207 0.208 0.0084 0.0169 
0 0.8025 0.226 0.0089 0.0173 
0 0.7926 0.2111 0.0087 0.0178 
0 0.7841 0.1887 0.0095 0.0191 
0 0.8133 0.1838 0.0098 0.0173 
0 0.9408 0.7738 0.0162 0.0222 
0 0.926 0.826 0.0151 0.0209 
0 0.9215 0.8669 0.0156 0.0236 
0 0.8761 0.7476 0.0159 0.0222 
0 0.5429 0.9324 0.0126 0.024 
0 0.5106 0.7576 0.0145 0.0236 
0 0.4872 0.7696 0.0112 0.0227 
0 0.4662 0.7544 0.0101 0.0236 
0 0.4406 0.7629 0.0115 0.0209 
0 0.4239 0.8707 0.0131 0.0213 
0 0.4328 0.73 0.0126 0.0191 
0 0.0152 0.7558 0.0165 0.0227 
0 0.1001 0.7453 0.0159 0.0187 
0 0.08 0.516 0.0103 0.0187 
0 0.0718 0.5484 0.0123 0.0187 
0 0.0409 0.5527 0.0115 0.02 
0 0.0165 0.5476 0.0145 0.0222 
0 0.0355 0.5116 0.0134 0.0178 
0 0.237 0.2351 0.0087 0.016 
0 0.2406 0.2087 0.0087 0.0182 
0 0.2665 0.2324 0.0084 0.0169 
0 0.2851 0.2331 0.0081 0.0156 
0 0.2897 0.2044 0.0078 0.016 
0 0.2693 0.2053 0.0084 0.016 
