0 0.4925 0.4189 0.025 0.0333 
0 0.5925 0.4078 0.0183 0.0289 
0 0.6433 0.3989 0.0167 0.0289 
0 0.7842 0.3978 0.0183 0.0311 
0 0.8133 0.4056 0.02 0.0289 
1 0.1917 0.4178 0.0233 0.0356 
1 0.1625 0.42 0.0217 0.0356 
1 0.3958 0.4211 0.0183 0.0289 
1 0.5525 0.4078 0.0183 0.0244 
1 0.5333 0.4144 0.0167 0.0244 
1 0.715 0.4011 0.0167 0.0244 
1 0.6808 0.4022 0.0183 0.0222 
1 0.755 0.39 0.0167 0.0244 
1 0.7458 0.3989 0.0117 0.02 
1 0.8275 0.3967 0.015 0.0244 
1 0.7967 0.4022 0.0167 0.0267 
0 0.7833 0.3978 0.0167 0.0311 
0 0.8133 0.4056 0.0167 0.0289 
0 0.8908 0.3989 0.0183 0.0289 
