1 0.0588 0.3155 0.025 0.0586 
1 0.2717 0.2267 0.0173 0.0328 
1 0.3309 0.2517 0.0183 0.0414 
1 0.382 0.2578 0.026 0.05 
1 0.4186 0.2784 0.0241 0.0466 
1 0.407 0.2216 0.0183 0.0362 
1 0.394 0.1966 0.0154 0.031 
1 0.3728 0.1931 0.0154 0.0345 
1 0.3911 0.1733 0.0135 0.0259 
1 0.4094 0.1716 0.0173 0.0362 
1 0.4441 0.2147 0.0173 0.0362 
1 0.4412 0.1759 0.0135 0.0276 
1 0.4393 0.1543 0.0135 0.0224 
1 0.4682 0.1431 0.0135 0.0276 
1 0.4812 0.1552 0.0125 0.0276 
1 0.4807 0.1845 0.0154 0.031 
1 0.4634 0.219 0.0193 0.0414 
1 0.512 0.219 0.0183 0.0379 
1 0.5231 0.1853 0.0173 0.0397 
1 0.4976 0.1414 0.0125 0.031 
1 0.527 0.1414 0.0116 0.0276 
1 0.54 0.1431 0.0106 0.0241 
1 0.5448 0.1922 0.0183 0.0397 
1 0.539 0.125 0.0087 0.0224 
1 0.5511 0.1431 0.0096 0.0172 
1 0.5674 0.1448 0.0116 0.0241 
1 0.5804 0.1284 0.0087 0.0224 
1 0.5896 0.1707 0.0173 0.0276 
1 0.5954 0.1371 0.0116 0.0328 
1 0.605 0.1233 0.0096 0.0224 
1 0.6127 0.1121 0.0116 0.0276 
1 0.6272 0.1293 0.0135 0.031 
1 0.6185 0.169 0.0154 0.0345 
1 0.6411 0.1233 0.0145 0.0328 
1 0.658 0.1491 0.0154 0.0362 
1 0.6566 0.1164 0.0125 0.0293 
1 0.6609 0.1216 0.0116 0.0259 
1 0.6859 0.1233 0.0135 0.0293 
1 0.6946 0.1121 0.0116 0.031 
1 0.711 0.1181 0.0116 0.0328 
1 0.5708 0.2776 0.026 0.0586 
1 0.5833 0.2517 0.026 0.0483 
1 0.6344 0.2457 0.0222 0.05 
1 0.618 0.2345 0.0164 0.031 
1 0.6618 0.2009 0.0173 0.0362 
1 0.6806 0.2121 0.0222 0.0517 
1 0.6753 0.2784 0.027 0.0466 
1 0.7071 0.1922 0.0173 0.0431 
1 0.7346 0.1422 0.0125 0.0362 
1 0.7495 0.1474 0.0096 0.0293 
1 0.7577 0.1603 0.0164 0.031 
1 0.7428 0.1897 0.0154 0.0345 
1 0.7596 0.206 0.0183 0.0397 
1 0.7659 0.2517 0.0173 0.0414 
1 0.7746 0.3017 0.0308 0.0586 
1 0.7355 0.2681 0.0222 0.0534 
1 0.7317 0.2474 0.0222 0.0431 
1 0.8271 0.3095 0.026 0.05 
1 0.7924 0.2198 0.0183 0.0362 
1 0.8425 0.2414 0.0164 0.0448 
1 0.868 0.2733 0.027 0.0534 
1 0.9094 0.3586 0.027 0.0655 
1 0.9224 0.3078 0.0164 0.05 
1 0.8955 0.2466 0.0183 0.031 
1 0.922 0.2853 0.0193 0.0362 
1 0.9335 0.2362 0.0173 0.0414 
1 0.9499 0.225 0.0096 0.0293 
1 0.9489 0.1948 0.0116 0.0276 
1 0.9504 0.1741 0.0164 0.0276 
1 0.9147 0.1681 0.0145 0.0293 
1 0.907 0.1905 0.0145 0.0328 
1 0.8468 0.2026 0.0212 0.0328 
1 0.8112 0.1638 0.0173 0.0345 
1 0.8025 0.1388 0.0154 0.0293 
1 0.7789 0.1448 0.0164 0.031 
1 0.8237 0.1483 0.0116 0.0241 
1 0.8401 0.1612 0.0135 0.0362 
1 0.8565 0.1526 0.0116 0.019 
1 0.8791 0.1733 0.0145 0.0293 
1 0.8931 0.156 0.0116 0.0224 
1 0.8608 0.1862 0.0145 0.031 
