1 0.032 0.7773 0.06 0.152 
1 0.332 0.84 0.128 0.1653 
1 0.309 0.584 0.066 0.1067 
1 0.473 0.596 0.074 0.0933 
1 0.451 0.4907 0.042 0.0747 
1 0.465 0.3 0.038 0.0507 
1 0.515 0.456 0.034 0.048 
1 0.544 0.4227 0.032 0.04 
1 0.581 0.4027 0.022 0.032 
1 0.593 0.512 0.046 0.0747 
1 0.61 0.4667 0.04 0.064 
1 0.632 0.4187 0.028 0.0427 
1 0.667 0.416 0.022 0.0373 
1 0.734 0.4307 0.032 0.0507 
1 0.754 0.4187 0.024 0.0427 
1 0.74 0.4867 0.044 0.0453 
1 0.73 0.5187 0.044 0.0613 
1 0.695 0.6627 0.074 0.12 
1 0.679 0.9067 0.134 0.1867 
1 0.935 0.688 0.098 0.1333 
1 0.883 0.548 0.054 0.0773 
1 0.862 0.4933 0.04 0.0587 
1 0.844 0.4507 0.036 0.0533 
1 0.847 0.42 0.034 0.0453 
1 0.338 0.3747 0.024 0.0347 
1 0.3 0.388 0.028 0.04 
1 0.274 0.3827 0.028 0.04 
1 0.221 0.3893 0.03 0.0373 
1 0.185 0.4213 0.038 0.048 
1 0.157 0.376 0.03 0.0427 
1 0.172 0.3533 0.024 0.0347 
1 0.127 0.392 0.03 0.0427 
1 0.103 0.3653 0.03 0.0427 
1 0.089 0.4267 0.042 0.0533 
1 0.036 0.3933 0.036 0.0507 
