1 0.0208 0.5308 0.0307 0.0667 
1 0.1609 0.5712 0.058 0.1102 
1 0.1662 0.4761 0.0349 0.0697 
1 0.2021 0.5395 0.0411 0.0747 
1 0.1011 0.6073 0.0435 0.0735 
1 0.2525 0.5923 0.0791 0.1432 
1 0.3216 0.7407 0.1519 0.3598 
1 0.3216 0.5513 0.0468 0.0781 
1 0.2797 0.5346 0.0413 0.0921 
1 0.3807 0.5834 0.039 0.0832 
1 0.3891 0.5543 0.0364 0.0697 
1 0.4426 0.5842 0.0425 0.0916 
1 0.5202 0.614 0.0817 0.1613 
1 0.5757 0.575 0.0406 0.0857 
1 0.6142 0.5859 0.0349 0.0883 
1 0.5226 0.4263 0.0295 0.0646 
1 0.9028 0.6085 0.039 0.0709 
1 0.9234 0.6351 0.0497 0.087 
