1 0.554 0.4576 0.024 0.0517 
1 0.461 0.7841 0.11 0.2177 
1 0.241 0.8561 0.194 0.2657 
1 0.197 0.7085 0.086 0.1255 
1 0.153 0.6734 0.058 0.107 
1 0.029 0.6162 0.05 0.1181 
1 0.061 0.6015 0.038 0.0812 
1 0.091 0.5849 0.022 0.048 
1 0.218 0.5978 0.028 0.0664 
1 0.246 0.6697 0.036 0.0701 
1 0.262 0.6328 0.036 0.0627 
1 0.257 0.5904 0.03 0.059 
1 0.309 0.6181 0.026 0.0627 
1 0.336 0.6568 0.04 0.0664 
1 0.342 0.6273 0.028 0.059 
1 0.369 0.6255 0.022 0.048 
1 0.385 0.6421 0.022 0.0517 
1 0.398 0.7122 0.052 0.1107 
1 0.42 0.6328 0.028 0.0701 
1 0.445 0.6365 0.034 0.0775 
1 0.471 0.6328 0.026 0.0701 
1 0.492 0.6328 0.024 0.0627 
1 0.511 0.6458 0.022 0.0517 
1 0.542 0.6937 0.048 0.1181 
1 0.554 0.6605 0.036 0.0959 
1 0.571 0.6421 0.03 0.0738 
1 0.137 0.607 0.022 0.048 
1 0.142 0.5849 0.032 0.0627 
1 0.742 0.6494 0.028 0.059 
1 0.78 0.6439 0.024 0.0775 
1 0.812 0.6587 0.036 0.0923 
1 0.838 0.679 0.036 0.0738 
1 0.919 0.679 0.05 0.1107 
1 0.896 0.655 0.032 0.0701 
1 0.964 0.6661 0.04 0.0923 
