1 0.1313 0.3255 0.0781 0.1452 
1 0.218 0.3232 0.0609 0.103 
1 0.2609 0.377 0.0688 0.1311 
1 0.2945 0.3115 0.0578 0.1171 
1 0.3477 0.274 0.0516 0.1171 
1 0.3555 0.3993 0.0672 0.1335 
1 0.3969 0.3068 0.0531 0.1171 
1 0.4539 0.3185 0.0609 0.1358 
1 0.5055 0.3138 0.0547 0.103 
1 0.557 0.315 0.0578 0.1288 
1 0.6172 0.3548 0.0688 0.1335 
1 0.6586 0.356 0.0453 0.1077 
1 0.7219 0.3489 0.0813 0.1358 
1 0.6891 0.2939 0.0469 0.0773 
1 0.4672 0.2635 0.05 0.0773 
1 0.543 0.5433 0.0734 0.1593 
1 0.6289 0.6265 0.0891 0.1616 
1 0.6797 0.4918 0.1062 0.1827 
1 0.8531 0.3044 0.0656 0.1265 
