1 0.0391 0.2451 0.0127 0.0375 
1 0.1956 0.202 0.02 0.0391 
1 0.207 0.3453 0.0391 0.0879 
1 0.3135 0.1686 0.0227 0.0407 
1 0.2953 0.2191 0.0173 0.0244 
1 0.3849 0.1946 0.02 0.044 
1 0.4113 0.2191 0.0218 0.044 
1 0.4167 0.1783 0.0164 0.0342 
1 0.4331 0.145 0.0218 0.0423 
1 0.6101 0.1026 0.0136 0.0293 
1 0.6492 0.1181 0.0155 0.0309 
1 0.6347 0.1393 0.0118 0.0277 
1 0.6465 0.1458 0.0173 0.0244 
1 0.753 0.1425 0.0118 0.0309 
1 0.768 0.145 0.0182 0.0358 
1 0.8649 0.1889 0.0136 0.0358 
1 0.9377 0.1938 0.0155 0.0358 
1 0.8858 0.2394 0.0173 0.0456 
1 0.919 0.2451 0.02 0.0472 
1 0.8189 0.2565 0.0218 0.0472 
