1 0.5645 0.468 0.0236 0.0407 
1 0.4618 0.7907 0.1164 0.2209 
1 0.2264 0.8503 0.1836 0.2703 
1 0.16 0.7035 0.0764 0.1163 
1 0.1173 0.6715 0.0527 0.1047 
1 0.0955 0.6177 0.0309 0.0552 
1 0.0164 0.5974 0.0291 0.061 
1 0.0427 0.5901 0.0273 0.0465 
1 0.1545 0.6076 0.0327 0.0581 
1 0.19 0.5988 0.0418 0.0581 
1 0.2336 0.6279 0.0382 0.0523 
1 0.2127 0.6701 0.0436 0.0669 
1 0.2555 0.7006 0.06 0.1105 
1 0.2318 0.6032 0.0273 0.0552 
1 0.2909 0.6177 0.0327 0.061 
1 0.3209 0.6628 0.0345 0.064 
1 0.3236 0.6221 0.0291 0.0523 
1 0.3527 0.625 0.0255 0.0581 
1 0.3718 0.6366 0.0309 0.0581 
1 0.3809 0.7078 0.0527 0.1076 
1 0.4145 0.6294 0.0255 0.0669 
1 0.4409 0.6366 0.0309 0.0698 
1 0.4673 0.6323 0.0255 0.061 
1 0.4936 0.6279 0.0273 0.064 
1 0.5473 0.686 0.0436 0.0988 
1 0.7773 0.6526 0.0273 0.0552 
1 0.5827 0.6366 0.0345 0.064 
1 0.8127 0.6483 0.0327 0.064 
1 0.8564 0.6555 0.0364 0.0785 
1 0.8882 0.6424 0.0309 0.0698 
1 0.9691 0.6759 0.0436 0.1076 
1 0.9382 0.6599 0.0327 0.0756 
1 0.9164 0.6512 0.0291 0.0698 
