1 0.2672 0.2315 0.0144 0.0362 
1 0.3289 0.2441 0.0206 0.047 
1 0.3582 0.198 0.0154 0.0344 
1 0.3772 0.1835 0.0164 0.0271 
1 0.3834 0.2098 0.0164 0.0289 
1 0.4065 0.17 0.0175 0.0362 
1 0.4234 0.1555 0.0144 0.0289 
1 0.4399 0.1763 0.0164 0.0344 
1 0.4471 0.2116 0.0185 0.047 
1 0.4219 0.2206 0.0154 0.0289 
1 0.4085 0.2324 0.0257 0.0524 
1 0.5067 0.2134 0.0226 0.0506 
1 0.4645 0.2098 0.0185 0.0289 
1 0.4625 0.1456 0.0123 0.0271 
1 0.4861 0.1537 0.0144 0.0325 
1 0.4995 0.141 0.0144 0.0325 
1 0.5113 0.1492 0.0134 0.0271 
1 0.5164 0.1347 0.0113 0.0271 
1 0.5206 0.1844 0.0154 0.0434 
1 0.5349 0.1673 0.0134 0.0307 
1 0.5319 0.1447 0.0154 0.0289 
1 0.5401 0.1383 0.0113 0.0271 
1 0.5601 0.1899 0.0185 0.0398 
1 0.5663 0.1429 0.0144 0.0253 
1 0.5802 0.1266 0.0134 0.0253 
1 0.6028 0.1754 0.0175 0.0362 
1 0.5971 0.1483 0.0164 0.0253 
1 0.6177 0.17 0.0164 0.0362 
1 0.6048 0.1157 0.0113 0.0253 
1 0.6182 0.1157 0.0113 0.0289 
1 0.6341 0.1329 0.0144 0.0271 
1 0.63 0.1175 0.0144 0.0181 
1 0.6552 0.1438 0.0175 0.0344 
1 0.6567 0.1203 0.0123 0.0271 
1 0.6799 0.1302 0.0154 0.0289 
1 0.6876 0.1139 0.0123 0.0289 
1 0.7081 0.1239 0.0123 0.0307 
1 0.5637 0.2984 0.0257 0.047 
1 0.5683 0.2595 0.0247 0.0416 
1 0.6254 0.2631 0.0257 0.0488 
1 0.6429 0.198 0.0195 0.0416 
1 0.6747 0.226 0.0216 0.0506 
1 0.6855 0.2595 0.0226 0.0488 
1 0.7292 0.2875 0.0319 0.0579 
1 0.7004 0.2098 0.0175 0.0398 
1 0.7009 0.1826 0.0164 0.0325 
1 0.7364 0.1492 0.0195 0.0344 
1 0.7456 0.141 0.0154 0.0325 
1 0.7662 0.142 0.0154 0.0344 
1 0.742 0.189 0.0185 0.0344 
1 0.7544 0.2161 0.0185 0.0452 
1 0.7662 0.2532 0.0216 0.0542 
1 0.7934 0.3083 0.0247 0.0597 
1 0.8484 0.3264 0.0277 0.0633 
1 0.8628 0.2866 0.0257 0.0561 
1 0.9245 0.3445 0.0277 0.0669 
1 0.9198 0.3029 0.0206 0.0416 
1 0.9245 0.2495 0.0195 0.0434 
1 0.8895 0.2432 0.0175 0.038 
1 0.8402 0.2441 0.0216 0.0434 
1 0.7975 0.2215 0.0144 0.038 
1 0.8027 0.17 0.0144 0.0362 
1 0.8027 0.1374 0.0123 0.0362 
1 0.8217 0.141 0.0134 0.0325 
1 0.8124 0.1637 0.0134 0.0307 
1 0.8386 0.1528 0.0144 0.0344 
1 0.8541 0.1627 0.0144 0.0253 
1 0.8613 0.1944 0.0185 0.0416 
1 0.8381 0.2061 0.0175 0.0325 
1 0.869 0.1781 0.0175 0.0344 
1 0.8875 0.16 0.0134 0.0344 
1 0.9147 0.1727 0.0123 0.0344 
1 0.8926 0.2161 0.0154 0.0307 
1 0.943 0.2098 0.0134 0.0289 
1 0.9517 0.1835 0.0123 0.0307 
