1 0.1992 0.3533 0.0443 0.0933 
1 0.2853 0.2542 0.0245 0.045 
1 0.3159 0.2183 0.0141 0.0267 
1 0.3164 0.2667 0.0169 0.0333 
1 0.3385 0.27 0.0198 0.0367 
1 0.3465 0.2217 0.0188 0.0333 
1 0.3724 0.21 0.0141 0.0333 
1 0.3795 0.23 0.0207 0.03 
1 0.3912 0.1992 0.0217 0.045 
1 0.4317 0.2842 0.0235 0.055 
1 0.4247 0.2158 0.0207 0.0417 
1 0.4266 0.1733 0.0169 0.03 
1 0.4416 0.1958 0.0188 0.035 
1 0.4609 0.2167 0.0179 0.0367 
1 0.4637 0.19 0.0179 0.0333 
1 0.4506 0.1725 0.0179 0.0283 
1 0.4515 0.1475 0.016 0.025 
1 0.4736 0.1542 0.0151 0.035 
1 0.4967 0.1908 0.0198 0.035 
1 0.5047 0.1758 0.0169 0.0283 
1 0.4882 0.13 0.0141 0.0267 
1 0.5254 0.1417 0.0188 0.0333 
1 0.5518 0.1608 0.0169 0.035 
1 0.5471 0.1942 0.0207 0.0417 
1 0.5749 0.1658 0.016 0.0383 
1 0.5565 0.1225 0.0132 0.0317 
1 0.5838 0.1192 0.0151 0.025 
1 0.5815 0.1383 0.016 0.0233 
1 0.5927 0.1008 0.016 0.025 
1 0.6088 0.1167 0.0122 0.0267 
1 0.6186 0.0992 0.0132 0.025 
1 0.6224 0.14 0.0169 0.0333 
1 0.6384 0.1108 0.0132 0.0283 
1 0.6511 0.1008 0.016 0.0317 
1 0.6685 0.12 0.0169 0.03 
1 0.6935 0.0983 0.016 0.0333 
1 0.6582 0.1625 0.0226 0.045 
1 0.6667 0.2 0.0207 0.0533 
1 0.6073 0.21 0.0264 0.0467 
1 0.6111 0.2542 0.0301 0.055 
1 0.5631 0.2492 0.0264 0.0483 
1 0.548 0.3075 0.0339 0.065 
1 0.4944 0.2992 0.0282 0.0517 
1 0.6827 0.3292 0.032 0.065 
1 0.6116 0.3383 0.0386 0.07 
1 0.6662 0.2517 0.0198 0.05 
1 0.7105 0.2225 0.0235 0.0483 
1 0.7194 0.2833 0.0301 0.0667 
1 0.7721 0.2858 0.0264 0.055 
1 0.6982 0.18 0.0179 0.04 
1 0.6973 0.1442 0.0179 0.0383 
1 0.7133 0.1342 0.0179 0.045 
1 0.7359 0.1283 0.016 0.0333 
1 0.75 0.1442 0.0141 0.035 
1 0.7378 0.1625 0.0179 0.0383 
1 0.75 0.1883 0.0179 0.0467 
1 0.7613 0.1792 0.0141 0.0383 
1 0.7679 0.1325 0.016 0.0317 
1 0.7556 0.105 0.016 0.0267 
1 0.8037 0.1775 0.0217 0.0417 
1 0.8131 0.1275 0.0122 0.0317 
1 0.806 0.1425 0.0132 0.0217 
1 0.8338 0.1375 0.016 0.0383 
1 0.8272 0.1692 0.016 0.0383 
1 0.8484 0.1875 0.0169 0.0483 
1 0.8682 0.1658 0.0188 0.0383 
1 0.8701 0.1358 0.0151 0.0283 
1 0.8823 0.185 0.0207 0.0467 
1 0.8738 0.2275 0.0226 0.0517 
1 0.919 0.28 0.0245 0.06 
1 0.9247 0.1858 0.0188 0.0417 
1 0.8988 0.1675 0.0141 0.035 
1 0.903 0.1317 0.0151 0.03 
1 0.9275 0.1492 0.0151 0.0317 
