1 0.0853 0.5542 0.0526 0.1166 
1 0.2259 0.2652 0.0183 0.0443 
1 0.2382 0.2627 0.0175 0.0525 
1 0.2789 0.2365 0.0207 0.046 
1 0.3068 0.2365 0.0191 0.0394 
1 0.312 0.2077 0.0199 0.0378 
1 0.3382 0.225 0.0199 0.0493 
1 0.3725 0.2627 0.0215 0.0591 
1 0.3534 0.2069 0.0167 0.0361 
1 0.3645 0.1888 0.0167 0.0328 
1 0.4147 0.1757 0.0151 0.0361 
1 0.3952 0.2422 0.0159 0.0378 
1 0.4295 0.3079 0.0223 0.0575 
1 0.4339 0.1864 0.0167 0.0411 
1 0.4255 0.1609 0.0127 0.0296 
1 0.4566 0.1642 0.0127 0.0328 
1 0.4753 0.1716 0.0167 0.0443 
1 0.4689 0.2414 0.0199 0.0493 
1 0.498 0.2061 0.0191 0.0411 
1 0.4964 0.147 0.0143 0.0345 
1 0.5155 0.1683 0.0191 0.0443 
1 0.5259 0.1585 0.0159 0.0411 
1 0.5514 0.2159 0.0159 0.0476 
1 0.5749 0.1938 0.0167 0.0493 
1 0.5566 0.1609 0.0167 0.0361 
1 0.5554 0.1338 0.0143 0.0345 
1 0.5785 0.1355 0.0143 0.0345 
1 0.5972 0.1322 0.0167 0.0411 
1 0.606 0.1437 0.0135 0.0279 
1 0.6108 0.1642 0.0135 0.0328 
1 0.6127 0.1905 0.0159 0.0427 
1 0.6578 0.179 0.0135 0.0361 
1 0.6534 0.1478 0.0127 0.0328 
1 0.6323 0.1248 0.0151 0.0361 
1 0.651 0.119 0.0127 0.0312 
1 0.6861 0.1511 0.0127 0.0361 
1 0.6912 0.1363 0.012 0.0328 
1 0.71 0.1519 0.0159 0.0411 
1 0.5753 0.3284 0.0223 0.0591 
1 0.5948 0.3662 0.0263 0.069 
1 0.6088 0.2857 0.0271 0.0624 
1 0.659 0.2455 0.0255 0.0542 
1 0.6574 0.4072 0.0287 0.069 
1 0.7203 0.4015 0.0271 0.0706 
1 0.696 0.211 0.0199 0.0542 
1 0.712 0.2709 0.0231 0.0657 
1 0.7406 0.2266 0.0183 0.0493 
1 0.7538 0.275 0.0175 0.0476 
1 0.7968 0.4516 0.0287 0.0788 
1 0.8518 0.491 0.0287 0.092 
1 0.8761 0.3966 0.0231 0.0739 
1 0.8618 0.3383 0.0231 0.0558 
1 0.7996 0.3087 0.0247 0.0591 
1 0.7936 0.2381 0.0175 0.0525 
1 0.7769 0.2118 0.0143 0.0394 
1 0.755 0.1987 0.0151 0.0394 
1 0.7713 0.1806 0.0112 0.0263 
1 0.7681 0.2003 0.0127 0.0328 
1 0.8076 0.1888 0.0135 0.0394 
1 0.8151 0.2291 0.0175 0.0443 
1 0.8693 0.2332 0.0175 0.0427 
1 0.9024 0.2241 0.0167 0.0443 
1 0.898 0.2529 0.0143 0.0394 
1 0.8876 0.2759 0.0191 0.0525 
1 0.9255 0.3407 0.0199 0.0476 
1 0.9462 0.3703 0.0215 0.0575 
1 0.949 0.4376 0.0255 0.0837 
1 0.9733 0.3612 0.0215 0.0558 
1 0.9693 0.312 0.0151 0.0427 
1 0.9805 0.2545 0.0151 0.0361 
1 0.9263 0.2619 0.0151 0.0443 
1 0.9474 0.2414 0.0143 0.0394 
