1 0.0836 0.4227 0.058 0.0818 
1 0.1706 0.3432 0.0819 0.1045 
1 0.2594 0.3636 0.0614 0.0818 
1 0.3413 0.3841 0.0478 0.0682 
1 0.3669 0.45 0.0648 0.0909 
1 0.3379 0.2955 0.041 0.0636 
1 0.3805 0.2932 0.0307 0.05 
1 0.4232 0.2818 0.0341 0.0545 
1 0.4608 0.3114 0.0478 0.0682 
1 0.5171 0.3318 0.0375 0.0727 
1 0.5444 0.3068 0.0375 0.0591 
1 0.5205 0.4295 0.0512 0.0864 
1 0.5614 0.5705 0.058 0.0955 
1 0.6348 0.3818 0.0478 0.0818 
1 0.6177 0.6659 0.0546 0.0864 
1 0.7184 0.6159 0.058 0.0864 
1 0.7423 0.5727 0.0444 0.0727 
1 0.7884 0.15 0.0614 0.1 
