1 0.209 0.3515 0.0378 0.0795 
1 0.278 0.2667 0.0177 0.0314 
1 0.3264 0.2803 0.0201 0.0377 
1 0.34 0.2552 0.0189 0.0377 
1 0.4215 0.2803 0.0189 0.0418 
1 0.4368 0.2259 0.0142 0.0335 
1 0.4179 0.2165 0.0189 0.0356 
1 0.3625 0.2113 0.0165 0.0335 
1 0.379 0.1998 0.0142 0.023 
1 0.4174 0.1747 0.013 0.0272 
1 0.4581 0.2144 0.0165 0.0356 
1 0.4622 0.1956 0.0153 0.0272 
1 0.4416 0.1579 0.0142 0.0314 
1 0.477 0.1339 0.0094 0.0167 
1 0.4864 0.1736 0.0142 0.0251 
1 0.4681 0.1705 0.0106 0.0272 
1 0.4599 0.1579 0.013 0.023 
1 0.5366 0.1632 0.0153 0.0251 
1 0.5254 0.2029 0.0165 0.0293 
1 0.5136 0.136 0.0165 0.0293 
1 0.5561 0.1715 0.0165 0.0293 
1 0.572 0.1559 0.013 0.0314 
1 0.5519 0.1245 0.013 0.023 
1 0.5821 0.1056 0.0118 0.023 
1 0.6027 0.1182 0.0106 0.0314 
1 0.6783 0.1015 0.0106 0.023 
1 0.4728 0.3232 0.0248 0.0397 
1 0.5425 0.3023 0.0224 0.0523 
1 0.5903 0.3368 0.0307 0.0502 
1 0.6659 0.3305 0.0307 0.0628 
1 0.5655 0.2448 0.0189 0.046 
1 0.6009 0.2552 0.0189 0.0418 
1 0.6092 0.2071 0.0165 0.046 
1 0.6612 0.2061 0.0213 0.0439 
1 0.6677 0.16 0.0153 0.0356 
1 0.6812 0.1872 0.0165 0.0356 
1 0.696 0.2165 0.0224 0.0439 
1 0.6995 0.1464 0.013 0.0251 
1 0.7273 0.1255 0.0165 0.0293 
1 0.7444 0.114 0.0153 0.0314 
1 0.7391 0.0669 0.0142 0.0293 
1 0.7574 0.1328 0.013 0.023 
1 0.7414 0.1527 0.0165 0.0251 
1 0.732 0.1663 0.0142 0.0272 
1 0.7432 0.1935 0.0153 0.0356 
1 0.7031 0.2814 0.0272 0.0523 
1 0.6517 0.2646 0.0213 0.0439 
1 0.7627 0.3149 0.026 0.0523 
1 0.8607 0.227 0.0189 0.0439 
1 0.9115 0.1851 0.0165 0.0314 
1 0.9569 0.1768 0.0201 0.0523 
1 0.8932 0.1339 0.0106 0.0251 
1 0.8754 0.1328 0.013 0.023 
1 0.8636 0.1339 0.0153 0.0251 
1 0.8536 0.1433 0.0094 0.0272 
1 0.8465 0.1548 0.0142 0.0251 
1 0.8365 0.1747 0.013 0.0272 
1 0.8725 0.182 0.0142 0.0293 
1 0.8093 0.1642 0.0106 0.023 
1 0.8164 0.136 0.0153 0.0251 
1 0.804 0.1297 0.0118 0.0293 
1 0.7916 0.1412 0.013 0.023 
1 0.7898 0.1841 0.0213 0.0418 
