1 0.2022 0.4317 0.0458 0.0683 
1 0.3075 0.2189 0.0185 0.042 
1 0.3328 0.2294 0.0166 0.0385 
1 0.3592 0.2364 0.0185 0.0455 
1 0.4103 0.2461 0.0234 0.0333 
1 0.4176 0.211 0.0185 0.0403 
1 0.4673 0.1979 0.0224 0.035 
1 0.4206 0.155 0.0127 0.0298 
1 0.4342 0.1576 0.0127 0.0385 
1 0.4693 0.1559 0.0244 0.0385 
1 0.4976 0.1541 0.0166 0.035 
1 0.5439 0.155 0.0214 0.0403 
1 0.5599 0.19 0.0224 0.0368 
1 0.633 0.2347 0.0185 0.0525 
1 0.6711 0.2347 0.0263 0.0385 
1 0.6418 0.049 0.0127 0.0315 
1 0.7325 0.148 0.0224 0.0403 
1 0.905 0.1988 0.0166 0.0403 
1 0.8938 0.2452 0.0234 0.0595 
1 0.9113 0.3363 0.0331 0.0701 
1 0.9245 0.2478 0.0205 0.0508 
1 0.9405 0.2014 0.0156 0.042 
1 0.9644 0.1874 0.0146 0.035 
1 0.3986 0.2093 0.0175 0.0368 
1 0.6447 0.2067 0.0185 0.042 
