1 0.2057 0.3577 0.0443 0.0859 
1 0.2908 0.221 0.0177 0.0413 
1 0.3045 0.248 0.0204 0.0445 
1 0.3338 0.1852 0.0168 0.0397 
1 0.3537 0.1884 0.0195 0.0366 
1 0.3502 0.2289 0.0177 0.0413 
1 0.3688 0.2496 0.0195 0.0413 
1 0.3746 0.2329 0.0168 0.0397 
1 0.3856 0.1924 0.016 0.035 
1 0.4087 0.1948 0.016 0.0366 
1 0.4202 0.2067 0.0195 0.035 
1 0.4171 0.2313 0.0204 0.0429 
1 0.4202 0.151 0.0142 0.0318 
1 0.4415 0.1717 0.0177 0.035 
1 0.4428 0.2146 0.0186 0.0382 
1 0.4632 0.2417 0.0222 0.0413 
1 0.4676 0.1916 0.0204 0.0461 
1 0.4725 0.155 0.0142 0.0302 
1 0.4583 0.1415 0.0142 0.0318 
1 0.4938 0.1574 0.016 0.0318 
1 0.5058 0.1399 0.0133 0.0286 
1 0.488 0.1383 0.0133 0.0254 
1 0.5204 0.1328 0.016 0.0302 
1 0.5124 0.1836 0.0142 0.0334 
1 0.5195 0.1717 0.0142 0.0318 
1 0.5492 0.1836 0.0168 0.0366 
1 0.5434 0.1439 0.0142 0.027 
1 0.5519 0.1304 0.0133 0.0254 
1 0.5567 0.1526 0.0124 0.0318 
1 0.5838 0.1733 0.0186 0.0382 
1 0.5691 0.1304 0.0177 0.035 
1 0.5838 0.1161 0.0133 0.0286 
1 0.5984 0.128 0.0142 0.0334 
1 0.6104 0.1614 0.0168 0.0366 
1 0.6241 0.1335 0.016 0.035 
1 0.6503 0.1423 0.0168 0.0302 
1 0.6534 0.1121 0.016 0.027 
1 0.6733 0.1049 0.0186 0.035 
1 0.6738 0.1288 0.016 0.0318 
1 0.7092 0.1137 0.016 0.0334 
1 0.5199 0.2655 0.0257 0.0541 
1 0.5541 0.2925 0.0284 0.0604 
1 0.5687 0.252 0.0239 0.0461 
1 0.6006 0.314 0.031 0.0684 
1 0.6228 0.2552 0.0275 0.0525 
1 0.6299 0.213 0.0186 0.0413 
1 0.6631 0.1924 0.0195 0.0382 
1 0.6981 0.1733 0.0186 0.0445 
1 0.7137 0.182 0.0195 0.0429 
1 0.6769 0.2552 0.0328 0.0652 
1 0.6959 0.3092 0.0337 0.062 
1 0.7238 0.3037 0.0222 0.0541 
1 0.7265 0.2417 0.0222 0.0477 
1 0.7411 0.2083 0.0195 0.0382 
1 0.7442 0.1741 0.0186 0.0366 
1 0.7491 0.1328 0.0177 0.0366 
1 0.7691 0.1399 0.0151 0.035 
1 0.7868 0.1566 0.0204 0.0366 
1 0.7642 0.2289 0.0248 0.0477 
1 0.7527 0.3585 0.0301 0.0652 
1 0.7899 0.2345 0.023 0.0461 
1 0.7819 0.2965 0.0284 0.0652 
1 0.8125 0.4006 0.031 0.07 
1 0.8267 0.306 0.0293 0.0652 
1 0.8156 0.2583 0.023 0.0525 
1 0.8626 0.275 0.0266 0.0509 
1 0.871 0.2273 0.0239 0.0509 
1 0.902 0.3355 0.0275 0.0572 
1 0.879 0.4245 0.0452 0.0859 
1 0.9087 0.2893 0.0213 0.0477 
1 0.9158 0.2448 0.0213 0.0445 
1 0.8054 0.1685 0.0151 0.0318 
