1 0.9171 0.3162 0.0202 0.0604 
1 0.9282 0.2895 0.0182 0.0497 
1 0.9434 0.254 0.0162 0.0462 
1 0.9312 0.2025 0.0142 0.0391 
1 0.9403 0.1963 0.0142 0.0373 
1 0.9469 0.1758 0.0111 0.0355 
1 0.9232 0.151 0.0121 0.032 
1 0.9105 0.1829 0.0131 0.0355 
1 0.9075 0.1723 0.0131 0.032 
1 0.8969 0.222 0.0162 0.0391 
1 0.8862 0.1901 0.0152 0.0391 
1 0.8766 0.1412 0.0101 0.0337 
1 0.8696 0.1634 0.0142 0.0391 
1 0.8605 0.2043 0.0162 0.0426 
1 0.8428 0.2052 0.0172 0.0444 
1 0.8043 0.1998 0.0172 0.0444 
1 0.8013 0.159 0.0152 0.0337 
1 0.8327 0.1723 0.0172 0.0391 
1 0.8564 0.143 0.0121 0.0302 
1 0.8473 0.1421 0.0121 0.0391 
1 0.8271 0.1359 0.0121 0.0337 
1 0.8114 0.1261 0.0111 0.032 
1 0.77 0.1172 0.0111 0.032 
1 0.7811 0.1306 0.0131 0.0337 
1 0.7609 0.1226 0.0111 0.032 
1 0.7583 0.1821 0.0162 0.0409 
1 0.7356 0.1394 0.0152 0.0373 
1 0.7326 0.1714 0.0152 0.0444 
1 0.7432 0.175 0.0142 0.0373 
1 0.7027 0.1643 0.0182 0.0409 
1 0.7442 0.214 0.0182 0.0444 
1 0.7786 0.3028 0.0222 0.0657 
1 0.6689 0.222 0.0212 0.0497 
1 0.6608 0.111 0.0111 0.0302 
1 0.6289 0.1155 0.0121 0.0355 
1 0.6375 0.151 0.0131 0.032 
1 0.6153 0.2362 0.0233 0.0533 
1 0.6193 0.1066 0.0111 0.0249 
1 0.5637 0.1767 0.0172 0.0444 
1 0.5708 0.2247 0.0212 0.0551 
1 0.5789 0.1323 0.0131 0.0302 
1 0.595 0.1545 0.0111 0.0249 
1 0.5283 0.1208 0.0111 0.0249 
1 0.5364 0.1519 0.0131 0.0337 
1 0.4863 0.1368 0.0121 0.0284 
1 0.5182 0.1785 0.0131 0.0302 
1 0.4919 0.1616 0.0131 0.0284 
1 0.4232 0.1519 0.0111 0.0302 
1 0.4621 0.1554 0.0142 0.0302 
1 0.4631 0.206 0.0182 0.0391 
1 0.3675 0.1812 0.0131 0.0355 
1 0.3933 0.198 0.0162 0.0409 
1 0.4029 0.2291 0.0152 0.0391 
1 0.4186 0.2353 0.0182 0.0515 
1 0.408 0.2087 0.0192 0.0302 
1 0.2781 0.222 0.0162 0.0391 
1 0.3129 0.2238 0.0152 0.0355 
1 0.3301 0.2096 0.0172 0.0426 
1 0.3423 0.222 0.0152 0.0462 
1 0.3595 0.2575 0.0192 0.0462 
1 0.1997 0.4396 0.0394 0.0941 
1 0.5854 0.1146 0.0101 0.0195 
1 0.5536 0.1306 0.0111 0.0337 
