1 0.1989 0.3254 0.0422 0.0873 
1 0.3211 0.2153 0.02 0.0377 
1 0.375 0.1865 0.0167 0.0317 
1 0.3844 0.1667 0.0178 0.0397 
1 0.4022 0.1994 0.02 0.0377 
1 0.4244 0.2063 0.0178 0.0357 
1 0.4244 0.1845 0.0156 0.0357 
1 0.4306 0.1548 0.0167 0.0317 
1 0.4133 0.2718 0.0244 0.0476 
1 0.3994 0.2629 0.0211 0.0456 
1 0.4511 0.2044 0.02 0.0437 
1 0.4517 0.1607 0.0167 0.0317 
1 0.4589 0.1687 0.0178 0.0317 
1 0.4683 0.1806 0.0167 0.0357 
1 0.4883 0.2252 0.0211 0.0456 
1 0.4783 0.131 0.0122 0.0278 
1 0.4939 0.131 0.0122 0.0278 
1 0.515 0.1875 0.0189 0.0377 
1 0.5261 0.1677 0.0189 0.0377 
1 0.5467 0.1915 0.0178 0.0417 
1 0.5594 0.1687 0.0144 0.0357 
1 0.5517 0.1399 0.0144 0.0298 
1 0.5661 0.1369 0.0167 0.0357 
1 0.5883 0.1677 0.0167 0.0377 
1 0.4878 0.0794 0.0133 0.0198 
1 0.5494 0.0615 0.0122 0.0198 
1 0.5894 0.119 0.0167 0.0317 
1 0.5967 0.1508 0.0156 0.0198 
1 0.6328 0.125 0.01 0.0238 
1 0.6372 0.1062 0.0122 0.0258 
1 0.6878 0.1181 0.0156 0.0298 
1 0.7067 0.1161 0.0133 0.0298 
1 0.7383 0.0675 0.0144 0.0317 
1 0.5922 0.2629 0.0222 0.0496 
1 0.6139 0.3006 0.0278 0.0615 
1 0.615 0.2569 0.0278 0.0575 
1 0.6433 0.2103 0.02 0.0476 
1 0.6722 0.1895 0.02 0.0417 
1 0.7172 0.1806 0.0189 0.0397 
1 0.72 0.1597 0.0156 0.0337 
1 0.7317 0.1468 0.0144 0.0317 
1 0.7372 0.1667 0.0144 0.0357 
1 0.7506 0.2063 0.0211 0.0437 
1 0.7578 0.2599 0.02 0.0476 
1 0.7311 0.2956 0.0311 0.0595 
1 0.7744 0.1647 0.0156 0.0397 
1 0.7856 0.1806 0.0178 0.0397 
1 0.7922 0.2103 0.02 0.0397 
1 0.7983 0.1617 0.0122 0.0337 
1 0.7906 0.1409 0.0144 0.0397 
1 0.8233 0.1746 0.02 0.0437 
1 0.8606 0.1171 0.0189 0.0397 
1 0.8844 0.1925 0.0156 0.0357 
1 0.9022 0.1915 0.0156 0.0417 
1 0.8867 0.253 0.02 0.0496 
1 0.8783 0.2817 0.0233 0.0556 
1 0.8511 0.2748 0.0222 0.0536 
1 0.8444 0.2282 0.0178 0.0437 
1 0.8517 0.3333 0.0322 0.0635 
1 0.9083 0.2927 0.0211 0.0536 
1 0.9183 0.3264 0.0256 0.0615 
1 0.9394 0.2391 0.0167 0.0456 
1 0.9478 0.1915 0.0156 0.0417 
1 0.9483 0.1399 0.0167 0.0417 
1 0.935 0.131 0.0144 0.0397 
1 0.9133 0.1419 0.0156 0.0377 
