1 0.0665 0.4731 0.039 0.0737 
1 0.2261 0.3307 0.0223 0.0411 
1 0.2747 0.3067 0.0207 0.0411 
1 0.2488 0.3584 0.0263 0.0453 
1 0.2826 0.3548 0.0191 0.0411 
1 0.3384 0.2946 0.0191 0.0397 
1 0.3244 0.3435 0.0183 0.0411 
1 0.3758 0.2599 0.0159 0.0382 
1 0.3925 0.2762 0.0223 0.0397 
1 0.369 0.3307 0.0215 0.0354 
1 0.3965 0.3364 0.0175 0.0382 
1 0.4112 0.255 0.0151 0.0312 
1 0.4343 0.2564 0.0119 0.0312 
1 0.4459 0.2486 0.0175 0.0411 
1 0.4566 0.233 0.0199 0.0382 
1 0.4964 0.2415 0.0119 0.0241 
1 0.4881 0.2606 0.0159 0.0283 
1 0.5004 0.2656 0.0151 0.0326 
1 0.5092 0.245 0.0104 0.0198 
1 0.5295 0.2408 0.0127 0.0227 
1 0.5402 0.2195 0.0104 0.0227 
1 0.5537 0.2061 0.0119 0.0241 
1 0.4331 0.3371 0.0207 0.0368 
1 0.4518 0.3159 0.0199 0.0312 
1 0.4881 0.3144 0.0191 0.0368 
1 0.5553 0.2727 0.0135 0.0297 
1 0.5657 0.25 0.0231 0.0297 
1 0.5848 0.2514 0.0247 0.0297 
1 0.5824 0.221 0.0183 0.0397 
1 0.5904 0.2004 0.0167 0.0297 
1 0.6047 0.216 0.0167 0.0297 
1 0.6182 0.2174 0.0151 0.0297 
1 0.4475 0.4051 0.0239 0.0538 
1 0.5111 0.364 0.0207 0.051 
1 0.5223 0.4008 0.0239 0.0538 
1 0.5756 0.3307 0.0207 0.0439 
1 0.5713 0.3909 0.0358 0.051 
1 0.5689 0.4448 0.0311 0.0652 
1 0.6405 0.2132 0.0183 0.0297 
1 0.6517 0.2174 0.0167 0.0297 
1 0.6182 0.255 0.0199 0.0397 
1 0.6465 0.2698 0.0175 0.0411 
1 0.6166 0.3024 0.0263 0.0382 
1 0.6234 0.3449 0.0191 0.0467 
1 0.6334 0.3676 0.0247 0.0552 
1 0.6752 0.2139 0.0175 0.0255 
1 0.6783 0.245 0.0175 0.034 
1 0.6676 0.2967 0.0231 0.0382 
1 0.6648 0.3584 0.0207 0.0538 
1 0.6186 0.4731 0.0398 0.0652 
1 0.699 0.403 0.0303 0.0552 
1 0.6891 0.5078 0.0358 0.0779 
1 0.6994 0.279 0.0135 0.034 
1 0.7114 0.2465 0.0167 0.0312 
1 0.7197 0.25 0.0191 0.0411 
1 0.7381 0.2302 0.0159 0.0269 
1 0.7389 0.2613 0.0127 0.0269 
1 0.7496 0.279 0.0119 0.0283 
1 0.7564 0.2387 0.0127 0.0212 
1 0.7731 0.2401 0.0143 0.0269 
1 0.7818 0.2613 0.0175 0.0439 
1 0.7898 0.2967 0.0159 0.0354 
1 0.7854 0.3548 0.0199 0.0467 
1 0.7381 0.4235 0.0318 0.0567 
1 0.7998 0.5035 0.0247 0.0666 
1 0.8236 0.4632 0.0263 0.0652 
1 0.8153 0.25 0.0143 0.0297 
1 0.8037 0.3237 0.0167 0.0354 
1 0.8105 0.3045 0.0159 0.0368 
1 0.8336 0.2635 0.0143 0.0255 
1 0.8463 0.2535 0.0111 0.0255 
1 0.8654 0.2727 0.0127 0.0269 
1 0.8487 0.3428 0.0207 0.051 
1 0.8328 0.3605 0.0207 0.0524 
1 0.8818 0.4525 0.0295 0.0581 
1 0.8786 0.3166 0.0151 0.0354 
1 0.8977 0.3031 0.0183 0.0453 
1 0.9061 0.2741 0.0096 0.0241 
1 0.9068 0.3555 0.0175 0.051 
1 0.824 0.2734 0.0111 0.0368 
1 0.8603 0.3081 0.0183 0.0496 
1 0.3909 0.3003 0.0175 0.0368 
1 0.3424 0.3173 0.0159 0.0312 
