1 0.1595 0.4754 0.0429 0.064 
1 0.2701 0.2742 0.0215 0.0361 
1 0.2836 0.2381 0.0187 0.0394 
1 0.3167 0.2414 0.0252 0.0394 
1 0.3321 0.2192 0.0168 0.0279 
1 0.3396 0.2562 0.0224 0.0361 
1 0.3531 0.2315 0.014 0.0427 
1 0.3853 0.1905 0.0205 0.0328 
1 0.3685 0.243 0.0205 0.0394 
1 0.3881 0.2521 0.0168 0.0476 
1 0.4123 0.2521 0.0205 0.0476 
1 0.4076 0.1856 0.0168 0.0328 
1 0.445 0.1732 0.0168 0.0312 
1 0.452 0.1544 0.014 0.023 
1 0.4585 0.225 0.0196 0.046 
1 0.4823 0.2274 0.0243 0.0575 
1 0.4823 0.1511 0.0149 0.0296 
1 0.5331 0.1749 0.0196 0.0378 
1 0.5243 0.2151 0.028 0.0525 
1 0.5028 0.2085 0.0205 0.0361 
1 0.5592 0.1552 0.0196 0.0279 
1 0.562 0.1215 0.0177 0.0394 
1 0.5546 0.2504 0.0215 0.0345 
1 0.5182 0.2939 0.0289 0.0493 
1 0.5905 0.1232 0.0187 0.023 
1 0.5942 0.1593 0.0149 0.0394 
1 0.5793 0.17 0.0168 0.0378 
1 0.6166 0.2028 0.0224 0.0476 
1 0.6166 0.1502 0.0149 0.0345 
1 0.6082 0.1256 0.0168 0.0213 
1 0.6334 0.1346 0.0205 0.0394 
1 0.625 0.2447 0.0205 0.0361 
1 0.5756 0.2865 0.0299 0.0509 
1 0.6357 0.3136 0.0289 0.0591 
1 0.6535 0.2036 0.0196 0.0361 
1 0.6465 0.2373 0.0243 0.0476 
1 0.6763 0.2586 0.0261 0.0575 
1 0.667 0.1215 0.0205 0.0394 
1 0.715 0.1346 0.0196 0.0394 
1 0.694 0.1511 0.0168 0.0296 
1 0.68 0.2135 0.0261 0.0493 
1 0.6964 0.2373 0.0233 0.0542 
1 0.7141 0.1823 0.0215 0.0296 
1 0.7351 0.1987 0.0205 0.046 
1 0.7439 0.1486 0.0177 0.0476 
1 0.764 0.1363 0.0168 0.0263 
1 0.7645 0.1683 0.0196 0.0345 
1 0.7691 0.2102 0.0233 0.0493 
1 0.7649 0.2627 0.0261 0.0525 
1 0.7239 0.2734 0.028 0.0509 
1 0.7859 0.1445 0.0177 0.0328 
1 0.7999 0.1691 0.0196 0.0328 
1 0.827 0.1519 0.0177 0.0312 
1 0.8246 0.2135 0.0187 0.0427 
1 0.8414 0.1872 0.0187 0.0394 
1 0.84 0.321 0.0252 0.0476 
1 0.8568 0.2504 0.0196 0.0411 
1 0.8573 0.1642 0.0187 0.046 
1 0.8895 0.1609 0.0159 0.0361 
1 0.8787 0.1798 0.0187 0.0476 
1 0.8993 0.2044 0.0224 0.0345 
1 0.9086 0.234 0.0168 0.0443 
1 0.9342 0.2537 0.0271 0.0542 
1 0.3965 0.2209 0.0205 0.0411 
1 0.3022 0.2455 0.0149 0.0312 
1 0.4674 0.1757 0.0168 0.0427 
