1 0.1936 0.4341 0.0559 0.1117 
1 0.294 0.3997 0.0455 0.0831 
1 0.3251 0.4312 0.0497 0.1003 
1 0.3582 0.3496 0.0455 0.0688 
1 0.3602 0.2908 0.0331 0.0544 
1 0.3737 0.2507 0.0311 0.0487 
1 0.4089 0.2579 0.0352 0.0516 
1 0.4172 0.3009 0.0393 0.0688 
1 0.4389 0.4126 0.0455 0.0802 
1 0.4669 0.3696 0.0476 0.0688 
1 0.4565 0.2894 0.0393 0.063 
1 0.4306 0.235 0.029 0.0516 
1 0.4793 0.2894 0.0186 0.0516 
1 0.4979 0.2908 0.0311 0.0487 
1 0.4886 0.2407 0.029 0.0458 
1 0.5104 0.2364 0.0228 0.0487 
1 0.5342 0.2393 0.029 0.0544 
1 0.5362 0.2951 0.0414 0.0516 
1 0.5352 0.3424 0.0393 0.0602 
1 0.5507 0.3739 0.0414 0.0774 
1 0.6304 0.4069 0.0518 0.0917 
1 0.6056 0.3553 0.0435 0.0688 
1 0.5745 0.2851 0.0311 0.0602 
1 0.6139 0.3023 0.0393 0.0544 
1 0.6501 0.2865 0.0331 0.0573 
1 0.6843 0.3367 0.0476 0.0716 
1 0.6563 0.3868 0.0497 0.0802 
1 0.7236 0.3639 0.0393 0.0745 
1 0.7826 0.3696 0.058 0.1032 
1 0.6335 0.2636 0.0373 0.0516 
1 0.6056 0.2307 0.0269 0.0544 
1 0.5787 0.2307 0.0311 0.0487 
