1 0.8424 0.263 0.0111 0.0296 
1 0.9078 0.2729 0.0103 0.0268 
1 0.8662 0.28 0.0111 0.0324 
1 0.8203 0.268 0.0111 0.031 
1 0.829 0.2807 0.0111 0.031 
1 0.8278 0.3089 0.015 0.0367 
1 0.8591 0.3272 0.0143 0.0395 
1 0.9062 0.3089 0.0119 0.031 
1 0.9026 0.3406 0.0143 0.0381 
1 0.901 0.354 0.0158 0.0395 
1 0.8452 0.3709 0.015 0.0367 
1 0.8591 0.4076 0.0206 0.0508 
1 0.8341 0.3921 0.0182 0.0451 
1 0.884 0.4654 0.0245 0.0621 
1 0.8131 0.4401 0.0222 0.0508 
1 0.8072 0.4965 0.0261 0.0621 
1 0.7526 0.4401 0.023 0.0536 
1 0.7846 0.3688 0.0158 0.0465 
1 0.7918 0.3039 0.0158 0.0353 
1 0.7874 0.2496 0.0119 0.0282 
1 0.7957 0.2736 0.0127 0.0282 
1 0.7506 0.292 0.0127 0.0367 
1 0.7245 0.237 0.0111 0.0254 
1 0.7189 0.2475 0.0111 0.0296 
1 0.7597 0.2504 0.0119 0.0324 
1 0.7146 0.2715 0.0119 0.0324 
1 0.7051 0.2906 0.0135 0.0367 
1 0.806 0.3554 0.0143 0.0395 
1 0.6869 0.2616 0.0119 0.0324 
1 0.6683 0.2306 0.0111 0.0268 
1 0.6453 0.2257 0.0095 0.0282 
1 0.6584 0.2341 0.0087 0.0282 
1 0.6615 0.2687 0.0135 0.0324 
1 0.6156 0.2567 0.0119 0.0282 
1 0.6643 0.3258 0.0158 0.0395 
1 0.6746 0.3547 0.0174 0.0494 
1 0.6168 0.2983 0.0174 0.0409 
1 0.6322 0.3343 0.0214 0.0395 
1 0.5938 0.2102 0.0095 0.0254 
1 0.6188 0.2313 0.0103 0.0254 
1 0.5851 0.2539 0.0111 0.0254 
1 0.5364 0.2334 0.0103 0.024 
1 0.5558 0.2292 0.0111 0.0268 
1 0.5633 0.2454 0.0103 0.0254 
1 0.5614 0.2666 0.0111 0.0339 
1 0.5843 0.3244 0.0158 0.0395 
1 0.595 0.3709 0.0198 0.048 
1 0.5416 0.2849 0.0127 0.0367 
1 0.4925 0.2659 0.0127 0.0324 
1 0.5143 0.2645 0.0135 0.0324 
1 0.498 0.3159 0.0127 0.0367 
1 0.4608 0.2793 0.0095 0.0254 
1 0.4485 0.2553 0.0119 0.0282 
1 0.4327 0.2595 0.0103 0.0226 
1 0.4236 0.2828 0.0143 0.0324 
1 0.3998 0.3032 0.0127 0.0282 
1 0.4014 0.2807 0.0127 0.0282 
1 0.4256 0.311 0.015 0.0353 
1 0.462 0.3082 0.015 0.0353 
1 0.4327 0.3505 0.0182 0.0465 
1 0.4885 0.3872 0.0238 0.0606 
1 0.3519 0.2948 0.0103 0.031 
1 0.3511 0.3286 0.0119 0.031 
1 0.3852 0.2673 0.0135 0.0296 
1 0.3828 0.3357 0.0135 0.0367 
1 0.4014 0.3449 0.0158 0.0381 
1 0.2815 0.311 0.0135 0.0324 
1 0.2862 0.3667 0.0166 0.0423 
1 0.308 0.3956 0.0222 0.0437 
1 0.2268 0.3441 0.0135 0.0339 
1 0.2379 0.3977 0.0198 0.031 
1 0.696 0.5007 0.0285 0.0733 
1 0.7118 0.3963 0.0238 0.0564 
1 0.6477 0.3872 0.0222 0.0635 
1 0.6528 0.4323 0.0277 0.0635 
1 0.6029 0.4267 0.0245 0.0635 
1 0.5317 0.4055 0.023 0.0635 
1 0.1754 0.4852 0.042 0.0987 
1 0.7375 0.2616 0.0103 0.024 
1 0.7522 0.2638 0.0127 0.031 
