1 0.1814 0.3596 0.0536 0.0899 
1 0.3176 0.2303 0.0105 0.0337 
1 0.622 0.0993 0.0116 0.0262 
1 0.6341 0.1021 0.0126 0.0206 
1 0.6604 0.1067 0.0126 0.03 
1 0.5915 0.1058 0.0137 0.0243 
1 0.5542 0.1208 0.0147 0.0318 
1 0.5147 0.1077 0.0137 0.0243 
1 0.7019 0.118 0.0158 0.0262 
1 0.4758 0.1264 0.0116 0.0281 
1 0.4154 0.1582 0.0147 0.0281 
1 0.3491 0.2013 0.0168 0.0356 
1 0.3218 0.2051 0.0168 0.0281 
1 0.4132 0.1985 0.0168 0.03 
1 0.4469 0.2041 0.0189 0.03 
1 0.4905 0.1536 0.0179 0.0337 
1 0.5137 0.1489 0.0179 0.0393 
1 0.5379 0.1451 0.02 0.0318 
1 0.5768 0.1339 0.02 0.0356 
1 0.5594 0.1826 0.0231 0.0431 
1 0.6052 0.1423 0.0179 0.0375 
1 0.6435 0.1451 0.0168 0.0356 
1 0.6735 0.1395 0.0179 0.0318 
1 0.4869 0.2135 0.0252 0.0487 
1 0.7624 0.1461 0.0168 0.0337 
1 0.7865 0.133 0.0168 0.03 
1 0.5273 0.2725 0.0326 0.0506 
1 0.5862 0.2818 0.0221 0.0581 
1 0.6041 0.3015 0.0431 0.0749 
1 0.622 0.2547 0.0263 0.0524 
1 0.6414 0.1976 0.021 0.0431 
1 0.6698 0.2079 0.0273 0.0562 
1 0.7135 0.1826 0.02 0.0393 
1 0.7229 0.2266 0.0221 0.0487 
1 0.6856 0.2612 0.0273 0.0506 
1 0.7008 0.3221 0.0305 0.0749 
1 0.7387 0.3876 0.0305 0.0524 
1 0.8028 0.2097 0.0242 0.0412 
1 0.8013 0.1676 0.0168 0.0318 
1 0.775 0.1891 0.021 0.0375 
1 0.846 0.1507 0.0158 0.0356 
1 0.8833 0.1526 0.0147 0.0356 
1 0.918 0.1685 0.0147 0.0375 
1 0.9443 0.1704 0.0126 0.0412 
1 0.8591 0.1985 0.0168 0.0449 
1 0.806 0.2846 0.0305 0.0674 
1 0.8339 0.2285 0.0273 0.0524 
1 0.8849 0.191 0.02 0.0412 
1 0.9406 0.2247 0.0242 0.0449 
1 0.877 0.2603 0.0189 0.0524 
1 0.8275 0.3549 0.0315 0.0618 
1 0.9332 0.2884 0.0242 0.0637 
1 0.9222 0.3614 0.0252 0.0487 
1 0.897 0.4139 0.0358 0.0712 
1 0.4632 0.1498 0.0137 0.03 
1 0.5315 0.1236 0.0179 0.0225 
1 0.5563 0.1545 0.0168 0.0356 
1 0.6178 0.117 0.02 0.0431 
1 0.5936 0.1695 0.0158 0.0393 
1 0.7624 0.1245 0.0147 0.0281 
1 0.8207 0.1835 0.0221 0.0524 
1 0.8486 0.3118 0.0294 0.0581 
1 0.8801 0.2247 0.021 0.0524 
1 0.9385 0.1976 0.0221 0.0506 
1 0.4248 0.1723 0.0147 0.0262 
1 0.6588 0.1358 0.0158 0.0318 
1 0.5941 0.236 0.0231 0.0524 
