1 0.0899 0.2719 0.017 0.0406 
1 0.2643 0.3961 0.0474 0.1006 
1 0.2979 0.1688 0.0143 0.0357 
1 0.2929 0.2281 0.0188 0.0406 
1 0.326 0.2297 0.0206 0.0406 
1 0.3708 0.1778 0.0224 0.0438 
1 0.3877 0.2013 0.0206 0.0487 
1 0.4146 0.211 0.0242 0.0455 
1 0.4718 0.142 0.0206 0.0438 
1 0.5313 0.0609 0.0125 0.0211 
1 0.6342 0.1388 0.0161 0.0308 
1 0.6538 0.1185 0.0143 0.0292 
1 0.6543 0.1396 0.017 0.0357 
1 0.6708 0.0617 0.0161 0.0325 
1 0.7491 0.1356 0.0152 0.0373 
1 0.7643 0.1437 0.017 0.0341 
1 0.8113 0.2484 0.0215 0.0584 
1 0.86 0.1907 0.0134 0.0373 
1 0.8815 0.2549 0.017 0.0487 
1 0.9141 0.2541 0.0215 0.0406 
1 0.9289 0.1875 0.0152 0.0373 
