1 0.0437 0.3985 0.0291 0.0649 
1 0.2441 0.2637 0.015 0.0349 
1 0.2685 0.2612 0.0169 0.0399 
1 0.2878 0.2571 0.0216 0.0416 
1 0.3136 0.2654 0.0207 0.0383 
1 0.3131 0.2238 0.0178 0.0283 
1 0.3484 0.208 0.0131 0.0266 
1 0.3577 0.1839 0.015 0.0349 
1 0.3761 0.1805 0.0141 0.0316 
1 0.3991 0.2196 0.015 0.0266 
1 0.4033 0.1897 0.0141 0.03 
1 0.3854 0.2787 0.0235 0.0483 
1 0.3549 0.2546 0.0225 0.03 
1 0.4432 0.2171 0.0169 0.0316 
1 0.4657 0.2354 0.0169 0.0316 
1 0.4789 0.3136 0.0225 0.0549 
1 0.5333 0.3045 0.0244 0.0532 
1 0.5991 0.3295 0.0338 0.0566 
1 0.6131 0.2521 0.0225 0.0449 
1 0.5563 0.2479 0.0254 0.0366 
1 0.5263 0.188 0.016 0.0366 
1 0.484 0.1955 0.0178 0.0349 
1 0.4408 0.1639 0.0122 0.0216 
1 0.4775 0.1331 0.016 0.0266 
1 0.5606 0.1789 0.0188 0.0349 
1 0.5793 0.1356 0.015 0.0349 
1 0.5526 0.129 0.016 0.0283 
1 0.6099 0.114 0.0103 0.0316 
1 0.6347 0.1123 0.0094 0.0283 
1 0.677 0.1165 0.0169 0.0333 
1 0.7324 0.1131 0.0131 0.0233 
1 0.7592 0.1265 0.016 0.0266 
1 0.8094 0.1215 0.015 0.02 
1 0.8343 0.1389 0.016 0.0316 
1 0.8953 0.1531 0.0197 0.0233 
1 0.8887 0.1689 0.0197 0.0316 
1 0.8535 0.1564 0.0188 0.0266 
1 0.8418 0.183 0.0216 0.0266 
1 0.9066 0.2238 0.0216 0.0416 
1 0.8526 0.2271 0.0207 0.0349 
1 0.8207 0.2188 0.0207 0.0349 
1 0.7934 0.1755 0.0169 0.0316 
1 0.785 0.1431 0.015 0.0266 
1 0.7521 0.1664 0.0207 0.03 
1 0.7169 0.1547 0.0141 0.0233 
1 0.6906 0.2022 0.016 0.0349 
1 0.654 0.2088 0.0178 0.0283 
1 0.6324 0.2022 0.0178 0.0383 
1 0.6629 0.2504 0.0244 0.0416 
1 0.7192 0.282 0.0207 0.0383 
1 0.7484 0.2321 0.0188 0.0316 
1 0.7869 0.2637 0.0207 0.0416 
1 0.8338 0.3062 0.0263 0.0466 
1 0.9164 0.2787 0.0188 0.0416 
1 0.6526 0.1755 0.0131 0.025 
1 0.6784 0.1639 0.0141 0.0316 
1 0.7047 0.1456 0.0122 0.0283 
1 0.7662 0.218 0.0188 0.0466 
1 0.7333 0.1972 0.0188 0.0483 
1 0.607 0.1439 0.0178 0.0349 
1 0.6343 0.1448 0.016 0.0333 
1 0.5075 0.1722 0.016 0.0283 
1 0.5427 0.1556 0.0207 0.0383 
1 0.4596 0.1448 0.0141 0.0266 
1 0.4587 0.1947 0.016 0.0333 
1 0.4366 0.1872 0.0131 0.0349 
1 0.4892 0.1664 0.0169 0.0366 
1 0.3751 0.2146 0.0178 0.0433 
1 0.9042 0.1855 0.015 0.0416 
