1 0.2031 0.4106 0.0425 0.0839 
1 0.2843 0.2524 0.0189 0.0344 
1 0.2965 0.2545 0.0197 0.0358 
1 0.3138 0.2221 0.0181 0.0344 
1 0.3283 0.2703 0.022 0.0481 
1 0.3508 0.218 0.0197 0.0426 
1 0.3862 0.2593 0.0228 0.0399 
1 0.4 0.2366 0.0189 0.0413 
1 0.4224 0.2655 0.0228 0.0413 
1 0.4339 0.2373 0.0189 0.0426 
1 0.422 0.1946 0.0173 0.0371 
1 0.4071 0.1843 0.0157 0.0303 
1 0.3933 0.1946 0.0165 0.0344 
1 0.4272 0.1644 0.0165 0.0289 
1 0.4472 0.1561 0.0126 0.0344 
1 0.4669 0.163 0.0157 0.0344 
1 0.4776 0.2187 0.0244 0.0495 
1 0.4965 0.1912 0.0181 0.0413 
1 0.4937 0.1396 0.0142 0.0289 
1 0.5075 0.1506 0.0165 0.0289 
1 0.5213 0.1486 0.0173 0.0303 
1 0.5437 0.1933 0.0181 0.0371 
1 0.5484 0.1506 0.015 0.0234 
1 0.5598 0.1664 0.0173 0.0248 
1 0.5732 0.1403 0.0126 0.0275 
1 0.576 0.1726 0.0181 0.0371 
1 0.6067 0.152 0.0134 0.0261 
1 0.5898 0.1492 0.0142 0.0316 
1 0.6039 0.1114 0.0142 0.0248 
1 0.624 0.1382 0.0181 0.0316 
1 0.6472 0.121 0.011 0.0248 
1 0.665 0.1224 0.0134 0.033 
1 0.5539 0.2579 0.026 0.0509 
1 0.5413 0.3102 0.0291 0.0619 
1 0.4976 0.2971 0.0299 0.055 
1 0.6063 0.2111 0.022 0.0481 
1 0.5992 0.2689 0.0268 0.0509 
1 0.6539 0.218 0.0228 0.0426 
1 0.6453 0.1713 0.0165 0.0399 
1 0.6874 0.1534 0.0189 0.0316 
1 0.6917 0.1974 0.0213 0.0399 
1 0.7094 0.2221 0.0236 0.0481 
1 0.665 0.2483 0.0244 0.0481 
1 0.6795 0.3095 0.0299 0.0605 
1 0.7075 0.2964 0.026 0.0646 
1 0.7217 0.1547 0.0165 0.0371 
1 0.7398 0.1905 0.0213 0.0426 
1 0.7539 0.2242 0.0228 0.0413 
1 0.763 0.337 0.0362 0.0605 
1 0.7929 0.2882 0.0252 0.0536 
1 0.8441 0.3253 0.0315 0.0564 
1 0.8059 0.2276 0.0228 0.0481 
1 0.776 0.2084 0.0213 0.0426 
1 0.7591 0.1795 0.0173 0.0399 
1 0.7583 0.1417 0.0205 0.033 
1 0.7795 0.1616 0.0189 0.0399 
1 0.7937 0.1437 0.0157 0.0344 
1 0.8031 0.1747 0.0173 0.044 
1 0.8146 0.1561 0.015 0.0344 
1 0.8287 0.1458 0.015 0.033 
1 0.8642 0.1499 0.0134 0.0413 
1 0.8283 0.1967 0.0205 0.0413 
1 0.8319 0.2311 0.0197 0.0468 
1 0.852 0.2393 0.022 0.0523 
1 0.8756 0.227 0.0189 0.0495 
1 0.8854 0.2029 0.0181 0.0426 
1 0.9004 0.2655 0.0228 0.0633 
