1 0.1761 0.4611 0.0451 0.0864 
1 0.2697 0.2271 0.0192 0.0328 
1 0.2956 0.2435 0.025 0.0484 
1 0.3426 0.2271 0.0211 0.0432 
1 0.3464 0.1908 0.0173 0.0397 
1 0.3661 0.1943 0.0144 0.0363 
1 0.3762 0.2003 0.0154 0.0276 
1 0.3988 0.2219 0.0182 0.0363 
1 0.4131 0.2081 0.0259 0.0535 
1 0.3901 0.1701 0.0144 0.0294 
1 0.4482 0.1995 0.0211 0.0432 
1 0.4391 0.177 0.0144 0.0294 
1 0.4391 0.1459 0.0144 0.0225 
1 0.4789 0.1546 0.0173 0.0363 
1 0.4861 0.1416 0.0125 0.0242 
1 0.4971 0.1313 0.0115 0.0242 
1 0.5202 0.1287 0.0115 0.0294 
1 0.5091 0.1952 0.0182 0.038 
1 0.513 0.1693 0.0163 0.0276 
1 0.5307 0.2168 0.023 0.0432 
1 0.5374 0.1434 0.0134 0.0276 
1 0.5456 0.1459 0.0106 0.0225 
1 0.5585 0.1408 0.0134 0.0259 
1 0.5734 0.1321 0.0125 0.0259 
1 0.5821 0.1235 0.0106 0.0225 
1 0.5773 0.177 0.0202 0.0432 
1 0.6128 0.1606 0.0163 0.038 
1 0.6156 0.1373 0.0182 0.0328 
1 0.6065 0.1097 0.0134 0.0294 
1 0.6238 0.1209 0.0154 0.0311 
1 0.6368 0.1036 0.0125 0.0242 
1 0.656 0.1105 0.0163 0.038 
1 0.6742 0.1071 0.0144 0.0311 
1 0.6867 0.1166 0.0125 0.0294 
1 0.7111 0.1183 0.0134 0.0259 
1 0.5619 0.3048 0.0278 0.0535 
1 0.5672 0.2608 0.025 0.0518 
1 0.6128 0.2504 0.0221 0.0484 
1 0.6243 0.215 0.0202 0.0363 
1 0.679 0.2297 0.024 0.0415 
1 0.6679 0.19 0.0192 0.038 
1 0.6963 0.19 0.0221 0.0415 
1 0.7107 0.2383 0.0202 0.0449 
1 0.6761 0.272 0.0259 0.057 
1 0.7404 0.2781 0.024 0.0587 
1 0.751 0.2608 0.0182 0.0415 
1 0.7716 0.2522 0.0269 0.0484 
1 0.7394 0.2029 0.0202 0.0397 
1 0.7102 0.1684 0.0192 0.0363 
1 0.7601 0.1831 0.0173 0.0276 
1 0.7697 0.1261 0.0154 0.0311 
1 0.7946 0.1615 0.0134 0.0294 
1 0.7831 0.1503 0.0134 0.0311 
1 0.8172 0.1252 0.0125 0.0259 
1 0.8076 0.1528 0.0163 0.0363 
1 0.8325 0.1632 0.0144 0.0328 
1 0.8488 0.1528 0.0125 0.0259 
1 0.856 0.1969 0.0154 0.0345 
1 0.8393 0.2098 0.0182 0.0363 
1 0.845 0.2332 0.0202 0.0345 
1 0.8791 0.2573 0.0211 0.0622 
1 0.8249 0.3644 0.0278 0.0484 
1 0.9175 0.3981 0.0269 0.057 
1 0.9251 0.2902 0.025 0.0553 
1 0.9213 0.247 0.023 0.0415 
1 0.9419 0.1978 0.0125 0.0363 
1 0.9347 0.1727 0.0134 0.0311 
1 0.905 0.158 0.0134 0.0328 
1 0.8964 0.1978 0.0173 0.0363 
1 0.8815 0.1623 0.0163 0.0311 
1 0.8685 0.1736 0.0173 0.0363 
