1 0.0718 0.2936 0.0196 0.0379 
1 0.3188 0.2311 0.0196 0.0417 
1 0.3504 0.2017 0.0174 0.036 
1 0.426 0.267 0.0229 0.0492 
1 0.4178 0.2102 0.0196 0.0379 
1 0.4276 0.1562 0.0174 0.0398 
1 0.4559 0.1809 0.0239 0.036 
1 0.4505 0.2311 0.0196 0.0417 
1 0.4913 0.2225 0.0185 0.0398 
1 0.4869 0.1742 0.025 0.0417 
1 0.4739 0.1354 0.0141 0.0284 
1 0.4935 0.1383 0.0141 0.0265 
1 0.5201 0.1364 0.0174 0.0303 
1 0.5408 0.1326 0.0152 0.0303 
1 0.5479 0.1913 0.0185 0.0379 
1 0.5533 0.1648 0.0163 0.0303 
1 0.5718 0.143 0.0141 0.0284 
1 0.6028 0.142 0.0174 0.0303 
1 0.6371 0.1212 0.012 0.0265 
1 0.6007 0.2737 0.0239 0.0473 
1 0.6349 0.214 0.0207 0.0417 
1 0.6736 0.2263 0.0239 0.0436 
1 0.6736 0.1866 0.0196 0.0436 
1 0.6393 0.304 0.0294 0.0739 
1 0.6839 0.3674 0.0359 0.0758 
1 0.6779 0.2945 0.0239 0.0587 
1 0.7399 0.233 0.0239 0.0492 
1 0.7486 0.1761 0.0196 0.0379 
1 0.71 0.1723 0.0207 0.0417 
1 0.8101 0.2462 0.025 0.0492 
1 0.821 0.2917 0.025 0.0606 
1 0.852 0.3106 0.0283 0.072 
1 0.8787 0.2888 0.025 0.0511 
1 0.9173 0.3617 0.0326 0.0682 
1 0.9146 0.4347 0.0424 0.0852 
1 0.9342 0.2301 0.0185 0.0436 
