1 0.0618 0.3521 0.0473 0.074 
1 0.1382 0.3875 0.0327 0.0611 
1 0.13 0.3392 0.0382 0.0611 
1 0.1991 0.4035 0.0491 0.0997 
1 0.2273 0.3794 0.04 0.0836 
1 0.2836 0.3633 0.04 0.0772 
1 0.2545 0.3232 0.0218 0.0482 
1 0.3418 0.3714 0.0582 0.0997 
1 0.3718 0.3489 0.0236 0.0547 
1 0.3836 0.3264 0.0182 0.0418 
1 0.4127 0.373 0.0473 0.0836 
1 0.4582 0.3842 0.04 0.0804 
1 0.4518 0.3183 0.0236 0.0514 
1 0.5245 0.3312 0.0345 0.0643 
1 0.5055 0.3344 0.0145 0.045 
1 0.4791 0.3328 0.0164 0.0418 
1 0.4209 0.3344 0.0127 0.0386 
1 0.4091 0.3232 0.0182 0.0418 
1 0.5555 0.3312 0.0164 0.0386 
1 0.5727 0.3248 0.0255 0.0579 
1 0.5955 0.3328 0.02 0.0418 
1 0.6491 0.3762 0.0582 0.1222 
1 0.6891 0.3457 0.0327 0.0868 
1 0.7182 0.3328 0.0182 0.0482 
1 0.7482 0.3296 0.02 0.0418 
1 0.8791 0.2347 0.0345 0.0707 
