1 0.0294 0.4069 0.0259 0.0518 
1 0.2147 0.348 0.0188 0.0378 
1 0.2508 0.3417 0.0188 0.042 
1 0.2813 0.3648 0.0219 0.0434 
1 0.2845 0.299 0.0188 0.035 
1 0.3225 0.3571 0.0212 0.0504 
1 0.3484 0.3228 0.018 0.035 
1 0.3468 0.2906 0.0149 0.035 
1 0.3766 0.3256 0.018 0.035 
1 0.393 0.3333 0.018 0.0364 
1 0.3981 0.2941 0.0172 0.028 
1 0.3805 0.2514 0.0149 0.0322 
1 0.4048 0.2626 0.0133 0.0266 
1 0.4185 0.25 0.0125 0.035 
1 0.4267 0.2703 0.0133 0.028 
1 0.424 0.2976 0.0157 0.035 
1 0.4573 0.2997 0.0165 0.0336 
1 0.4526 0.2367 0.0133 0.028 
1 0.4812 0.2661 0.0172 0.0336 
1 0.4929 0.3144 0.0188 0.035 
1 0.5047 0.2962 0.0188 0.0294 
1 0.4404 0.2479 0.0125 0.028 
1 0.4929 0.2521 0.011 0.028 
1 0.5027 0.2395 0.0118 0.0252 
1 0.5145 0.2619 0.0165 0.0308 
1 0.5549 0.2822 0.0172 0.035 
1 0.54 0.2192 0.0172 0.0322 
1 0.5533 0.2311 0.0125 0.028 
1 0.558 0.2017 0.0125 0.028 
1 0.5533 0.2591 0.0172 0.028 
1 0.5795 0.2374 0.0165 0.0322 
1 0.5874 0.2213 0.0149 0.0336 
1 0.5929 0.2024 0.0133 0.0238 
1 0.6093 0.2087 0.0133 0.028 
1 0.6062 0.2318 0.0133 0.0266 
1 0.6132 0.2542 0.0149 0.0238 
1 0.6379 0.2171 0.0125 0.0224 
1 0.6501 0.229 0.0118 0.0322 
1 0.6622 0.2241 0.011 0.0252 
1 0.6799 0.2458 0.018 0.0378 
1 0.6434 0.2682 0.0157 0.035 
1 0.6148 0.2892 0.018 0.035 
1 0.5795 0.32 0.0212 0.0434 
1 0.5161 0.3564 0.0259 0.049 
1 0.5235 0.4027 0.0282 0.0574 
1 0.4412 0.4104 0.0298 0.0616 
1 0.4291 0.3543 0.0212 0.0448 
1 0.5905 0.4202 0.029 0.0616 
1 0.5795 0.3739 0.0259 0.0476 
1 0.6277 0.3326 0.0219 0.0462 
1 0.6618 0.3242 0.018 0.0406 
1 0.663 0.3578 0.0235 0.049 
1 0.6375 0.3894 0.0274 0.0616 
1 0.6426 0.4559 0.0313 0.0686 
1 0.6904 0.5042 0.0376 0.0756 
1 0.7085 0.3943 0.0282 0.0462 
1 0.6991 0.2815 0.0141 0.0364 
1 0.7065 0.2731 0.018 0.0336 
1 0.7198 0.2423 0.0118 0.0252 
1 0.721 0.2178 0.0125 0.0322 
1 0.7371 0.2794 0.0149 0.0378 
1 0.748 0.2626 0.0165 0.035 
1 0.7512 0.2395 0.0133 0.028 
1 0.7786 0.2437 0.0149 0.0336 
1 0.7817 0.2941 0.0133 0.0364 
1 0.788 0.2759 0.0149 0.0308 
1 0.8076 0.2535 0.0133 0.0364 
1 0.7974 0.3298 0.0165 0.0462 
1 0.7817 0.3571 0.0227 0.0504 
1 0.7633 0.4356 0.0266 0.0532 
1 0.7829 0.542 0.0392 0.0868 
1 0.8139 0.4272 0.029 0.0588 
1 0.8734 0.4468 0.029 0.0616 
1 0.8813 0.3999 0.0212 0.0574 
1 0.8824 0.3473 0.0188 0.0392 
1 0.8871 0.3193 0.0188 0.0392 
1 0.8969 0.3074 0.0133 0.0322 
1 0.8969 0.2801 0.0149 0.0336 
1 0.8632 0.2815 0.018 0.0392 
1 0.8389 0.3382 0.0227 0.0406 
1 0.8268 0.3697 0.0204 0.0476 
1 0.8284 0.2815 0.0204 0.0364 
1 0.8264 0.25 0.0149 0.0238 
1 0.8409 0.2479 0.0141 0.028 
