1 0.187 0.3806 0.0407 0.0754 
1 0.2973 0.2172 0.0152 0.0359 
1 0.3064 0.2397 0.0173 0.0377 
1 0.3232 0.2451 0.0183 0.0413 
1 0.346 0.2496 0.0173 0.0359 
1 0.3542 0.2038 0.0173 0.0341 
1 0.3425 0.184 0.0122 0.0233 
1 0.3786 0.2011 0.0173 0.0323 
1 0.3801 0.2442 0.0183 0.0359 
1 0.4131 0.2424 0.0193 0.0359 
1 0.4136 0.1921 0.0122 0.0287 
1 0.4141 0.1607 0.0112 0.0233 
1 0.4405 0.1679 0.0152 0.0341 
1 0.467 0.1715 0.0152 0.0341 
1 0.469 0.149 0.0152 0.0251 
1 0.4878 0.1463 0.0142 0.0269 
1 0.4863 0.1715 0.0152 0.0341 
1 0.4848 0.2154 0.0142 0.0395 
1 0.4517 0.2226 0.0173 0.0287 
1 0.4975 0.1338 0.0132 0.0233 
1 0.5254 0.1355 0.0142 0.0305 
1 0.5056 0.1732 0.0132 0.0269 
1 0.5239 0.1715 0.0152 0.0305 
1 0.531 0.1804 0.0152 0.0305 
1 0.4939 0.2828 0.0224 0.0485 
1 0.5478 0.2819 0.0244 0.0539 
1 0.565 0.2487 0.0224 0.0485 
1 0.595 0.3303 0.0274 0.0539 
1 0.6225 0.2451 0.0234 0.0485 
1 0.6326 0.2163 0.0193 0.0341 
1 0.6235 0.1508 0.0112 0.0251 
1 0.5904 0.1759 0.0142 0.0287 
1 0.5559 0.184 0.0142 0.0305 
1 0.5539 0.1625 0.0142 0.0269 
1 0.5701 0.1535 0.0122 0.0233 
1 0.5498 0.1463 0.0122 0.0197 
1 0.5564 0.1311 0.0152 0.0251 
1 0.5874 0.123 0.0142 0.0341 
1 0.6067 0.1266 0.0142 0.0305 
1 0.6245 0.1248 0.0112 0.0269 
1 0.6331 0.1113 0.0122 0.0251 
1 0.6672 0.1077 0.0112 0.0251 
1 0.659 0.1373 0.0132 0.0233 
1 0.6921 0.123 0.0122 0.0233 
1 0.6956 0.1068 0.0091 0.0197 
1 0.7195 0.1068 0.0102 0.0197 
1 0.6677 0.1813 0.0142 0.0287 
1 0.6941 0.2011 0.0203 0.0287 
1 0.7043 0.175 0.0122 0.0233 
1 0.7515 0.1382 0.0132 0.0323 
1 0.6758 0.2711 0.0224 0.0503 
1 0.6997 0.3106 0.0274 0.0539 
1 0.7307 0.2998 0.0224 0.0467 
1 0.749 0.3905 0.0285 0.07 
1 0.783 0.3088 0.0213 0.0539 
1 0.7688 0.2325 0.0193 0.0377 
1 0.7373 0.2217 0.0193 0.0341 
1 0.7586 0.1975 0.0152 0.0323 
1 0.7358 0.1948 0.0163 0.0269 
1 0.7937 0.1436 0.0122 0.0287 
1 0.8008 0.1652 0.0142 0.0359 
1 0.8064 0.2154 0.0152 0.0323 
1 0.8084 0.2558 0.0193 0.0485 
1 0.8562 0.2935 0.0213 0.0521 
1 0.8222 0.4147 0.0264 0.0682 
1 0.874 0.2612 0.0183 0.0413 
1 0.8826 0.2316 0.0173 0.0395 
1 0.9319 0.219 0.0163 0.0431 
1 0.9284 0.2899 0.0193 0.0413 
1 0.9278 0.3348 0.0224 0.0557 
1 0.9055 0.4138 0.0325 0.0736 
