1 0.5308 0.2293 0.105 0.2219 
1 0.745 0.6183 0.05 0.1006 
1 0.7042 0.5754 0.0283 0.0562 
1 0.8508 0.1775 0.1483 0.3491 
1 0.2775 0.7382 0.045 0.0799 
1 0.1725 0.7618 0.0483 0.0917 
1 0.0975 0.7781 0.035 0.0651 
1 0.0592 0.7115 0.0217 0.0385 
1 0.1175 0.6686 0.025 0.0473 
1 0.1667 0.6746 0.02 0.0473 
1 0.2192 0.676 0.025 0.0503 
1 0.275 0.6391 0.0233 0.0473 
1 0.3075 0.645 0.0317 0.0592 
1 0.3233 0.5917 0.0167 0.0355 
1 0.4233 0.6154 0.02 0.0414 
1 0.14 0.5917 0.0133 0.0296 
1 0.0617 0.6139 0.0167 0.0325 
1 0.0525 0.6464 0.0217 0.0325 
1 0.0558 0.676 0.025 0.0266 
1 0.0092 0.6716 0.015 0.0533 
