1 0.1991 0.4828 0.0449 0.092 
1 0.3047 0.2512 0.0153 0.0394 
1 0.3395 0.2824 0.0201 0.046 
1 0.3563 0.2586 0.0172 0.0378 
1 0.3911 0.202 0.0162 0.0296 
1 0.4327 0.2159 0.0153 0.0345 
1 0.4546 0.2217 0.0172 0.0328 
1 0.4384 0.1749 0.0134 0.0312 
1 0.4556 0.1905 0.0153 0.0296 
1 0.4847 0.2028 0.0162 0.0312 
1 0.4608 0.1544 0.0143 0.0197 
1 0.4885 0.3202 0.0239 0.0427 
1 0.5688 0.2332 0.0239 0.0427 
1 0.5649 0.3005 0.0239 0.0558 
1 0.6213 0.2972 0.0315 0.0657 
1 0.6213 0.2479 0.0239 0.046 
1 0.6332 0.2135 0.0191 0.0427 
1 0.6753 0.2603 0.021 0.0443 
1 0.6834 0.2077 0.022 0.0443 
1 0.734 0.2824 0.0258 0.046 
1 0.7942 0.3079 0.022 0.0542 
1 0.703 0.1609 0.0153 0.0328 
1 0.7182 0.1856 0.0153 0.0328 
1 0.7278 0.1412 0.0153 0.0296 
1 0.7092 0.0993 0.0124 0.0279 
1 0.7479 0.1141 0.0153 0.0312 
1 0.7665 0.1182 0.0124 0.023 
1 0.7684 0.1494 0.0143 0.0296 
1 0.7612 0.1897 0.0172 0.0378 
1 0.8185 0.1765 0.0153 0.0378 
1 0.8415 0.1215 0.0134 0.0394 
1 0.8706 0.1831 0.0162 0.0378 
1 0.8921 0.2307 0.0172 0.0443 
1 0.9112 0.1938 0.0134 0.0296 
1 0.946 0.1864 0.0162 0.0443 
1 0.9475 0.1207 0.0134 0.0312 
1 0.4398 0.2824 0.0258 0.0525 
1 0.6218 0.1026 0.0096 0.0246 
1 0.6309 0.1141 0.0105 0.0213 
1 0.5912 0.1585 0.0115 0.0246 
1 0.5096 0.1683 0.0143 0.0312 
1 0.5497 0.1314 0.0124 0.0296 
1 0.5449 0.1461 0.0162 0.0328 
1 0.5697 0.1544 0.0143 0.023 
1 0.5735 0.1207 0.0105 0.0246 
1 0.8309 0.1281 0.0115 0.0296 
