1 0.0171 0.4862 0.0322 0.0697 
1 0.0547 0.4724 0.0371 0.0474 
1 0.1094 0.4697 0.0664 0.0947 
1 0.1792 0.4921 0.0498 0.0684 
1 0.2368 0.4842 0.04 0.0579 
1 0.2715 0.4914 0.0312 0.0513 
1 0.3203 0.4678 0.0859 0.1408 
1 0.416 0.473 0.041 0.0645 
1 0.4526 0.4914 0.0342 0.0513 
1 0.502 0.448 0.0293 0.0382 
1 0.5361 0.4947 0.0273 0.0526 
1 0.5522 0.4934 0.0264 0.0421 
1 0.6475 0.4947 0.0723 0.0789 
1 0.5903 0.5987 0.0518 0.0658 
1 0.7061 0.4901 0.0332 0.0513 
1 0.7407 0.4947 0.0283 0.0447 
1 0.8198 0.5684 0.0889 0.1289 
1 0.8047 0.4783 0.041 0.0618 
1 0.8662 0.4888 0.0625 0.0829 
1 0.9243 0.5072 0.0479 0.0618 
1 0.979 0.5243 0.042 0.1987 
