1 0.0965 0.5646 0.0434 0.0925 
1 0.2269 0.2608 0.0129 0.0271 
1 0.2442 0.2767 0.0201 0.0399 
1 0.2928 0.2321 0.0177 0.0367 
1 0.3178 0.2368 0.0145 0.0335 
1 0.3399 0.2344 0.0121 0.0383 
1 0.3584 0.2289 0.0137 0.0303 
1 0.3234 0.2026 0.0193 0.0319 
1 0.3757 0.2679 0.0161 0.0383 
1 0.4473 0.3014 0.0209 0.0383 
1 0.3761 0.1962 0.0137 0.0255 
1 0.4002 0.1898 0.0169 0.0255 
1 0.4139 0.2265 0.0169 0.0415 
1 0.4469 0.1954 0.0153 0.0303 
1 0.4441 0.1643 0.0129 0.0287 
1 0.4988 0.2392 0.0241 0.0415 
1 0.4686 0.1651 0.0121 0.0335 
1 0.4791 0.1619 0.0105 0.0303 
1 0.4948 0.1707 0.0161 0.0447 
1 0.5084 0.1507 0.0161 0.0303 
1 0.5334 0.1675 0.0145 0.0383 
1 0.5615 0.2161 0.0177 0.0431 
1 0.5941 0.2041 0.0153 0.0383 
1 0.6231 0.2081 0.0169 0.0431 
1 0.57 0.1563 0.0185 0.0383 
1 0.5905 0.1324 0.0145 0.0287 
1 0.5961 0.1683 0.0129 0.0335 
1 0.6138 0.1284 0.0161 0.0335 
1 0.6195 0.1483 0.0145 0.0255 
1 0.6251 0.1754 0.0145 0.0287 
1 0.673 0.1898 0.0169 0.0287 
1 0.6496 0.126 0.0121 0.0287 
1 0.6706 0.1491 0.0137 0.0303 
1 0.6798 0.1388 0.0113 0.0351 
1 0.7023 0.1555 0.0129 0.0303 
1 0.7072 0.1356 0.0145 0.0383 
1 0.7317 0.1531 0.0153 0.0383 
1 0.5861 0.3222 0.0233 0.0478 
1 0.6283 0.3573 0.0225 0.051 
1 0.634 0.2871 0.0241 0.051 
1 0.6854 0.2313 0.0177 0.0383 
1 0.7088 0.2089 0.0161 0.0383 
1 0.7333 0.26 0.0169 0.0478 
1 0.7659 0.2847 0.0257 0.0399 
1 0.6702 0.3987 0.0257 0.0638 
1 0.7385 0.3828 0.0257 0.0638 
1 0.813 0.4394 0.0282 0.075 
1 0.8765 0.4992 0.0282 0.0734 
1 0.8986 0.3852 0.0225 0.0526 
1 0.9602 0.437 0.0201 0.0542 
1 0.965 0.37 0.0153 0.0447 
1 0.9891 0.3549 0.0153 0.0431 
1 0.8234 0.3118 0.0185 0.0526 
1 0.8093 0.2392 0.0129 0.0383 
1 0.7558 0.2233 0.0153 0.0383 
1 0.7707 0.1898 0.0113 0.0287 
1 0.7932 0.201 0.0145 0.0351 
1 0.7848 0.1794 0.0121 0.0303 
1 0.823 0.189 0.0129 0.0335 
1 0.8331 0.2273 0.0153 0.0335 
1 0.8488 0.2097 0.0129 0.0303 
1 0.8793 0.2257 0.0145 0.0335 
1 0.8958 0.2305 0.0105 0.0303 
1 0.9051 0.2711 0.0177 0.0415 
1 0.8737 0.3317 0.0177 0.0415 
1 0.885 0.3006 0.0145 0.0367 
1 0.9389 0.323 0.0161 0.0399 
1 0.9429 0.26 0.0113 0.0319 
1 0.9232 0.2225 0.0105 0.0303 
1 0.9179 0.2552 0.0113 0.0351 
1 0.971 0.2528 0.0145 0.0335 
1 0.9924 0.3086 0.0153 0.0335 
