1 0.0765 0.486 0.0515 0.1053 
1 0.1754 0.3053 0.0233 0.0526 
1 0.2012 0.314 0.0283 0.0526 
1 0.2415 0.2588 0.0191 0.0439 
1 0.2822 0.2667 0.0208 0.0456 
1 0.2872 0.2289 0.0224 0.0404 
1 0.3092 0.2526 0.02 0.0526 
1 0.3271 0.2386 0.0208 0.0526 
1 0.347 0.286 0.0241 0.0596 
1 0.3433 0.2228 0.0216 0.0421 
1 0.3695 0.2114 0.0241 0.0439 
1 0.3736 0.257 0.0191 0.0474 
1 0.4102 0.2193 0.0208 0.0351 
1 0.4102 0.1895 0.0175 0.0351 
1 0.4173 0.336 0.0266 0.0579 
1 0.4306 0.1877 0.0183 0.0421 
1 0.4539 0.2693 0.0233 0.0579 
1 0.483 0.2281 0.0183 0.0491 
1 0.5058 0.1939 0.0241 0.0544 
1 0.478 0.1702 0.02 0.0386 
1 0.4626 0.1833 0.0191 0.0404 
1 0.5362 0.2395 0.0183 0.0439 
1 0.5436 0.1833 0.0183 0.0404 
1 0.5387 0.1535 0.0216 0.0368 
1 0.5657 0.1526 0.0208 0.0421 
1 0.5798 0.1351 0.0158 0.0351 
1 0.5669 0.1939 0.0183 0.0333 
1 0.5586 0.2211 0.0166 0.0421 
1 0.5914 0.1737 0.0175 0.0351 
1 0.5981 0.1982 0.0175 0.0421 
1 0.6106 0.2193 0.0175 0.0456 
1 0.6193 0.15 0.0183 0.0439 
1 0.643 0.1737 0.0158 0.0386 
1 0.6575 0.1623 0.015 0.0404 
1 0.6825 0.1561 0.0166 0.0421 
1 0.675 0.1816 0.0166 0.0439 
1 0.7032 0.1816 0.0133 0.0474 
1 0.648 0.2061 0.0175 0.0368 
1 0.6525 0.257 0.0249 0.0614 
1 0.6043 0.3105 0.0233 0.0632 
1 0.5603 0.3658 0.0283 0.0614 
1 0.5923 0.4026 0.0324 0.0684 
1 0.655 0.4254 0.0299 0.0649 
1 0.712 0.4202 0.0291 0.0684 
1 0.7739 0.4912 0.0283 0.0947 
1 0.8682 0.5211 0.0324 0.0807 
1 0.6899 0.2526 0.0216 0.0456 
1 0.734 0.2518 0.02 0.0439 
1 0.7232 0.2412 0.0216 0.0439 
1 0.7086 0.3044 0.0274 0.0509 
1 0.7448 0.3175 0.0249 0.0596 
1 0.7448 0.2149 0.015 0.0474 
1 0.7685 0.2114 0.0191 0.0368 
1 0.7656 0.2404 0.02 0.0561 
1 0.8051 0.2123 0.0158 0.0456 
1 0.8225 0.2421 0.0158 0.0456 
1 0.8117 0.2456 0.0175 0.0421 
1 0.7835 0.2842 0.0208 0.0561 
1 0.8067 0.3281 0.0208 0.0596 
1 0.8645 0.2535 0.015 0.0404 
1 0.8994 0.2553 0.0166 0.0404 
1 0.9489 0.2719 0.0141 0.0456 
1 0.9277 0.2939 0.0166 0.0368 
1 0.9015 0.2851 0.0158 0.0404 
1 0.8886 0.307 0.0183 0.0526 
1 0.9273 0.3596 0.0158 0.0561 
1 0.9838 0.286 0.0141 0.0491 
1 0.9763 0.3281 0.0158 0.0421 
1 0.9755 0.3623 0.0158 0.0544 
1 0.9751 0.3965 0.0183 0.0526 
1 0.9456 0.4114 0.0208 0.0649 
1 0.9593 0.4886 0.0216 0.0825 
1 0.8695 0.3395 0.02 0.0544 
1 0.8624 0.4061 0.0191 0.0684 
1 0.8791 0.4351 0.0208 0.0702 
