1 0.0997 0.3427 0.0997 0.1643 
1 0.1711 0.284 0.0498 0.0939 
1 0.2135 0.2664 0.0382 0.0775 
1 0.2874 0.3263 0.0598 0.1033 
1 0.2849 0.2782 0.0415 0.0634 
1 0.3148 0.2711 0.0382 0.0728 
1 0.412 0.3052 0.0598 0.0892 
1 0.4294 0.2617 0.0449 0.0634 
1 0.5058 0.3251 0.0748 0.1244 
1 0.5199 0.257 0.0399 0.0681 
1 0.5498 0.2735 0.0432 0.0775 
1 0.3929 0.466 0.1445 0.2183 
1 0.6611 0.3204 0.0731 0.1103 
1 0.6968 0.2887 0.0382 0.0939 
1 0.6645 0.2606 0.0399 0.0657 
1 0.7292 0.2641 0.0399 0.0681 
1 0.7882 0.2793 0.0515 0.0892 
1 0.789 0.2277 0.0399 0.0563 
1 0.8439 0.2523 0.0432 0.0775 
1 0.9269 0.365 0.0864 0.1244 
1 0.8887 0.2946 0.0532 0.0869 
1 0.9028 0.2559 0.0449 0.0751 
