1 0.0859 0.5757 0.0458 0.1056 
1 0.1837 0.3028 0.0188 0.0528 
1 0.2136 0.2958 0.0229 0.0528 
1 0.2561 0.2535 0.0213 0.0387 
1 0.2966 0.2315 0.0205 0.0475 
1 0.2979 0.2562 0.0213 0.044 
1 0.3191 0.2394 0.018 0.0458 
1 0.3392 0.2236 0.0155 0.0352 
1 0.3539 0.2104 0.0205 0.0335 
1 0.3805 0.1998 0.018 0.0405 
1 0.3781 0.2553 0.018 0.0352 
1 0.3576 0.279 0.0229 0.0475 
1 0.4304 0.3257 0.0245 0.0563 
1 0.4259 0.2042 0.0155 0.0387 
1 0.4321 0.1752 0.0131 0.044 
1 0.4472 0.1769 0.0155 0.0299 
1 0.464 0.1646 0.0164 0.0405 
1 0.4849 0.1655 0.0139 0.0423 
1 0.4836 0.2174 0.0164 0.0405 
1 0.4611 0.265 0.0205 0.0475 
1 0.5119 0.1787 0.0172 0.0475 
1 0.5475 0.147 0.0131 0.0405 
1 0.5708 0.1444 0.0139 0.0352 
1 0.5896 0.1356 0.0139 0.0352 
1 0.6002 0.1629 0.0155 0.0335 
1 0.5728 0.2086 0.0164 0.0405 
1 0.5471 0.2289 0.0155 0.0387 
1 0.624 0.1347 0.0155 0.0299 
1 0.6166 0.2086 0.0139 0.0405 
1 0.5982 0.2025 0.0164 0.0423 
1 0.6502 0.1479 0.0139 0.0352 
1 0.6628 0.1417 0.0147 0.0299 
1 0.6514 0.1901 0.0147 0.0352 
1 0.6849 0.147 0.0147 0.0299 
1 0.6845 0.1743 0.0139 0.0423 
1 0.7042 0.1699 0.0155 0.037 
1 0.6899 0.2227 0.0164 0.037 
1 0.6678 0.2447 0.0213 0.0493 
1 0.6178 0.309 0.0229 0.0475 
1 0.5671 0.36 0.0278 0.0616 
1 0.6023 0.3812 0.0245 0.0581 
1 0.6543 0.412 0.027 0.0599 
1 0.7169 0.4173 0.0245 0.0704 
1 0.7893 0.4639 0.027 0.0792 
1 0.8637 0.5132 0.0254 0.0792 
1 0.8867 0.4269 0.0205 0.0546 
1 0.9529 0.5062 0.0221 0.0687 
1 0.9448 0.3961 0.0205 0.0563 
1 0.9746 0.3803 0.0164 0.0493 
1 0.9845 0.2773 0.0131 0.044 
1 0.9464 0.2562 0.0139 0.0335 
1 0.9763 0.3389 0.018 0.0475 
1 0.9309 0.2861 0.0155 0.044 
1 0.903 0.2412 0.0155 0.0352 
1 0.9002 0.2764 0.0147 0.0352 
1 0.8879 0.2993 0.0147 0.0458 
1 0.8703 0.2447 0.0123 0.0387 
1 0.8404 0.2342 0.018 0.0423 
1 0.8204 0.2456 0.0155 0.037 
1 0.7979 0.2386 0.0147 0.0335 
1 0.8077 0.2025 0.0164 0.0387 
1 0.7692 0.1989 0.0147 0.0423 
1 0.7459 0.206 0.0172 0.0387 
1 0.7398 0.2447 0.0164 0.0423 
1 0.7287 0.2342 0.0155 0.0317 
1 0.7492 0.3028 0.0155 0.0528 
1 0.813 0.3143 0.0205 0.0511 
1 0.7868 0.2826 0.0172 0.0475 
1 0.8625 0.3574 0.018 0.0493 
1 0.8654 0.3266 0.0188 0.0511 
1 0.9227 0.3539 0.0172 0.0528 
