1 0.7394 0.5813 0.1138 0.145 
1 0.8094 0.5319 0.0737 0.0838 
1 0.8619 0.5156 0.0612 0.0688 
1 0.9069 0.4575 0.0512 0.0625 
1 0.67 0.4369 0.0375 0.0362 
1 0.5913 0.4381 0.04 0.0488 
1 0.5587 0.4306 0.035 0.0362 
1 0.5437 0.4562 0.045 0.045 
1 0.4844 0.4975 0.0537 0.0525 
1 0.5088 0.4387 0.045 0.04 
1 0.5256 0.3725 0.0338 0.035 
1 0.4194 0.4556 0.0512 0.0462 
1 0.3194 0.495 0.0638 0.0725 
1 0.3187 0.4375 0.04 0.0375 
1 0.3725 0.4225 0.04 0.0425 
1 0.2794 0.4206 0.0462 0.0387 
1 0.2269 0.4462 0.0488 0.045 
1 0.2294 0.4119 0.0387 0.0312 
1 0.1669 0.48 0.0712 0.0675 
1 0.0669 0.5413 0.0988 0.105 
1 0.0725 0.4581 0.0575 0.0663 
1 0.12 0.4381 0.0425 0.0512 
1 0.1756 0.4281 0.0387 0.0387 
1 0.0919 0.4288 0.0262 0.04 
1 0.015 0.4306 0.0275 0.0537 
