1 0.1976 0.3657 0.0424 0.0822 
1 0.3127 0.2275 0.0183 0.0301 
1 0.3293 0.1944 0.0195 0.0361 
1 0.3477 0.2014 0.0195 0.0341 
1 0.4129 0.2054 0.0195 0.0381 
1 0.4204 0.1784 0.0183 0.0321 
1 0.4439 0.2164 0.0195 0.0361 
1 0.4462 0.1874 0.0172 0.0301 
1 0.4702 0.1894 0.0149 0.0341 
1 0.4777 0.2285 0.0206 0.0441 
1 0.4433 0.1543 0.0137 0.0281 
1 0.4645 0.1473 0.0103 0.022 
1 0.4817 0.1493 0.0126 0.0261 
1 0.4668 0.1353 0.0126 0.022 
1 0.4897 0.1323 0.0126 0.0281 
1 0.5063 0.1413 0.0137 0.0341 
1 0.4989 0.1573 0.0149 0.0341 
1 0.5344 0.1563 0.0126 0.0281 
1 0.5258 0.1393 0.0115 0.018 
1 0.5441 0.1403 0.0115 0.024 
1 0.551 0.1253 0.0092 0.022 
1 0.551 0.1653 0.016 0.0341 
1 0.5407 0.1874 0.016 0.0381 
1 0.5813 0.1673 0.0149 0.0341 
1 0.5756 0.1433 0.0149 0.0301 
1 0.5785 0.1172 0.016 0.022 
1 0.5962 0.1453 0.0149 0.0341 
1 0.6054 0.1333 0.0103 0.0261 
1 0.6226 0.1062 0.0126 0.024 
1 0.6386 0.1253 0.0126 0.0261 
1 0.6472 0.1112 0.0115 0.022 
1 0.6604 0.1102 0.0103 0.024 
1 0.6541 0.1313 0.0115 0.0261 
1 0.6472 0.1513 0.0137 0.0301 
1 0.626 0.1563 0.0172 0.0281 
1 0.681 0.1222 0.0103 0.024 
1 0.6953 0.1263 0.0115 0.0321 
1 0.6999 0.1182 0.0092 0.024 
1 0.7108 0.1693 0.0149 0.0261 
1 0.6621 0.1884 0.0183 0.0401 
1 0.6409 0.2014 0.0195 0.0381 
1 0.5808 0.2335 0.0183 0.0421 
1 0.5951 0.3016 0.0309 0.0782 
1 0.6312 0.2455 0.0183 0.0381 
1 0.516 0.2886 0.0263 0.0481 
1 0.6644 0.2715 0.0206 0.0421 
1 0.6667 0.2244 0.0206 0.0401 
1 0.6976 0.2124 0.0183 0.0361 
1 0.7268 0.2194 0.0241 0.0421 
1 0.6936 0.3146 0.0332 0.0601 
1 0.7245 0.3557 0.0332 0.0741 
1 0.7554 0.1303 0.0126 0.0281 
1 0.7583 0.1473 0.0137 0.0381 
1 0.7795 0.1433 0.0126 0.0301 
1 0.795 0.1723 0.0137 0.0321 
1 0.7721 0.1824 0.016 0.0321 
1 0.7417 0.1743 0.0149 0.0321 
1 0.7806 0.2405 0.0195 0.0361 
1 0.8139 0.1954 0.0149 0.0341 
1 0.827 0.1764 0.0137 0.0321 
1 0.8408 0.1583 0.0137 0.0321 
1 0.8614 0.1974 0.016 0.0421 
1 0.8786 0.1603 0.0183 0.0361 
1 0.9124 0.1693 0.0149 0.0341 
1 0.9404 0.1743 0.0137 0.0361 
1 0.9376 0.2144 0.0149 0.0361 
1 0.9227 0.2445 0.0195 0.0441 
1 0.9353 0.2395 0.0149 0.0381 
1 0.9267 0.2926 0.0206 0.0561 
1 0.9135 0.3347 0.0218 0.0641 
1 0.8751 0.2665 0.0206 0.0521 
1 0.866 0.1844 0.0137 0.0361 
1 0.8906 0.1974 0.0172 0.0381 
1 0.8855 0.2275 0.0206 0.0381 
1 0.823 0.2194 0.0149 0.0421 
1 0.8024 0.2735 0.0286 0.0541 
1 0.8116 0.2655 0.0195 0.0461 
1 0.8459 0.2966 0.0195 0.0521 
1 0.8167 0.3487 0.0321 0.0641 
1 0.8946 0.4369 0.0298 0.0802 
