1 0.048 0.5931 0.072 0.1231 
1 0.045 0.539 0.058 0.0811 
1 0.074 0.461 0.064 0.1051 
1 0.113 0.4444 0.05 0.0901 
1 0.214 0.5405 0.068 0.1081 
1 0.223 0.4865 0.062 0.0901 
1 0.277 0.5345 0.062 0.0961 
1 0.253 0.6847 0.094 0.1502 
1 0.364 0.7523 0.1 0.1652 
1 0.389 0.533 0.066 0.1051 
1 0.405 0.476 0.058 0.0751 
1 0.483 0.7117 0.094 0.1862 
1 0.614 0.5796 0.076 0.1261 
1 0.734 0.542 0.064 0.1111 
1 0.655 0.8904 0.118 0.2012 
1 0.806 0.6321 0.08 0.1111 
1 0.866 0.7192 0.084 0.1592 
1 0.928 0.8063 0.096 0.1652 
1 0.899 0.5931 0.082 0.1351 
1 0.878 0.5015 0.06 0.0901 
1 0.735 0.2057 0.042 0.0811 
