1 0.182 0.6315 0.0516 0.0892 
1 0.1211 0.5387 0.0484 0.0728 
1 0.1703 0.4777 0.0312 0.054 
1 0.2016 0.5399 0.0375 0.061 
1 0.225 0.4953 0.0344 0.0469 
1 0.2133 0.4214 0.0297 0.0399 
1 0.2391 0.4038 0.0312 0.0469 
1 0.2078 0.3732 0.0219 0.0329 
1 0.2227 0.3627 0.0203 0.0258 
1 0.2219 0.3404 0.0156 0.0235 
1 0.207 0.3404 0.0141 0.0329 
1 0.2047 0.3204 0.0125 0.0258 
1 0.2125 0.2981 0.0156 0.0188 
1 0.2305 0.3075 0.0109 0.0282 
1 0.2539 0.3052 0.0172 0.0235 
1 0.268 0.3122 0.0141 0.0235 
1 0.2945 0.412 0.0266 0.0446 
1 0.2617 0.439 0.0266 0.0423 
1 0.1602 0.4378 0.0266 0.0399 
1 0.1695 0.4061 0.0266 0.0282 
1 0.1633 0.392 0.0297 0.0329 
1 0.3445 0.4765 0.0328 0.0516 
1 0.3336 0.6174 0.0516 0.0986 
1 0.4336 0.5998 0.0484 0.0728 
1 0.407 0.5329 0.0391 0.0516 
1 0.3836 0.4859 0.0328 0.0469 
1 0.4609 0.5469 0.0406 0.0516 
1 0.5672 0.5376 0.0375 0.0563 
1 0.6367 0.6068 0.0453 0.0634 
1 0.6078 0.473 0.0281 0.0493 
1 0.7375 0.5904 0.0406 0.0634 
1 0.7414 0.5282 0.0328 0.0563 
1 0.725 0.4695 0.0312 0.0376 
1 0.7 0.439 0.025 0.0469 
1 0.7297 0.4225 0.0219 0.0423 
1 0.7852 0.4319 0.0266 0.0469 
1 0.8359 0.4707 0.0281 0.0493 
1 0.8906 0.5153 0.0281 0.0634 
1 0.9031 0.5493 0.0281 0.0469 
1 0.7016 0.3779 0.025 0.0423 
1 0.668 0.3674 0.0266 0.0352 
1 0.6336 0.3932 0.0203 0.0352 
1 0.6172 0.4178 0.0219 0.0282 
1 0.6016 0.4026 0.0156 0.0305 
1 0.5367 0.4178 0.0203 0.0376 
1 0.5687 0.3838 0.0187 0.0352 
1 0.5609 0.3674 0.0125 0.0211 
1 0.5656 0.3451 0.0125 0.0235 
1 0.5406 0.3462 0.0187 0.0258 
1 0.5844 0.3556 0.0156 0.0305 
1 0.6023 0.3662 0.0172 0.0188 
1 0.625 0.3521 0.0156 0.0282 
1 0.5984 0.3263 0.0156 0.0376 
1 0.5437 0.3087 0.0156 0.0258 
1 0.5281 0.3005 0.0125 0.0235 
1 0.5164 0.3146 0.0203 0.0282 
1 0.5109 0.2981 0.0125 0.0235 
1 0.4867 0.3005 0.0172 0.0282 
1 0.4562 0.2958 0.0156 0.0235 
1 0.4328 0.2934 0.0125 0.0235 
1 0.4383 0.338 0.0203 0.0376 
1 0.4117 0.2993 0.0203 0.0352 
1 0.3883 0.2934 0.0141 0.0376 
1 0.3945 0.3181 0.0141 0.0258 
1 0.3773 0.3204 0.0141 0.0258 
1 0.3828 0.3474 0.0219 0.0376 
1 0.3969 0.3803 0.0219 0.0423 
1 0.3453 0.3826 0.0187 0.0376 
1 0.3258 0.3885 0.0234 0.0305 
1 0.3453 0.3568 0.0219 0.0423 
1 0.3219 0.3192 0.0156 0.0235 
1 0.3102 0.3263 0.0141 0.0282 
1 0.3148 0.2934 0.0141 0.0235 
1 0.3312 0.3063 0.0156 0.0305 
1 0.0375 0.2969 0.0219 0.0399 
1 0.0086 0.304 0.0141 0.0258 
