1 0.0651 0.5551 0.0445 0.1004 
1 0.2215 0.3501 0.0178 0.0307 
1 0.2514 0.3675 0.021 0.0349 
1 0.2886 0.3089 0.0178 0.0321 
1 0.287 0.3724 0.0194 0.0335 
1 0.3371 0.3703 0.0226 0.0432 
1 0.3521 0.3333 0.017 0.0335 
1 0.3585 0.2985 0.0186 0.0307 
1 0.3905 0.325 0.021 0.0307 
1 0.4123 0.3494 0.0243 0.046 
1 0.4091 0.3006 0.0162 0.0265 
1 0.4078 0.2789 0.0154 0.0223 
1 0.3941 0.2755 0.0202 0.0349 
1 0.4236 0.2552 0.0162 0.0251 
1 0.4349 0.2762 0.0162 0.0279 
1 0.4535 0.2524 0.0113 0.0251 
1 0.4701 0.2392 0.0137 0.0181 
1 0.4745 0.2699 0.0146 0.0265 
1 0.5016 0.2685 0.0137 0.0321 
1 0.5101 0.2531 0.0113 0.0293 
1 0.5214 0.2427 0.0162 0.0195 
1 0.5234 0.2699 0.017 0.0349 
1 0.5473 0.251 0.0162 0.0363 
1 0.5558 0.2273 0.017 0.0279 
1 0.5752 0.2259 0.0137 0.0251 
1 0.5776 0.2566 0.0186 0.0335 
1 0.5893 0.2399 0.0146 0.0279 
1 0.599 0.2294 0.0162 0.0265 
1 0.6091 0.2092 0.0121 0.0251 
1 0.6253 0.2169 0.0137 0.0181 
1 0.6524 0.2197 0.0129 0.0209 
1 0.671 0.2315 0.0097 0.0251 
1 0.637 0.2434 0.0113 0.0181 
1 0.5982 0.2587 0.0129 0.0209 
1 0.5513 0.2852 0.0162 0.0265 
1 0.5097 0.3215 0.017 0.0349 
1 0.4507 0.3459 0.017 0.0363 
1 0.7365 0.2448 0.0129 0.0209 
1 0.7296 0.2664 0.0137 0.0279 
1 0.7187 0.2824 0.0146 0.0349 
1 0.7049 0.2643 0.0129 0.0293 
1 0.6742 0.2692 0.0129 0.0251 
1 0.6322 0.2978 0.0162 0.0265 
1 0.5978 0.3264 0.017 0.0307 
1 0.5602 0.3501 0.0226 0.0446 
1 0.5384 0.4052 0.0226 0.046 
1 0.4665 0.4156 0.0259 0.0474 
1 0.576 0.4344 0.0299 0.0516 
1 0.5877 0.4198 0.021 0.0363 
1 0.6532 0.3312 0.0162 0.0349 
1 0.6629 0.3689 0.0226 0.046 
1 0.6884 0.355 0.0202 0.0377 
1 0.7749 0.2385 0.0154 0.0307 
1 0.7688 0.2699 0.0146 0.0237 
1 0.7462 0.2964 0.0146 0.0265 
1 0.8331 0.2629 0.0137 0.0237 
1 0.8226 0.2741 0.0137 0.0265 
1 0.865 0.2587 0.0129 0.0265 
1 0.8573 0.2755 0.0154 0.0237 
1 0.8872 0.2866 0.0121 0.0349 
1 0.9325 0.2706 0.0154 0.0279 
1 0.926 0.3138 0.0121 0.0251 
1 0.9188 0.3347 0.0137 0.0335 
1 0.8872 0.3271 0.017 0.0321 
1 0.8391 0.3222 0.0146 0.0391 
1 0.8185 0.3354 0.0202 0.0432 
1 0.7939 0.3096 0.0162 0.0279 
1 0.7429 0.4073 0.0243 0.0363 
1 0.787 0.4135 0.0186 0.0432 
1 0.8015 0.3842 0.017 0.0377 
1 0.8565 0.3745 0.0186 0.046 
1 0.8674 0.3619 0.0178 0.0404 
1 0.9337 0.3738 0.0194 0.0446 
1 0.9139 0.3975 0.0202 0.0391 
1 0.9026 0.4637 0.0267 0.0544 
1 0.8387 0.4372 0.0234 0.0572 
1 0.7983 0.5384 0.0267 0.0697 
1 0.7045 0.4923 0.0331 0.0669 
1 0.6378 0.4589 0.0356 0.0642 
