1 0.0999 0.5599 0.0721 0.1072 
1 0.1546 0.5555 0.0572 0.0985 
1 0.1372 0.4975 0.0439 0.0673 
1 0.1559 0.4564 0.0299 0.0499 
1 0.0912 0.4882 0.0448 0.0536 
1 0.0626 0.4613 0.0357 0.0623 
1 0.0688 0.4333 0.0299 0.0411 
1 0.1961 0.4701 0.0373 0.0698 
1 0.2235 0.4682 0.0274 0.0536 
1 0.2098 0.4296 0.0299 0.0461 
1 0.279 0.51 0.0489 0.0948 
1 0.3039 0.5031 0.0373 0.0761 
1 0.2695 0.4339 0.0265 0.0499 
1 0.34 0.4751 0.0332 0.0549 
1 0.3404 0.4314 0.029 0.0399 
1 0.4059 0.4663 0.0954 0.1796 
1 0.4013 0.7968 0.1161 0.217 
1 0.558 0.3167 0.0945 0.1771 
1 0.6862 0.432 0.0274 0.0511 
1 0.483 0.5069 0.039 0.0761 
1 0.5191 0.5137 0.0282 0.0698 
1 0.5083 0.4645 0.0365 0.0586 
1 0.5332 0.4296 0.0216 0.0486 
1 0.4764 0.4277 0.024 0.0524 
