1 0.8458 0.3183 0.095 0.1303 
1 0.6408 0.5401 0.0317 0.0677 
1 0.59 0.5301 0.0333 0.0627 
1 0.5433 0.5401 0.0267 0.0576 
1 0.5092 0.5376 0.0417 0.0677 
1 0.5258 0.5125 0.025 0.0526 
1 0.4808 0.5251 0.0217 0.0426 
1 0.45 0.5313 0.0433 0.0652 
1 0.4267 0.51 0.0233 0.0476 
1 0.405 0.5276 0.0267 0.0476 
1 0.3667 0.5363 0.04 0.0652 
1 0.3758 0.5075 0.025 0.0426 
1 0.3225 0.5426 0.035 0.0526 
1 0.3208 0.5138 0.025 0.0501 
1 0.2833 0.5501 0.04 0.0677 
1 0.2833 0.5201 0.0333 0.0526 
1 0.2367 0.5175 0.0267 0.0426 
1 0.2008 0.5326 0.035 0.0476 
1 0.1975 0.5038 0.0217 0.0351 
1 0.0808 0.5752 0.065 0.1078 
1 0.0883 0.5238 0.03 0.0501 
1 0.1242 0.5226 0.035 0.0576 
1 0.1425 0.515 0.0283 0.0526 
1 0.0767 0.5038 0.0233 0.0401 
1 0.0492 0.5113 0.0317 0.0551 
1 0.0208 0.5514 0.0383 0.1253 
