1 0.0411 0.4545 0.0493 0.0716 
1 0.0839 0.4807 0.0511 0.0689 
1 0.1168 0.4353 0.0401 0.0606 
1 0.1524 0.4835 0.0529 0.0744 
1 0.1943 0.6267 0.1734 0.2121 
1 0.2536 0.4463 0.0474 0.0661 
1 0.2527 0.5565 0.0785 0.1377 
1 0.333 0.4559 0.0566 0.0854 
1 0.3741 0.4601 0.0474 0.0826 
1 0.3677 0.5551 0.0967 0.1185 
1 0.5064 0.3623 0.0383 0.0579 
1 0.5283 0.4766 0.0493 0.0661 
1 0.6049 0.4848 0.0456 0.0771 
1 0.7035 0.6226 0.1004 0.1873 
1 0.7263 0.4945 0.0401 0.0689 
1 0.771 0.489 0.0347 0.0689 
1 0.8349 0.4807 0.0602 0.0799 
1 0.9106 0.5565 0.0657 0.1322 
1 0.9827 0.5579 0.0347 0.1405 
1 0.9617 0.4683 0.0474 0.0771 
1 0.9051 0.4711 0.0474 0.0661 
