1 0.0449 0.1916 0.0119 0.0361 
1 0.0743 0.4167 0.0199 0.0464 
1 0.0707 0.4905 0.0191 0.0533 
1 0.135 0.5893 0.0254 0.0653 
1 0.2061 0.4287 0.0199 0.0601 
1 0.1183 0.2234 0.0127 0.0378 
1 0.17 0.2577 0.0143 0.0412 
1 0.1624 0.177 0.0167 0.0378 
1 0.1795 0.183 0.0127 0.0395 
1 0.2383 0.293 0.0111 0.043 
1 0.2276 0.3368 0.0151 0.055 
1 0.1982 0.1271 0.0103 0.0275 
1 0.2252 0.1366 0.0119 0.0292 
1 0.2419 0.1082 0.0151 0.0378 
1 0.2867 0.1607 0.0127 0.0361 
1 0.2907 0.1899 0.0111 0.0395 
1 0.3098 0.2328 0.0143 0.0361 
1 0.3419 0.1967 0.0135 0.0361 
1 0.5604 0.4682 0.0246 0.0704 
1 0.355 0.0842 0.0095 0.0344 
1 0.3761 0.1778 0.0151 0.0395 
1 0.4174 0.1718 0.0135 0.0344 
1 0.3952 0.0868 0.0103 0.0292 
1 0.4222 0.0902 0.0119 0.0258 
1 0.4762 0.067 0.0119 0.0309 
1 0.4583 0.1254 0.0127 0.0309 
1 0.4682 0.1624 0.0151 0.0292 
1 0.4873 0.1744 0.0135 0.0292 
1 0.4821 0.2363 0.0159 0.0395 
1 0.4738 0.2869 0.0214 0.0378 
1 0.558 0.3024 0.0167 0.0412 
1 0.5071 0.1082 0.0087 0.0206 
1 0.5191 0.0816 0.0103 0.0223 
1 0.5377 0.177 0.0111 0.0309 
1 0.5659 0.1993 0.0183 0.0412 
1 0.6172 0.2388 0.0159 0.0344 
1 0.5671 0.1375 0.0127 0.0275 
1 0.5786 0.134 0.0087 0.0241 
1 0.5683 0.0945 0.0103 0.0275 
1 0.6771 0.3299 0.0167 0.0515 
1 0.614 0.1125 0.0127 0.0258 
1 0.6402 0.1478 0.0127 0.0344 
1 0.6851 0.201 0.0151 0.0309 
1 0.7037 0.1692 0.0127 0.0395 
1 0.7002 0.2027 0.0119 0.0344 
1 0.7006 0.268 0.0143 0.0378 
1 0.7593 0.3428 0.0222 0.0464 
1 0.728 0.2328 0.0119 0.0361 
1 0.7581 0.2027 0.0167 0.0309 
1 0.803 0.2328 0.0143 0.0395 
1 0.8403 0.2732 0.0175 0.0515 
1 0.9154 0.3643 0.0262 0.055 
1 0.4797 0.11 0.0207 0.0515 
1 0.0465 0.2483 0.0135 0.043 
