1 0.0192 0.4197 0.0328 0.0725 
1 0.0595 0.421 0.0424 0.0855 
1 0.1094 0.4391 0.0438 0.0803 
1 0.1628 0.4702 0.0465 0.0855 
1 0.1908 0.4339 0.0287 0.0648 
1 0.2538 0.4573 0.0561 0.101 
1 0.3016 0.4573 0.0287 0.0648 
1 0.3222 0.4158 0.0287 0.0596 
1 0.3673 0.4249 0.0287 0.0725 
1 0.4152 0.4145 0.0369 0.0829 
1 0.3769 0.5389 0.0479 0.1088 
1 0.4795 0.4741 0.0534 0.1295 
1 0.5643 0.4417 0.0643 0.1477 
1 0.6491 0.4365 0.0479 0.1166 
1 0.7428 0.4158 0.052 0.101 
1 0.7756 0.4573 0.0301 0.0803 
1 0.8919 0.4054 0.0492 0.1062 
1 0.6867 0.4495 0.0328 0.0855 
