1 0.0464 0.4585 0.0865 0.1678 
1 0.1105 0.4512 0.0222 0.0428 
1 0.159 0.5154 0.0566 0.1019 
1 0.1444 0.4624 0.0284 0.0459 
1 0.3143 0.4514 0.1312 0.2284 
1 0.403 0.5004 0.0364 0.0679 
1 0.4487 0.5039 0.0287 0.0478 
1 0.4735 0.5096 0.0251 0.0448 
1 0.5025 0.5071 0.0163 0.0336 
1 0.5311 0.516 0.0287 0.0513 
1 0.5554 0.5421 0.0467 0.0887 
1 0.6191 0.5399 0.0413 0.0783 
1 0.6658 0.5195 0.0356 0.0606 
1 0.7115 0.5426 0.0279 0.0583 
1 0.8239 0.5592 0.0615 0.1169 
1 0.8747 0.5608 0.0558 0.103 
1 0.9153 0.5812 0.032 0.0791 
1 0.9477 0.5748 0.0245 0.0602 
1 0.2379 0.467 0.0274 0.0467 
