1 0.108 0.6246 0.048 0.0721 
1 0.061 0.5766 0.038 0.048 
1 0.113 0.5751 0.034 0.045 
1 0.181 0.5556 0.03 0.042 
1 0.198 0.6291 0.044 0.0751 
1 0.175 0.8153 0.082 0.1291 
1 0.249 0.5916 0.038 0.0661 
1 0.226 0.5601 0.028 0.039 
1 0.256 0.545 0.024 0.045 
1 0.304 0.5556 0.028 0.042 
1 0.328 0.6171 0.036 0.0691 
1 0.373 0.5781 0.034 0.0511 
1 0.433 0.6847 0.062 0.1081 
1 0.439 0.5856 0.034 0.0541 
1 0.454 0.5541 0.028 0.045 
1 0.522 0.5646 0.028 0.036 
1 0.462 0.4429 0.028 0.045 
1 0.548 0.6937 0.064 0.1201 
1 0.582 0.6276 0.048 0.0841 
1 0.702 0.6351 0.052 0.0811 
1 0.698 0.5931 0.04 0.0511 
1 0.722 0.5706 0.028 0.0541 
1 0.767 0.6006 0.042 0.0661 
1 0.81 0.5751 0.032 0.0571 
