1 0.0721 0.4646 0.0765 0.1106 
1 0.0206 0.4613 0.0382 0.0907 
1 0.0368 0.3816 0.0559 0.0774 
1 0.1904 0.3883 0.0485 0.073 
1 0.2949 0.4414 0.0485 0.0774 
1 0.3706 0.4679 0.0735 0.1084 
1 0.275 0.3883 0.0294 0.0509 
1 0.2949 0.4027 0.0309 0.0398 
1 0.3206 0.3772 0.0265 0.0465 
1 0.3985 0.3905 0.0294 0.0553 
1 0.3993 0.3584 0.0309 0.0487 
1 0.4566 0.4071 0.0397 0.0664 
1 0.5654 0.4458 0.0485 0.0996 
1 0.5544 0.375 0.0441 0.0774 
1 0.5147 0.3993 0.0382 0.0642 
1 0.489 0.3761 0.0368 0.0531 
1 0.5684 0.2688 0.025 0.0509 
1 0.6191 0.4104 0.0588 0.0996 
1 0.664 0.3728 0.0309 0.0642 
1 0.7456 0.396 0.0471 0.0796 
1 0.8074 0.2788 0.0353 0.0575 
1 0.8919 0.323 0.0515 0.0885 
