1 0.9078 0.4416 0.0311 0.0745 
1 0.9233 0.3519 0.0194 0.0575 
1 0.9325 0.2851 0.0184 0.0491 
1 0.9335 0.2293 0.0146 0.0389 
1 0.8937 0.2327 0.0165 0.0423 
1 0.8796 0.2589 0.0194 0.0406 
1 0.8456 0.3139 0.0233 0.0592 
1 0.8277 0.4052 0.0282 0.066 
1 0.7825 0.313 0.0194 0.0508 
1 0.7636 0.3875 0.0282 0.0575 
1 0.7597 0.2885 0.0204 0.0491 
1 0.7791 0.2386 0.0184 0.044 
1 0.8102 0.2293 0.0165 0.0389 
1 0.8248 0.2547 0.0204 0.0457 
1 0.7927 0.1489 0.0087 0.0203 
1 0.8 0.1633 0.0136 0.0321 
1 0.8262 0.165 0.0117 0.0321 
1 0.7684 0.1929 0.0165 0.0338 
1 0.7505 0.1785 0.0155 0.0321 
1 0.7544 0.1396 0.0117 0.0254 
1 0.7621 0.1616 0.0136 0.0254 
1 0.7238 0.1184 0.0087 0.0237 
1 0.7272 0.1591 0.0117 0.0305 
1 0.7078 0.165 0.0136 0.0321 
1 0.7248 0.1895 0.0165 0.0372 
1 0.7354 0.2301 0.0204 0.044 
1 0.6757 0.2724 0.0194 0.044 
1 0.6699 0.1125 0.0078 0.0254 
1 0.6636 0.1337 0.0126 0.0305 
1 0.6733 0.1878 0.0165 0.0372 
1 0.6903 0.1184 0.0097 0.0237 
1 0.6869 0.1311 0.0107 0.0254 
1 0.6427 0.1218 0.0097 0.0237 
1 0.599 0.121 0.0078 0.022 
1 0.5811 0.132 0.0107 0.0305 
1 0.6049 0.1354 0.0097 0.0271 
1 0.6184 0.1227 0.0097 0.0254 
1 0.6325 0.1379 0.0107 0.0288 
1 0.6262 0.1633 0.0136 0.0355 
1 0.632 0.2225 0.0155 0.0423 
1 0.6238 0.2504 0.0223 0.0474 
1 0.5524 0.1371 0.0117 0.0271 
1 0.5728 0.1624 0.0117 0.0305 
1 0.5583 0.1531 0.0097 0.0288 
1 0.5558 0.1701 0.0146 0.0321 
1 0.5573 0.1912 0.0136 0.0338 
1 0.5913 0.1836 0.0136 0.0389 
1 0.5684 0.2572 0.0184 0.0508 
1 0.5044 0.1328 0.0087 0.022 
1 0.5175 0.1523 0.0136 0.0305 
1 0.5282 0.1387 0.0117 0.0271 
1 0.5335 0.1675 0.0126 0.0338 
1 0.5083 0.1633 0.0126 0.0288 
1 0.4932 0.1514 0.0136 0.0288 
1 0.4636 0.165 0.0107 0.0254 
1 0.4675 0.1548 0.0107 0.022 
1 0.4733 0.1464 0.0107 0.0254 
1 0.4709 0.1963 0.0155 0.0338 
1 0.4495 0.1785 0.0136 0.0355 
1 0.4684 0.2335 0.0146 0.0372 
1 0.484 0.231 0.0146 0.0423 
1 0.5141 0.2005 0.0165 0.0389 
1 0.5 0.2834 0.0233 0.0558 
1 0.5456 0.3156 0.0252 0.0592 
1 0.4286 0.2437 0.0204 0.0406 
1 0.4175 0.2191 0.0175 0.0389 
1 0.4243 0.1777 0.0117 0.0305 
1 0.4286 0.1548 0.0107 0.0288 
1 0.3951 0.1887 0.0136 0.0254 
1 0.3922 0.2098 0.0155 0.0406 
1 0.3845 0.2563 0.0214 0.0457 
1 0.3534 0.1904 0.0136 0.0254 
1 0.351 0.2115 0.0165 0.0406 
1 0.3519 0.253 0.0146 0.0389 
1 0.3296 0.2547 0.0146 0.0389 
1 0.3155 0.22 0.0136 0.0372 
1 0.3049 0.2462 0.0155 0.0355 
1 0.6112 0.3291 0.0223 0.0592 
1 0.6786 0.3621 0.0272 0.0643 
1 0.2102 0.3672 0.0398 0.0846 
