1 0.1984 0.4081 0.0415 0.0808 
1 0.2621 0.2723 0.0145 0.0361 
1 0.2963 0.2448 0.0135 0.0258 
1 0.3012 0.2586 0.0135 0.0258 
1 0.3248 0.25 0.0145 0.0292 
1 0.3248 0.2131 0.0145 0.0275 
1 0.3431 0.2105 0.0125 0.0258 
1 0.3557 0.25 0.0164 0.0361 
1 0.3842 0.2646 0.0193 0.0412 
1 0.4175 0.2766 0.0203 0.0447 
1 0.3837 0.2036 0.0145 0.0361 
1 0.4078 0.1778 0.0125 0.0258 
1 0.4194 0.1847 0.0145 0.0326 
1 0.4382 0.1632 0.0135 0.0344 
1 0.4604 0.1598 0.0135 0.0309 
1 0.4657 0.1486 0.0106 0.0223 
1 0.4788 0.1409 0.0135 0.0275 
1 0.4821 0.2174 0.0164 0.0361 
1 0.43 0.2448 0.0203 0.0326 
1 0.4986 0.1907 0.0183 0.0344 
1 0.5077 0.1246 0.0116 0.0258 
1 0.5232 0.1332 0.0135 0.0223 
1 0.5275 0.2088 0.0183 0.0361 
1 0.5594 0.1409 0.0106 0.0309 
1 0.5787 0.1323 0.0145 0.0206 
1 0.5883 0.1392 0.0125 0.0206 
1 0.6004 0.1048 0.0135 0.0206 
1 0.624 0.1117 0.0125 0.0206 
1 0.6279 0.1357 0.0145 0.0309 
1 0.6139 0.1529 0.0174 0.0309 
1 0.6462 0.1168 0.0145 0.0241 
1 0.6655 0.1229 0.0125 0.0223 
1 0.6549 0.1615 0.0183 0.0344 
1 0.6187 0.1993 0.0174 0.0412 
1 0.5719 0.1727 0.0145 0.0361 
1 0.5376 0.1804 0.0193 0.0309 
1 0.5024 0.293 0.0222 0.0567 
1 0.5521 0.3144 0.027 0.0481 
1 0.5734 0.238 0.0212 0.043 
1 0.6086 0.256 0.0222 0.0481 
1 0.6573 0.2036 0.0193 0.0395 
1 0.6684 0.2483 0.0183 0.0464 
1 0.6824 0.305 0.0251 0.0704 
1 0.7046 0.2208 0.0154 0.0395 
1 0.7235 0.2552 0.0203 0.0498 
1 0.7428 0.3342 0.0319 0.0636 
1 0.7785 0.2887 0.0222 0.0515 
1 0.7481 0.2423 0.0174 0.0378 
1 0.7466 0.2027 0.0183 0.0378 
1 0.7177 0.195 0.0183 0.0361 
1 0.6969 0.1538 0.0154 0.0361 
1 0.7307 0.1521 0.0135 0.0361 
1 0.7486 0.1529 0.0164 0.0344 
1 0.7727 0.1271 0.0125 0.0309 
1 0.7669 0.1744 0.0106 0.0326 
1 0.8021 0.1306 0.0135 0.0344 
1 0.7939 0.1864 0.0164 0.0395 
1 0.8118 0.171 0.0154 0.0361 
1 0.7987 0.1581 0.0145 0.0344 
1 0.8403 0.1392 0.0125 0.0344 
1 0.8745 0.1435 0.0135 0.0361 
1 0.8465 0.1838 0.0154 0.0378 
1 0.8407 0.2208 0.0193 0.043 
1 0.8224 0.2354 0.0193 0.0481 
1 0.8948 0.1985 0.0174 0.0395 
1 0.8822 0.2457 0.0193 0.0619 
1 0.918 0.2732 0.0193 0.0481 
