1 0.0686 0.635 0.0656 0.1369 
1 0.1581 0.7072 0.0736 0.1597 
1 0.2614 0.2376 0.0934 0.2015 
1 0.3668 0.5856 0.0577 0.1141 
1 0.4135 0.6426 0.0596 0.1369 
1 0.2535 0.9335 0.1133 0.1331 
1 0.5169 0.808 0.0994 0.1635 
1 0.4751 0.5437 0.0477 0.1065 
1 0.5855 0.5798 0.0497 0.1027 
1 0.5746 0.4962 0.0477 0.0875 
1 0.6471 0.5361 0.0457 0.1065 
1 0.6769 0.5057 0.0417 0.0913 
1 0.7048 0.6502 0.0855 0.1521 
1 0.7266 0.8156 0.1133 0.2091 
1 0.7952 0.6996 0.0716 0.1825 
1 0.826 0.6255 0.0577 0.1255 
1 0.8539 0.5741 0.0417 0.1065 
1 0.7913 0.4924 0.0398 0.0875 
1 0.7396 0.5095 0.0358 0.0913 
1 0.9115 0.6806 0.0696 0.1369 
1 0.9573 0.6217 0.0457 0.1027 
1 0.9155 0.557 0.0497 0.0875 
