1 0.2011 0.3645 0.0408 0.0964 
1 0.2879 0.23 0.0115 0.0309 
1 0.3093 0.2482 0.0188 0.0345 
1 0.3516 0.1945 0.0157 0.0436 
1 0.3621 0.2273 0.0157 0.0327 
1 0.3777 0.2 0.0157 0.0364 
1 0.3877 0.2491 0.0167 0.0473 
1 0.4023 0.1973 0.0209 0.0345 
1 0.431 0.2336 0.0199 0.0455 
1 0.4216 0.1491 0.0115 0.0218 
1 0.4222 0.17 0.0125 0.0273 
1 0.431 0.1918 0.0157 0.0345 
1 0.4556 0.2118 0.0167 0.0309 
1 0.4514 0.1609 0.0125 0.0273 
1 0.4786 0.1836 0.0146 0.0327 
1 0.4838 0.2255 0.0146 0.0327 
1 0.4781 0.15 0.0157 0.0309 
1 0.4974 0.1627 0.0146 0.0309 
1 0.5251 0.1373 0.0157 0.0273 
1 0.5387 0.1764 0.0157 0.04 
1 0.5564 0.1318 0.0136 0.02 
1 0.5658 0.1809 0.0199 0.0382 
1 0.5794 0.1609 0.0136 0.0273 
1 0.5862 0.1136 0.0125 0.0273 
1 0.5956 0.1218 0.0084 0.0255 
1 0.604 0.1764 0.0188 0.0327 
1 0.6212 0.1218 0.0115 0.0218 
1 0.639 0.1318 0.0136 0.0236 
1 0.6505 0.1145 0.0115 0.0182 
1 0.6573 0.1391 0.0104 0.0345 
1 0.6651 0.1164 0.0052 0.0182 
1 0.6703 0.1027 0.0136 0.02 
1 0.6964 0.1264 0.0094 0.0273 
1 0.7069 0.1018 0.0094 0.0218 
1 0.7382 0.1109 0.0115 0.0255 
1 0.6306 0.17 0.0178 0.0273 
1 0.501 0.2727 0.0219 0.0582 
1 0.5569 0.3036 0.0293 0.0509 
1 0.5951 0.2327 0.0219 0.0509 
1 0.6102 0.3327 0.023 0.0582 
1 0.6479 0.2464 0.0167 0.0491 
1 0.6855 0.1855 0.0125 0.0291 
1 0.6928 0.2482 0.0209 0.0418 
1 0.7032 0.3045 0.0293 0.0527 
1 0.7215 0.1873 0.0157 0.0436 
1 0.7649 0.1309 0.0125 0.0327 
1 0.7675 0.1982 0.0199 0.0473 
1 0.7377 0.2318 0.0209 0.0455 
1 0.8103 0.1555 0.0157 0.0418 
1 0.78 0.2491 0.0199 0.0545 
1 0.8004 0.2955 0.023 0.0491 
1 0.7591 0.3745 0.0324 0.0691 
1 0.8161 0.2218 0.0167 0.0364 
1 0.8349 0.2582 0.0188 0.0509 
1 0.8548 0.3191 0.0251 0.06 
1 0.8386 0.3891 0.0303 0.0618 
1 0.8877 0.2655 0.0219 0.0473 
1 0.895 0.2173 0.0157 0.0455 
1 0.953 0.2164 0.0188 0.0436 
1 0.942 0.29 0.0219 0.0527 
1 0.9394 0.3555 0.0272 0.06 
1 0.9117 0.4227 0.0387 0.0818 
1 0.5005 0.1364 0.0125 0.0291 
1 0.7341 0.2973 0.0199 0.0527 
1 0.8009 0.1427 0.0136 0.0309 
