1 0.1042 0.5443 0.0511 0.1025 
1 0.2164 0.3504 0.0142 0.0332 
1 0.2557 0.3463 0.0157 0.0416 
1 0.2852 0.3082 0.0149 0.0346 
1 0.2817 0.3643 0.0173 0.0443 
1 0.3277 0.3636 0.0244 0.0485 
1 0.3525 0.2971 0.0173 0.0346 
1 0.3867 0.2569 0.0102 0.0291 
1 0.3533 0.3296 0.0157 0.0305 
1 0.378 0.3331 0.0149 0.0402 
1 0.4009 0.3019 0.0181 0.0305 
1 0.4079 0.3324 0.0165 0.036 
1 0.4304 0.3061 0.0189 0.0332 
1 0.4347 0.3428 0.0212 0.0319 
1 0.4213 0.2583 0.0118 0.0235 
1 0.4426 0.2514 0.0118 0.0208 
1 0.4571 0.2403 0.011 0.0263 
1 0.4583 0.3151 0.0165 0.0235 
1 0.4945 0.2548 0.0102 0.0277 
1 0.5043 0.241 0.0142 0.0277 
1 0.5527 0.2202 0.0102 0.0249 
1 0.5252 0.2604 0.0165 0.0332 
1 0.5047 0.3109 0.0181 0.0319 
1 0.4528 0.4058 0.0275 0.0416 
1 0.5323 0.3989 0.0244 0.0499 
1 0.5389 0.3006 0.0142 0.0332 
1 0.5618 0.2521 0.0126 0.0277 
1 0.598 0.2126 0.011 0.0235 
1 0.6141 0.2126 0.0118 0.0263 
1 0.6223 0.2576 0.0142 0.0305 
1 0.572 0.2486 0.0126 0.0235 
1 0.5838 0.3283 0.0205 0.036 
1 0.5932 0.4231 0.0268 0.054 
1 0.6326 0.3338 0.0189 0.0305 
1 0.6192 0.2971 0.0142 0.0319 
1 0.6436 0.2223 0.0142 0.0235 
1 0.6499 0.2341 0.0126 0.0277 
1 0.6648 0.2334 0.0142 0.0291 
1 0.6515 0.2729 0.0173 0.0277 
1 0.6912 0.2521 0.0134 0.0332 
1 0.6707 0.3456 0.0197 0.0429 
1 0.6412 0.3864 0.0252 0.0609 
1 0.6483 0.4363 0.0236 0.0582 
1 0.6888 0.5145 0.0338 0.0734 
1 0.7175 0.3927 0.0236 0.054 
1 0.7105 0.268 0.0142 0.0319 
1 0.7274 0.2334 0.0134 0.0291 
1 0.7474 0.2791 0.011 0.0263 
1 0.7545 0.2645 0.0142 0.0305 
1 0.7557 0.2389 0.0134 0.0319 
1 0.7836 0.2479 0.011 0.036 
1 0.7943 0.3054 0.0134 0.0402 
1 0.8143 0.2576 0.0126 0.0277 
1 0.8462 0.2548 0.0118 0.0249 
1 0.834 0.2749 0.0142 0.0346 
1 0.8293 0.3096 0.0126 0.0319 
1 0.7884 0.3608 0.0189 0.0512 
1 0.7585 0.4148 0.022 0.054 
1 0.8041 0.4972 0.0315 0.0693 
1 0.8175 0.4363 0.022 0.0526 
1 0.832 0.3871 0.0149 0.0457 
1 0.8446 0.3463 0.0181 0.0416 
1 0.8651 0.3366 0.0149 0.0416 
1 0.8674 0.2839 0.0134 0.0332 
1 0.9076 0.2708 0.0118 0.0235 
1 0.8777 0.4481 0.0228 0.0596 
1 0.8871 0.3934 0.0165 0.0416 
1 0.8981 0.3622 0.0165 0.0319 
1 0.8977 0.3331 0.0142 0.0208 
1 0.7034 0.2902 0.011 0.0346 
1 0.4567 0.2777 0.0165 0.0263 
1 0.5622 0.2105 0.0118 0.0249 
1 0.906 0.3089 0.0087 0.0277 
1 0.8926 0.3144 0.0134 0.0277 
1 0.5232 0.3691 0.022 0.0485 
1 0.5869 0.2285 0.0126 0.0222 
1 0.7191 0.2528 0.0142 0.0374 
