1 0.4613 0.2532 0.0129 0.0207 
1 0.5371 0.2429 0.0097 0.0207 
1 0.2347 0.5065 0.0629 0.1034 
1 0.2621 0.4289 0.0532 0.0827 
1 0.2911 0.3798 0.0242 0.0413 
1 0.3024 0.3165 0.0177 0.0388 
1 0.3411 0.2997 0.0177 0.031 
1 0.3185 0.2894 0.0113 0.0258 
1 0.3742 0.3178 0.0129 0.031 
1 0.3944 0.3101 0.0145 0.031 
1 0.4435 0.3191 0.0161 0.0284 
1 0.4161 0.3424 0.0161 0.0284 
1 0.3887 0.3708 0.0258 0.0439 
1 0.4242 0.3928 0.0258 0.0413 
1 0.3742 0.6835 0.0871 0.1473 
1 0.4766 0.5168 0.0532 0.1085 
1 0.5242 0.3876 0.0226 0.0568 
1 0.4887 0.3708 0.0226 0.0388 
1 0.4919 0.3359 0.0161 0.031 
1 0.4774 0.3269 0.0097 0.0336 
1 0.4597 0.3127 0.0097 0.0207 
1 0.5218 0.3191 0.0145 0.0233 
1 0.5282 0.3385 0.0177 0.031 
1 0.5419 0.3282 0.0129 0.031 
1 0.5573 0.3346 0.0113 0.0284 
1 0.5694 0.3269 0.0129 0.0233 
1 0.5935 0.3514 0.0161 0.031 
1 0.5871 0.3747 0.0194 0.031 
1 0.5887 0.4121 0.0323 0.0543 
1 0.5766 0.8333 0.0855 0.199 
1 0.0484 0.4264 0.0548 0.0879 
1 0.1234 0.3385 0.0435 0.062 
1 0.179 0.3152 0.029 0.0413 
1 0.2097 0.3075 0.0194 0.0362 
1 0.2258 0.3062 0.0226 0.0336 
1 0.2677 0.292 0.0129 0.0207 
1 0.0524 0.3411 0.0403 0.0517 
1 0.0863 0.3243 0.0274 0.0439 
1 0.0944 0.2933 0.0242 0.0439 
1 0.025 0.2972 0.0306 0.0465 
1 0.0113 0.2687 0.0194 0.031 
1 0.0645 0.2687 0.0194 0.0258 
1 0.1081 0.2519 0.0161 0.0336 
1 0.1403 0.2636 0.0161 0.031 
1 0.1573 0.2674 0.0145 0.0284 
1 0.2 0.2817 0.0129 0.0207 
1 0.7315 0.3527 0.0177 0.0284 
1 0.7565 0.376 0.0194 0.0336 
1 0.7944 0.3708 0.021 0.0284 
1 0.8298 0.3643 0.0145 0.031 
1 0.8153 0.3889 0.021 0.0439 
1 0.8734 0.4109 0.0339 0.0568 
1 0.8419 0.4638 0.0387 0.0646 
1 0.9097 0.4147 0.0258 0.0594 
1 0.9702 0.5284 0.05 0.0801 
1 0.9645 0.4535 0.0387 0.0543 
1 0.9847 0.4083 0.0306 0.0672 
