1 0.1427 0.3407 0.0293 0.0608 
1 0.2777 0.2603 0.0174 0.0345 
1 0.2937 0.2734 0.0201 0.0345 
1 0.2992 0.2471 0.0183 0.0378 
1 0.3344 0.275 0.0192 0.0443 
1 0.3651 0.2874 0.0183 0.0394 
1 0.3687 0.2537 0.0183 0.0279 
1 0.3861 0.1864 0.0128 0.0312 
1 0.4003 0.1946 0.0137 0.0279 
1 0.4048 0.1716 0.0137 0.0279 
1 0.4222 0.1724 0.0156 0.0328 
1 0.425 0.2003 0.0156 0.0296 
1 0.4446 0.2282 0.0183 0.0361 
1 0.4529 0.197 0.0183 0.0263 
1 0.4515 0.1585 0.0156 0.0312 
1 0.4716 0.1683 0.0137 0.0279 
1 0.4776 0.1519 0.0091 0.0246 
1 0.484 0.1921 0.0183 0.0394 
1 0.4753 0.2241 0.0192 0.0378 
1 0.5101 0.1683 0.0174 0.0345 
1 0.5105 0.1445 0.011 0.023 
1 0.5027 0.1256 0.0119 0.0246 
1 0.5457 0.1207 0.0137 0.0279 
1 0.5329 0.1872 0.0174 0.0361 
1 0.5403 0.1798 0.0137 0.0279 
1 0.57 0.1749 0.0165 0.0345 
1 0.5608 0.133 0.011 0.0296 
1 0.5778 0.1486 0.0137 0.0312 
1 0.5855 0.1355 0.0091 0.0213 
1 0.5782 0.119 0.0091 0.0181 
1 0.5842 0.1067 0.0137 0.0263 
1 0.6089 0.1478 0.0156 0.0328 
1 0.6112 0.11 0.0146 0.0296 
1 0.6349 0.1363 0.0146 0.0263 
1 0.6395 0.1125 0.011 0.0246 
1 0.6295 0.1026 0.011 0.0279 
1 0.6583 0.1059 0.0119 0.0279 
1 0.6935 0.1051 0.011 0.0328 
1 0.6766 0.1527 0.0156 0.0328 
1 0.6944 0.1765 0.0146 0.0378 
1 0.6482 0.1823 0.021 0.0394 
1 0.6679 0.211 0.022 0.0411 
1 0.608 0.211 0.0247 0.0443 
1 0.5686 0.2471 0.021 0.0443 
1 0.5329 0.33 0.032 0.0558 
1 0.5357 0.2775 0.021 0.0394 
1 0.4927 0.2906 0.0265 0.0591 
1 0.6194 0.2603 0.022 0.0476 
1 0.624 0.2947 0.0256 0.0509 
1 0.6615 0.3218 0.0348 0.069 
1 0.7063 0.257 0.0293 0.0575 
1 0.6949 0.2233 0.021 0.0394 
1 0.721 0.2102 0.0201 0.0427 
1 0.7306 0.1724 0.0174 0.0328 
1 0.7402 0.1502 0.0128 0.0279 
1 0.7319 0.1149 0.0146 0.0328 
1 0.7589 0.1289 0.0174 0.0312 
1 0.7731 0.1412 0.0146 0.0361 
1 0.7699 0.197 0.0174 0.0525 
1 0.7466 0.2159 0.0201 0.0476 
1 0.758 0.2874 0.0247 0.0624 
1 0.7351 0.3711 0.0393 0.0755 
1 0.8042 0.4089 0.0476 0.0722 
1 0.893 0.4023 0.0384 0.0722 
1 0.8948 0.2947 0.0238 0.0608 
1 0.8998 0.2496 0.0174 0.046 
1 0.9113 0.2192 0.0201 0.0345 
1 0.9172 0.2521 0.0137 0.0443 
1 0.8586 0.2512 0.021 0.0427 
1 0.8495 0.2964 0.032 0.064 
1 0.7987 0.2504 0.0201 0.0509 
1 0.8161 0.2102 0.0201 0.0591 
1 0.7987 0.1461 0.0165 0.0361 
1 0.8257 0.1445 0.0137 0.0296 
1 0.8207 0.1289 0.011 0.0279 
1 0.8472 0.1445 0.0146 0.0296 
1 0.8591 0.1314 0.0128 0.0296 
1 0.8513 0.1749 0.0137 0.0312 
1 0.8733 0.1749 0.0137 0.0345 
1 0.8797 0.1593 0.0119 0.0296 
1 0.9154 0.1617 0.0101 0.0279 
1 0.8623 0.2085 0.0174 0.0328 
