1 0.8912 0.1554 0.0096 0.0245 
1 0.9119 0.1648 0.0106 0.0245 
1 0.9432 0.1836 0.0096 0.0245 
1 0.8769 0.1704 0.0106 0.0282 
1 0.8588 0.1817 0.0106 0.0282 
1 0.8917 0.2382 0.0127 0.0282 
1 0.9342 0.2363 0.0106 0.032 
1 0.913 0.274 0.0149 0.0358 
1 0.9188 0.3126 0.018 0.0377 
1 0.9156 0.3418 0.0244 0.0584 
1 0.8471 0.3258 0.0255 0.0603 
1 0.8646 0.2627 0.0223 0.0546 
1 0.7818 0.3117 0.0244 0.0584 
1 0.7983 0.1328 0.0085 0.0245 
1 0.8238 0.1422 0.0106 0.0282 
1 0.8365 0.1582 0.0106 0.0301 
1 0.7983 0.161 0.0106 0.0282 
1 0.7994 0.2194 0.0149 0.0395 
1 0.8402 0.21 0.0117 0.032 
1 0.8365 0.2382 0.0149 0.0395 
1 0.785 0.1478 0.0096 0.0245 
1 0.7484 0.1535 0.0085 0.0207 
1 0.7309 0.1573 0.0117 0.032 
1 0.7665 0.1798 0.0127 0.0282 
1 0.7495 0.2072 0.017 0.0414 
1 0.7638 0.2599 0.018 0.0452 
1 0.7182 0.2458 0.0202 0.0508 
1 0.724 0.29 0.0234 0.064 
1 0.7113 0.129 0.0106 0.032 
1 0.6975 0.1733 0.0127 0.0339 
1 0.7001 0.2081 0.018 0.0471 
1 0.6635 0.1846 0.0149 0.0377 
1 0.6279 0.2043 0.0159 0.0358 
1 0.6714 0.2232 0.0202 0.0395 
1 0.6699 0.2844 0.0255 0.0527 
1 0.62 0.2552 0.0234 0.0508 
1 0.5828 0.2505 0.0191 0.0527 
1 0.5669 0.275 0.0255 0.0565 
1 0.6842 0.1083 0.0096 0.0245 
1 0.6842 0.1243 0.0096 0.0264 
1 0.6428 0.1139 0.0096 0.0245 
1 0.6587 0.1186 0.0117 0.0301 
1 0.6507 0.1441 0.0127 0.0282 
1 0.63 0.1318 0.0117 0.0264 
1 0.5796 0.1271 0.0106 0.0245 
1 0.6008 0.1243 0.0085 0.0188 
1 0.6062 0.1121 0.0106 0.0169 
1 0.6162 0.1685 0.0117 0.0282 
1 0.5929 0.1469 0.0117 0.0264 
1 0.578 0.1638 0.0159 0.0377 
1 0.5632 0.194 0.018 0.0414 
1 0.4708 0.1337 0.0096 0.0226 
1 0.4735 0.1638 0.0149 0.0301 
1 0.4846 0.1469 0.0117 0.0226 
1 0.5133 0.1431 0.0117 0.0264 
1 0.5074 0.1817 0.0127 0.0358 
1 0.5159 0.1733 0.0106 0.0301 
1 0.4809 0.2279 0.017 0.0452 
1 0.4501 0.2128 0.017 0.0452 
1 0.423 0.161 0.0074 0.0245 
1 0.44 0.1761 0.0138 0.032 
1 0.4092 0.1733 0.0117 0.0339 
1 0.4644 0.2072 0.0159 0.0301 
1 0.3413 0.2015 0.0138 0.0301 
1 0.3498 0.2298 0.0138 0.0377 
1 0.4018 0.2524 0.018 0.0414 
1 0.3896 0.2213 0.0149 0.032 
1 0.3854 0.194 0.0127 0.0264 
1 0.293 0.2147 0.0106 0.0264 
1 0.5281 0.1394 0.0117 0.0264 
