1 0.4006 0.4181 0.0512 0.0956 
1 0.2717 0.221 0.0177 0.0392 
1 0.3164 0.209 0.0148 0.029 
1 0.3297 0.1817 0.0157 0.0324 
1 0.342 0.2099 0.0187 0.041 
1 0.3583 0.2415 0.0177 0.0392 
1 0.3701 0.1826 0.0157 0.0341 
1 0.3789 0.1903 0.0177 0.0392 
1 0.4065 0.1485 0.0118 0.0307 
1 0.4272 0.1442 0.0098 0.029 
1 0.4099 0.2218 0.0148 0.041 
1 0.4208 0.2389 0.0187 0.0478 
1 0.4449 0.1843 0.0177 0.0341 
1 0.4646 0.1869 0.0197 0.0358 
1 0.4459 0.1425 0.0138 0.029 
1 0.47 0.1229 0.0108 0.0273 
1 0.4872 0.1357 0.0118 0.0256 
1 0.5025 0.1118 0.0148 0.0188 
1 0.5044 0.1681 0.0167 0.029 
1 0.5064 0.1374 0.0148 0.029 
1 0.5241 0.1212 0.0148 0.0205 
1 0.5241 0.1681 0.0167 0.0392 
1 0.5354 0.1476 0.0157 0.0324 
1 0.5389 0.1237 0.0148 0.0222 
1 0.5655 0.1084 0.0108 0.0256 
1 0.5571 0.1485 0.0177 0.0273 
1 0.5531 0.1809 0.0256 0.0478 
1 0.5778 0.128 0.0236 0.0375 
1 0.5876 0.1647 0.0217 0.0358 
1 0.5723 0.227 0.0246 0.0546 
1 0.6216 0.2372 0.0187 0.0444 
1 0.5994 0.1263 0.0138 0.0239 
1 0.6117 0.0998 0.0108 0.0222 
1 0.6235 0.1126 0.0108 0.0239 
1 0.6319 0.0973 0.0138 0.0273 
1 0.6329 0.1442 0.0157 0.0324 
1 0.655 0.1749 0.0148 0.0358 
1 0.6585 0.099 0.0118 0.0307 
1 0.6801 0.0998 0.0118 0.029 
1 0.7116 0.0964 0.0118 0.029 
1 0.7062 0.1681 0.0187 0.0392 
1 0.6969 0.244 0.0197 0.0478 
1 0.6747 0.3285 0.0246 0.07 
1 0.7495 0.3677 0.0285 0.0563 
1 0.7254 0.2295 0.0197 0.0427 
1 0.7249 0.1698 0.0187 0.0358 
1 0.7397 0.1348 0.0128 0.0341 
1 0.7579 0.1143 0.0118 0.0341 
1 0.7466 0.1621 0.0207 0.041 
1 0.7648 0.1826 0.0256 0.0512 
1 0.7697 0.2406 0.0217 0.0375 
1 0.7874 0.1433 0.0335 0.0273 
1 0.7874 0.1212 0.0098 0.0205 
1 0.8278 0.1203 0.0138 0.029 
1 0.8071 0.1937 0.0197 0.0324 
1 0.7963 0.1621 0.0177 0.041 
1 0.8371 0.1578 0.0167 0.0358 
1 0.8223 0.2466 0.0226 0.0427 
1 0.8036 0.2747 0.0207 0.0546 
1 0.8524 0.2048 0.0197 0.041 
1 0.876 0.1706 0.0177 0.041 
1 0.8839 0.1553 0.0079 0.0307 
1 0.8981 0.2218 0.0187 0.0341 
1 0.9149 0.1869 0.0148 0.0392 
1 0.9596 0.1817 0.0118 0.0392 
1 0.9429 0.2082 0.0197 0.041 
1 0.9375 0.2381 0.0167 0.0427 
1 0.9277 0.3208 0.0226 0.0546 
1 0.6668 0.2184 0.0246 0.0444 
1 0.6299 0.2048 0.0197 0.041 
1 0.6845 0.1271 0.0226 0.0324 
1 0.6501 0.1374 0.0148 0.029 
1 0.4188 0.1758 0.0148 0.0273 
1 0.9173 0.1502 0.0118 0.0307 
1 0.3947 0.2056 0.0177 0.0563 
1 0.814 0.1323 0.0098 0.0256 
1 0.9454 0.1852 0.0187 0.0324 
1 0.8214 0.1903 0.0108 0.0358 
1 0.8494 0.1502 0.0138 0.0307 
