1 0.0567 0.2257 0.0653 0.133 
1 0.15 0.3729 0.036 0.057 
1 0.1413 0.3373 0.0293 0.0475 
1 0.1953 0.3777 0.036 0.076 
1 0.2293 0.3694 0.04 0.0736 
1 0.2487 0.3919 0.0413 0.0713 
1 0.2827 0.3266 0.0267 0.0594 
1 0.3153 0.3266 0.0227 0.0594 
1 0.342 0.3337 0.028 0.0546 
1 0.3727 0.3373 0.0253 0.0618 
1 0.408 0.3492 0.0293 0.0618 
1 0.4033 0.4406 0.044 0.1069 
1 0.452 0.4513 0.048 0.1045 
1 0.4547 0.3575 0.0373 0.0784 
1 0.5233 0.3207 0.0253 0.0475 
1 0.4713 0.3064 0.0253 0.038 
1 0.5793 0.3254 0.0307 0.057 
1 0.5213 0.4798 0.0507 0.1093 
1 0.6073 0.4964 0.0627 0.1235 
1 0.6233 0.399 0.0467 0.0903 
1 0.6973 0.424 0.0427 0.0879 
1 0.7687 0.4216 0.052 0.0926 
1 0.746 0.3705 0.036 0.0808 
1 0.7393 0.5428 0.0787 0.1544 
1 0.8987 0.6295 0.0853 0.1663 
1 0.8713 0.4347 0.068 0.1235 
1 0.83 0.3777 0.044 0.095 
1 0.9667 0.4679 0.064 0.1235 
1 0.9793 0.3943 0.0413 0.0808 
