1 0.0934 0.3179 0.0187 0.043 
1 0.1825 0.4719 0.0383 0.0662 
1 0.3936 0.2632 0.0233 0.0364 
1 0.4057 0.2144 0.0159 0.0281 
1 0.4636 0.2161 0.0196 0.0381 
1 0.3641 0.1896 0.0131 0.0281 
1 0.3562 0.2425 0.0177 0.0281 
1 0.4192 0.1548 0.0149 0.0315 
1 0.4739 0.1175 0.0121 0.0265 
1 0.521 0.1175 0.0131 0.0265 
1 0.5373 0.1167 0.014 0.0248 
1 0.5724 0.1209 0.0112 0.0265 
1 0.5892 0.1192 0.0112 0.0265 
1 0.5677 0.173 0.0149 0.0348 
1 0.4804 0.3245 0.0252 0.0464 
1 0.5397 0.3228 0.0261 0.0497 
1 0.6158 0.2566 0.0215 0.043 
1 0.6587 0.2144 0.0233 0.0447 
1 0.6064 0.2334 0.0196 0.0199 
1 0.7017 0.3055 0.0271 0.0579 
1 0.7138 0.2508 0.0233 0.0546 
1 0.7726 0.2707 0.0271 0.0579 
1 0.8091 0.2922 0.0252 0.0579 
1 0.9076 0.3121 0.0224 0.0646 
1 0.8268 0.0588 0.0121 0.0281 
1 0.8903 0.1325 0.0103 0.0232 
1 0.9066 0.1399 0.0112 0.0248 
1 0.9351 0.1482 0.0121 0.0248 
