1 0.196 0.3843 0.0465 0.0981 
1 0.3268 0.1898 0.0124 0.0241 
1 0.332 0.2352 0.0165 0.0407 
1 0.3573 0.2315 0.0176 0.0444 
1 0.3775 0.1833 0.0186 0.0333 
1 0.394 0.1944 0.0186 0.0333 
1 0.4085 0.1602 0.0145 0.0241 
1 0.4338 0.1722 0.0134 0.0259 
1 0.4436 0.1528 0.0124 0.0352 
1 0.4467 0.2296 0.0207 0.0333 
1 0.4752 0.1815 0.0155 0.0333 
1 0.4736 0.1333 0.0124 0.0259 
1 0.4917 0.1315 0.0134 0.0296 
1 0.5052 0.1435 0.0134 0.0278 
1 0.5021 0.2231 0.0176 0.0426 
1 0.5305 0.1852 0.0165 0.0296 
1 0.5476 0.163 0.0176 0.0333 
1 0.5512 0.1889 0.0165 0.037 
1 0.5708 0.1769 0.0165 0.0241 
1 0.5708 0.1241 0.0145 0.0296 
1 0.5796 0.1046 0.0134 0.0241 
1 0.6117 0.112 0.0134 0.0278 
1 0.6298 0.1278 0.0145 0.037 
1 0.6505 0.1259 0.0103 0.0333 
1 0.6618 0.0963 0.0103 0.0259 
1 0.6851 0.1056 0.0114 0.0259 
1 0.7042 0.1019 0.0103 0.0259 
1 0.7166 0.0528 0.0124 0.0278 
1 0.5801 0.2269 0.0228 0.0426 
1 0.5915 0.2722 0.0248 0.0556 
1 0.622 0.2204 0.0176 0.0333 
1 0.6148 0.2556 0.0196 0.0296 
1 0.6582 0.3556 0.0238 0.063 
1 0.6711 0.2815 0.0228 0.0519 
1 0.6655 0.1685 0.0155 0.037 
1 0.7037 0.1583 0.0134 0.0315 
1 0.7265 0.1435 0.0134 0.0278 
1 0.7394 0.1713 0.0145 0.0389 
1 0.758 0.1269 0.0145 0.0315 
1 0.7911 0.1333 0.0103 0.0296 
1 0.8046 0.1454 0.0145 0.0278 
1 0.7497 0.2056 0.0145 0.0333 
1 0.711 0.2343 0.0217 0.0389 
1 0.7668 0.2417 0.0196 0.05 
1 0.7978 0.2167 0.0176 0.0333 
1 0.7446 0.3056 0.0269 0.0519 
1 0.7611 0.3796 0.031 0.0704 
1 0.7813 0.3231 0.0259 0.0611 
1 0.8211 0.3907 0.0248 0.0704 
1 0.8397 0.3167 0.0269 0.0556 
1 0.8718 0.4259 0.0393 0.0704 
1 0.9023 0.3269 0.0217 0.0648 
1 0.8087 0.2667 0.0228 0.0407 
1 0.863 0.2778 0.0176 0.0481 
1 0.8795 0.2407 0.0155 0.0407 
1 0.9178 0.2824 0.0217 0.0426 
1 0.9297 0.2213 0.0145 0.0463 
1 0.5047 0.0815 0.0103 0.0259 
1 0.5202 0.1352 0.0103 0.0259 
