1 0.0264 0.4135 0.0243 0.047 
1 0.241 0.3338 0.0151 0.0334 
1 0.267 0.3703 0.0168 0.0364 
1 0.2993 0.3718 0.016 0.0395 
1 0.2968 0.2974 0.0143 0.0334 
1 0.3438 0.3536 0.0193 0.0425 
1 0.3694 0.327 0.0151 0.0319 
1 0.3669 0.2876 0.0151 0.0319 
1 0.3921 0.3194 0.0168 0.0379 
1 0.4219 0.3255 0.0193 0.041 
1 0.4215 0.2914 0.0134 0.0303 
1 0.4631 0.3384 0.016 0.0455 
1 0.4068 0.2595 0.0126 0.0303 
1 0.4207 0.261 0.0134 0.0243 
1 0.4425 0.2337 0.0118 0.0243 
1 0.461 0.2527 0.0134 0.0288 
1 0.4891 0.2564 0.0126 0.0303 
1 0.4853 0.2989 0.0134 0.0334 
1 0.5168 0.3149 0.016 0.0379 
1 0.5382 0.2701 0.0168 0.0334 
1 0.5231 0.2527 0.0134 0.0319 
1 0.5348 0.239 0.0101 0.0228 
1 0.4832 0.2253 0.0126 0.0258 
1 0.55 0.2398 0.0151 0.0334 
1 0.5655 0.2769 0.0143 0.0319 
1 0.5991 0.2557 0.0126 0.0319 
1 0.5898 0.2352 0.0092 0.0212 
1 0.5772 0.2178 0.0126 0.0258 
1 0.5907 0.2109 0.0126 0.0273 
1 0.6201 0.2329 0.0109 0.0258 
1 0.6541 0.236 0.0118 0.0258 
1 0.6188 0.2086 0.0134 0.0319 
1 0.6318 0.1935 0.0109 0.0258 
1 0.6461 0.2026 0.0126 0.0258 
1 0.6591 0.2124 0.0118 0.0273 
1 0.6759 0.1958 0.0101 0.0243 
1 0.6902 0.2155 0.0118 0.0334 
1 0.7191 0.2109 0.0109 0.0243 
1 0.7254 0.2344 0.0134 0.0319 
1 0.6961 0.258 0.0151 0.0334 
1 0.6541 0.2951 0.0202 0.041 
1 0.6154 0.3217 0.0185 0.0364 
1 0.5525 0.352 0.0269 0.0486 
1 0.4786 0.4105 0.0269 0.0592 
1 0.5462 0.4287 0.0227 0.0531 
1 0.6104 0.4583 0.0285 0.0698 
1 0.6314 0.3581 0.0235 0.0546 
1 0.6755 0.3657 0.0277 0.0577 
1 0.6667 0.3437 0.0168 0.0531 
1 0.7082 0.3513 0.0193 0.047 
1 0.7032 0.3096 0.0193 0.0395 
1 0.7464 0.2785 0.0134 0.0379 
1 0.7594 0.2337 0.0126 0.0273 
1 0.7641 0.2625 0.0151 0.0303 
1 0.6579 0.4818 0.0277 0.0592 
1 0.7271 0.5008 0.0369 0.0789 
1 0.7573 0.4082 0.0252 0.0486 
1 0.8044 0.431 0.0252 0.0546 
1 0.8342 0.3627 0.021 0.0516 
1 0.885 0.371 0.0202 0.0531 
1 0.869 0.3452 0.0168 0.044 
1 0.8678 0.4803 0.0294 0.0653 
1 0.8455 0.5357 0.0336 0.085 
1 0.9341 0.4666 0.0243 0.0592 
1 0.7935 0.2769 0.0168 0.0349 
1 0.78 0.2534 0.0118 0.0273 
1 0.7825 0.2223 0.0134 0.0319 
1 0.8111 0.2344 0.0134 0.0319 
1 0.8006 0.2382 0.0143 0.0303 
1 0.8371 0.258 0.0151 0.0425 
1 0.864 0.2443 0.0134 0.0334 
1 0.8778 0.2754 0.0143 0.0349 
1 0.8421 0.3035 0.0168 0.0303 
1 0.8963 0.2428 0.0126 0.0334 
1 0.9219 0.2785 0.0134 0.0349 
1 0.9093 0.3141 0.0134 0.0303 
1 0.8938 0.3346 0.016 0.0379 
1 0.9601 0.3452 0.0193 0.047 
1 0.9387 0.3194 0.0151 0.041 
1 0.9593 0.3012 0.0126 0.0288 
1 0.9643 0.2762 0.0143 0.0303 
