1 0.2741 0.2179 0.0175 0.0311 
1 0.3459 0.2364 0.0186 0.0409 
1 0.3465 0.1975 0.0175 0.0331 
1 0.3887 0.1946 0.0143 0.0311 
1 0.3997 0.2422 0.0164 0.037 
1 0.4276 0.2529 0.0175 0.0389 
1 0.4304 0.2121 0.0164 0.0311 
1 0.3827 0.1693 0.0132 0.0311 
1 0.3936 0.1693 0.0175 0.0272 
1 0.4364 0.1712 0.0132 0.0272 
1 0.4611 0.1946 0.0252 0.0467 
1 0.477 0.1751 0.0132 0.035 
1 0.4967 0.2062 0.0175 0.0389 
1 0.4391 0.143 0.0143 0.0253 
1 0.4633 0.1342 0.0099 0.0195 
1 0.4704 0.1469 0.0132 0.0214 
1 0.4857 0.1294 0.011 0.0253 
1 0.5066 0.1167 0.0088 0.0233 
1 0.5132 0.1304 0.011 0.0272 
1 0.5219 0.1255 0.0088 0.0253 
1 0.5362 0.1304 0.011 0.0272 
1 0.5444 0.1459 0.0121 0.0233 
1 0.5334 0.1634 0.0121 0.0272 
1 0.5208 0.179 0.0154 0.035 
1 0.5504 0.1839 0.0175 0.037 
1 0.5899 0.1663 0.0132 0.0292 
1 0.5746 0.1313 0.0132 0.0253 
1 0.5773 0.1167 0.0121 0.0272 
1 0.5976 0.1128 0.011 0.0233 
1 0.6135 0.1284 0.0121 0.0272 
1 0.6321 0.144 0.0143 0.0311 
1 0.6272 0.1167 0.0132 0.0233 
1 0.6272 0.1031 0.0132 0.0272 
1 0.6497 0.1002 0.0099 0.0214 
1 0.6623 0.1148 0.0132 0.0311 
1 0.6754 0.1245 0.0132 0.0233 
1 0.6771 0.1021 0.0099 0.0214 
1 0.5614 0.2461 0.0175 0.0447 
1 0.6173 0.2091 0.0175 0.0331 
1 0.6234 0.249 0.023 0.0467 
1 0.6634 0.2646 0.0219 0.0506 
1 0.6584 0.2004 0.0143 0.0311 
1 0.7034 0.1809 0.0143 0.0311 
1 0.7089 0.2276 0.0164 0.0428 
1 0.7336 0.2626 0.0241 0.0506 
1 0.7785 0.287 0.0241 0.0564 
1 0.8454 0.3191 0.0219 0.0584 
1 0.9068 0.3531 0.0197 0.0525 
1 0.733 0.1741 0.0143 0.0292 
1 0.7286 0.144 0.0121 0.0272 
1 0.7505 0.1984 0.0164 0.035 
1 0.7796 0.215 0.0154 0.0331 
1 0.7911 0.1644 0.0121 0.0253 
1 0.7769 0.143 0.0143 0.0292 
1 0.7577 0.1381 0.0132 0.0272 
1 0.7478 0.1313 0.011 0.0292 
1 0.7889 0.1333 0.0121 0.0292 
1 0.8235 0.1741 0.0132 0.0292 
1 0.8377 0.1556 0.0132 0.0272 
1 0.8224 0.1294 0.011 0.0292 
1 0.8438 0.1391 0.0121 0.0292 
1 0.8427 0.1916 0.0143 0.037 
1 0.8317 0.2179 0.0186 0.0389 
1 0.886 0.2101 0.0154 0.0311 
1 0.8596 0.1868 0.0132 0.0272 
1 0.9008 0.1761 0.0121 0.0292 
1 0.8882 0.1556 0.0132 0.0311 
1 0.864 0.2831 0.0197 0.0447 
1 0.9211 0.2724 0.0197 0.0584 
1 0.92 0.2442 0.0154 0.0409 
1 0.9386 0.2111 0.0154 0.0331 
1 0.926 0.1858 0.0121 0.0331 
1 0.9523 0.1342 0.0143 0.0272 
