1 0.139 0.568 0.066 0.0907 
1 0.138 0.4267 0.044 0.0693 
1 0.09 0.3973 0.048 0.0693 
1 0.141 0.3347 0.034 0.056 
1 0.181 0.34 0.038 0.0667 
1 0.211 0.3507 0.038 0.0667 
1 0.179 0.4067 0.042 0.0667 
1 0.245 0.3933 0.042 0.0613 
1 0.26 0.532 0.052 0.0773 
1 0.283 0.3573 0.038 0.064 
1 0.327 0.3173 0.034 0.0587 
1 0.359 0.3707 0.03 0.0587 
1 0.337 0.42 0.046 0.072 
1 0.344 0.5387 0.056 0.0853 
1 0.4 0.4267 0.04 0.0693 
1 0.385 0.3693 0.03 0.056 
1 0.37 0.336 0.036 0.0587 
1 0.424 0.3413 0.032 0.0533 
1 0.47 0.3493 0.032 0.0587 
1 0.488 0.4413 0.044 0.0773 
1 0.449 0.536 0.046 0.0693 
1 0.541 0.536 0.046 0.08 
1 0.545 0.4227 0.042 0.072 
1 0.543 0.3493 0.034 0.0587 
1 0.508 0.3333 0.032 0.0533 
1 0.591 0.3453 0.038 0.0667 
1 0.607 0.444 0.042 0.0667 
1 0.646 0.388 0.04 0.0613 
1 0.683 0.3787 0.034 0.064 
1 0.684 0.3347 0.028 0.04 
1 0.726 0.352 0.044 0.0533 
1 0.72 0.392 0.044 0.064 
1 0.756 0.3813 0.036 0.0587 
1 0.781 0.3373 0.034 0.0613 
1 0.821 0.3707 0.038 0.064 
1 0.852 0.3253 0.04 0.0693 
1 0.938 0.3373 0.048 0.072 
1 0.914 0.3947 0.048 0.0693 
1 0.895 0.5267 0.054 0.0827 
1 0.804 0.4907 0.048 0.0853 
1 0.709 0.52 0.038 0.0747 
1 0.651 0.5413 0.042 0.064 
