1 0.065 0.4857 0.0614 0.1143 
1 0.1157 0.4179 0.0571 0.0833 
1 0.1421 0.3881 0.0386 0.0714 
1 0.1879 0.3476 0.0357 0.0667 
1 0.0993 0.3476 0.0329 0.0619 
1 0.0707 0.3464 0.0357 0.0595 
1 0.0257 0.3286 0.0371 0.0524 
1 0.3521 0.4679 0.0471 0.0786 
1 0.3957 0.5524 0.08 0.1238 
1 0.46 0.619 0.1 0.1857 
1 0.4807 0.525 0.0614 0.1071 
1 0.4629 0.4488 0.0486 0.0833 
1 0.4414 0.4131 0.0314 0.069 
1 0.3307 0.4238 0.0414 0.0714 
1 0.3171 0.3619 0.0286 0.0571 
1 0.3429 0.3643 0.0286 0.0571 
1 0.3679 0.4048 0.0329 0.0667 
1 0.4086 0.3952 0.0314 0.0619 
1 0.3486 0.2988 0.0286 0.0643 
1 0.4679 0.3786 0.0271 0.0476 
1 0.4864 0.3976 0.0243 0.0524 
1 0.5236 0.431 0.0386 0.081 
1 0.5243 0.3917 0.0286 0.0595 
1 0.5493 0.4071 0.0271 0.0571 
1 0.5736 0.4702 0.0414 0.0881 
1 0.6179 0.5488 0.0729 0.131 
1 0.6907 0.6512 0.0814 0.1595 
1 0.6257 0.881 0.16 0.2333 
1 0.9193 0.6929 0.1071 0.1905 
1 0.835 0.5714 0.07 0.1286 
1 0.7943 0.4702 0.0486 0.0786 
1 0.7957 0.4202 0.0371 0.0738 
1 0.7393 0.4488 0.0386 0.069 
1 0.7321 0.5476 0.05 0.0952 
1 0.6986 0.4881 0.04 0.0762 
1 0.6414 0.4643 0.0371 0.0667 
1 0.6064 0.4405 0.0357 0.0571 
1 0.6193 0.3833 0.0386 0.0524 
1 0.6557 0.4083 0.0314 0.0548 
1 0.6871 0.4012 0.0286 0.069 
1 0.7164 0.406 0.0271 0.05 
1 0.8629 0.4464 0.04 0.069 
1 0.9236 0.4607 0.03 0.069 
1 0.9514 0.4976 0.04 0.0619 
