1 0.8827 0.5104 0.1341 0.1969 
1 0.8845 0.4028 0.1006 0.1477 
1 0.6443 0.4054 0.1043 0.158 
1 0.6732 0.3472 0.0801 0.1192 
1 0.2709 0.6153 0.1434 0.2358 
1 0.1015 0.4171 0.1099 0.1762 
1 0.0307 0.3264 0.0577 0.1399 
1 0.0475 0.1671 0.0428 0.0803 
1 0.081 0.1593 0.0428 0.0751 
1 0.1061 0.1658 0.0335 0.0881 
1 0.1406 0.1788 0.0466 0.0725 
1 0.1853 0.1373 0.0466 0.0725 
1 0.1946 0.2228 0.054 0.0933 
1 0.2216 0.1775 0.0372 0.0648 
1 0.2551 0.2409 0.0484 0.0933 
1 0.338 0.2953 0.0652 0.114 
1 0.3305 0.2306 0.0466 0.0622 
1 0.3296 0.1878 0.0447 0.0596 
1 0.3156 0.1412 0.0391 0.0544 
1 0.284 0.1891 0.0354 0.0725 
1 0.2626 0.1606 0.041 0.0674 
1 0.3734 0.171 0.0391 0.0725 
1 0.4385 0.1554 0.0354 0.0777 
1 0.4423 0.2552 0.054 0.0907 
1 0.4544 0.3433 0.0894 0.1425 
1 0.5326 0.2668 0.067 0.114 
1 0.5037 0.1865 0.0466 0.0725 
1 0.4683 0.1516 0.0317 0.0699 
1 0.5493 0.1632 0.0372 0.0725 
1 0.5857 0.1541 0.0354 0.0855 
1 0.621 0.2008 0.0317 0.0596 
1 0.6099 0.2798 0.0503 0.0881 
1 0.6667 0.206 0.0484 0.0803 
1 0.6844 0.171 0.0354 0.0725 
1 0.7309 0.1969 0.0391 0.0674 
1 0.7263 0.1593 0.0298 0.0492 
1 0.7765 0.1723 0.0335 0.0596 
1 0.8082 0.2422 0.0521 0.0907 
1 0.824 0.1813 0.0279 0.057 
1 0.8613 0.1904 0.0428 0.0803 
1 0.9004 0.2034 0.0503 0.0803 
1 0.9199 0.228 0.0484 0.0725 
1 0.9581 0.2785 0.0577 0.101 
1 0.9721 0.2098 0.041 0.0674 
1 0.933 0.092 0.041 0.0803 
