1 0.2995 0.1845 0.0151 0.0311 
1 0.4119 0.2087 0.013 0.0291 
1 0.4465 0.2311 0.0173 0.035 
1 0.4443 0.1816 0.0151 0.033 
1 0.4611 0.135 0.0097 0.0252 
1 0.4811 0.1709 0.0151 0.0311 
1 0.4589 0.201 0.0119 0.0291 
1 0.5476 0.167 0.0119 0.0272 
1 0.5595 0.1903 0.0162 0.0311 
1 0.6324 0.1204 0.013 0.0311 
1 0.6259 0.2602 0.0195 0.0388 
1 0.6276 0.2146 0.0162 0.0408 
1 0.6703 0.2194 0.0173 0.0388 
1 0.6757 0.1757 0.013 0.033 
1 0.6384 0.3369 0.0314 0.0524 
1 0.6757 0.2913 0.0195 0.0427 
1 0.7314 0.2301 0.0227 0.0408 
1 0.8243 0.2592 0.0184 0.0369 
1 0.8568 0.2563 0.0184 0.0544 
1 0.8243 0.3874 0.0443 0.1184 
1 0.933 0.2408 0.0151 0.0427 
