1 0.1137 0.3987 0.0358 0.0769 
1 0.3216 0.227 0.02 0.0375 
1 0.3295 0.1942 0.0189 0.0356 
1 0.3521 0.1942 0.0179 0.0319 
1 0.4258 0.1689 0.0137 0.03 
1 0.42 0.2017 0.0168 0.0319 
1 0.4421 0.1417 0.0105 0.0206 
1 0.4547 0.1745 0.0147 0.03 
1 0.4521 0.2083 0.0179 0.0338 
1 0.4674 0.1417 0.0189 0.0394 
1 0.4774 0.1895 0.02 0.0338 
1 0.4853 0.2298 0.0232 0.0432 
1 0.4953 0.1257 0.0137 0.0225 
1 0.5053 0.1163 0.0126 0.0225 
1 0.5174 0.1557 0.0221 0.0338 
1 0.5416 0.1782 0.0221 0.03 
1 0.5395 0.1492 0.0158 0.0319 
1 0.5568 0.1614 0.0211 0.0375 
1 0.5495 0.121 0.0147 0.0244 
1 0.5842 0.1107 0.0147 0.0225 
1 0.5805 0.1341 0.0158 0.0281 
1 0.5921 0.1595 0.0158 0.03 
1 0.6058 0.1323 0.0158 0.0356 
1 0.6074 0.0966 0.0105 0.0206 
1 0.6421 0.0957 0.0105 0.0225 
1 0.6311 0.1398 0.0158 0.0281 
1 0.6642 0.0957 0.0105 0.0188 
1 0.66 0.1116 0.0126 0.0206 
1 0.6584 0.1341 0.0158 0.0281 
1 0.6789 0.1201 0.0105 0.0225 
1 0.7063 0.1201 0.0126 0.0263 
1 0.6411 0.1942 0.0189 0.0394 
1 0.7611 0.1173 0.0126 0.0281 
1 0.7711 0.1276 0.0137 0.0263 
1 0.7879 0.1313 0.0137 0.0263 
1 0.5268 0.2674 0.0221 0.0507 
1 0.5795 0.2448 0.0221 0.0394 
1 0.5579 0.2908 0.0253 0.0525 
1 0.8516 0.1492 0.0126 0.0319 
1 0.8874 0.137 0.0105 0.0263 
1 0.88 0.1492 0.0126 0.0319 
1 0.9179 0.1623 0.0126 0.0319 
1 0.9463 0.1689 0.0126 0.03 
1 0.8742 0.1707 0.0116 0.0338 
1 0.9084 0.1792 0.0147 0.0356 
1 0.9547 0.2036 0.0126 0.0356 
1 0.9353 0.2364 0.0221 0.045 
1 0.9295 0.2805 0.0211 0.0507 
1 0.9174 0.3293 0.0221 0.0582 
1 0.63 0.2824 0.0284 0.0619 
1 0.6326 0.2458 0.0189 0.0375 
1 0.7184 0.1529 0.0158 0.0319 
1 0.7058 0.1698 0.0158 0.0319 
1 0.6858 0.1642 0.0158 0.0356 
1 0.6721 0.1998 0.02 0.0469 
1 0.6742 0.2514 0.0179 0.0488 
1 0.7342 0.2139 0.02 0.045 
1 0.7621 0.1463 0.0147 0.0338 
1 0.7526 0.166 0.0147 0.0319 
1 0.7774 0.182 0.0158 0.0375 
1 0.7963 0.1614 0.0137 0.0338 
1 0.8332 0.166 0.0137 0.0356 
1 0.8932 0.2186 0.0179 0.0507 
1 0.8611 0.1886 0.0168 0.0394 
1 0.8353 0.2073 0.0158 0.0356 
1 0.8174 0.1895 0.0137 0.0413 
1 0.7984 0.212 0.0158 0.0488 
1 0.82 0.2383 0.0211 0.0413 
1 0.8711 0.2627 0.0221 0.0563 
1 0.8537 0.3002 0.0232 0.0563 
1 0.8432 0.3518 0.0274 0.0657 
1 0.8016 0.2842 0.0263 0.0619 
1 0.7542 0.3771 0.0305 0.075 
1 0.6989 0.303 0.0274 0.0619 
1 0.4832 0.1567 0.0147 0.0281 
1 0.5321 0.1304 0.0158 0.0206 
