1 0.1273 0.5539 0.0364 0.0709 
1 0.2219 0.3589 0.0154 0.0295 
1 0.2518 0.387 0.0202 0.0443 
1 0.2809 0.336 0.017 0.034 
1 0.285 0.3848 0.017 0.0399 
1 0.3282 0.3877 0.0226 0.0428 
1 0.3492 0.3486 0.0146 0.0325 
1 0.3525 0.3072 0.0162 0.0325 
1 0.3868 0.2792 0.0137 0.0295 
1 0.4091 0.2947 0.0129 0.031 
1 0.4196 0.2784 0.0113 0.0251 
1 0.4406 0.2792 0.0129 0.0266 
1 0.4519 0.2895 0.0178 0.0325 
1 0.458 0.2563 0.0137 0.0281 
1 0.5453 0.2363 0.0121 0.0236 
1 0.5622 0.2334 0.0137 0.0207 
1 0.5918 0.2378 0.0097 0.0236 
1 0.6006 0.2238 0.0146 0.0251 
1 0.6205 0.2208 0.0137 0.0281 
1 0.6605 0.2238 0.0129 0.0222 
1 0.6253 0.243 0.0154 0.0251 
1 0.5897 0.2659 0.0121 0.0295 
1 0.6079 0.2806 0.0146 0.0207 
1 0.5683 0.2829 0.0162 0.034 
1 0.5368 0.2703 0.0162 0.0295 
1 0.5137 0.2688 0.0137 0.0295 
1 0.5186 0.2969 0.017 0.0325 
1 0.5469 0.2999 0.0154 0.0325 
1 0.46 0.3368 0.0194 0.0325 
1 0.4911 0.3471 0.0202 0.0355 
1 0.4256 0.3294 0.0202 0.0266 
1 0.4382 0.3619 0.0243 0.0355 
1 0.4054 0.3508 0.0202 0.034 
1 0.4006 0.3205 0.0186 0.0266 
1 0.3751 0.3715 0.021 0.0399 
1 0.4701 0.4328 0.0251 0.0532 
1 0.5311 0.3811 0.021 0.0473 
1 0.5101 0.4786 0.0291 0.0502 
1 0.5768 0.4697 0.0283 0.062 
1 0.6257 0.486 0.0291 0.062 
1 0.6103 0.3973 0.021 0.0473 
1 0.5918 0.3464 0.0194 0.0399 
1 0.6249 0.3198 0.0162 0.0281 
1 0.6593 0.2969 0.0154 0.0266 
1 0.694 0.2718 0.017 0.0355 
1 0.6799 0.2371 0.0146 0.0222 
1 0.6621 0.2459 0.0146 0.0251 
1 0.7243 0.2592 0.0146 0.034 
1 0.7328 0.2777 0.0154 0.0325 
1 0.751 0.2718 0.0146 0.0266 
1 0.7688 0.257 0.0146 0.0295 
1 0.7761 0.271 0.0129 0.0251 
1 0.7648 0.2976 0.0146 0.0428 
1 0.6855 0.3198 0.021 0.0399 
1 0.7979 0.2637 0.0162 0.0369 
1 0.8306 0.2733 0.0137 0.0355 
1 0.846 0.2895 0.0202 0.0414 
1 0.8678 0.2733 0.0154 0.0355 
1 0.8812 0.2895 0.0146 0.0295 
1 0.9248 0.3065 0.0146 0.034 
1 0.9196 0.3309 0.017 0.0295 
1 0.901 0.3442 0.0186 0.0414 
1 0.8804 0.3412 0.0146 0.0355 
1 0.8549 0.3575 0.0154 0.0443 
1 0.8371 0.3493 0.0202 0.0487 
1 0.8084 0.3493 0.0194 0.0369 
1 0.8064 0.3161 0.0202 0.0325 
1 0.7995 0.3818 0.0226 0.0487 
1 0.8448 0.4136 0.0307 0.062 
1 0.9119 0.3922 0.021 0.0547 
1 0.8985 0.4742 0.0315 0.065 
1 0.7708 0.4513 0.0267 0.0606 
1 0.715 0.4284 0.0315 0.0591 
1 0.6811 0.3811 0.0202 0.0443 
1 0.6487 0.3936 0.0283 0.0576 
1 0.6382 0.3663 0.0218 0.0443 
1 0.6876 0.5702 0.0331 0.065 
1 0.8076 0.5303 0.0275 0.0768 
1 0.8335 0.4897 0.0275 0.0576 
