1 0.0266 0.6396 0.0359 0.05 
1 0.0828 0.7854 0.0781 0.0875 
1 0.1055 0.9109 0.1187 0.1469 
1 0.2668 0.8208 0.1039 0.1208 
1 0.2246 0.6958 0.0445 0.0625 
1 0.2004 0.6547 0.0289 0.049 
1 0.1316 0.6656 0.043 0.0625 
1 0.1035 0.625 0.0336 0.0437 
1 0.1723 0.6125 0.0242 0.0375 
1 0.2137 0.6099 0.0273 0.0365 
1 0.2266 0.6354 0.0312 0.0458 
1 0.2852 0.6792 0.0375 0.0604 
1 0.2859 0.6266 0.025 0.0406 
1 0.3141 0.6417 0.0281 0.0417 
1 0.3148 0.6099 0.0234 0.0406 
1 0.3465 0.6078 0.0227 0.0385 
1 0.3645 0.6323 0.0258 0.0396 
1 0.3863 0.6188 0.0242 0.0417 
1 0.4168 0.612 0.0242 0.0323 
1 0.4246 0.6453 0.0305 0.0427 
1 0.4133 0.7036 0.0453 0.0698 
1 0.3547 0.7115 0.05 0.0667 
1 0.4621 0.6396 0.0258 0.0458 
1 0.4727 0.6255 0.0172 0.0365 
1 0.4945 0.626 0.0234 0.0354 
1 0.5359 0.663 0.0359 0.0469 
1 0.5598 0.7255 0.057 0.0781 
1 0.6086 0.725 0.0437 0.0625 
1 0.5742 0.6536 0.0312 0.049 
1 0.5641 0.6266 0.0234 0.0365 
1 0.5863 0.6312 0.0242 0.0375 
1 0.6469 0.6531 0.025 0.0375 
1 0.6742 0.6365 0.0266 0.0437 
1 0.6926 0.6953 0.0398 0.051 
1 0.7273 0.6562 0.0391 0.0604 
1 0.9164 0.5214 0.0594 0.0802 
