1 0.0142 0.4192 0.025 0.0641 
1 0.065 0.4652 0.0267 0.0501 
1 0.095 0.4499 0.0267 0.0474 
1 0.1233 0.4373 0.0267 0.0613 
1 0.16 0.4401 0.0433 0.078 
1 0.2417 0.4136 0.0633 0.1031 
1 0.29 0.429 0.0333 0.078 
1 0.355 0.4443 0.0267 0.0529 
1 0.4192 0.4401 0.035 0.078 
1 0.3825 0.4582 0.0183 0.0418 
1 0.3375 0.4554 0.015 0.0306 
1 0.3267 0.4666 0.0167 0.0362 
1 0.4617 0.4526 0.0267 0.0529 
1 0.5258 0.4192 0.055 0.1142 
1 0.6017 0.4359 0.04 0.0975 
1 0.6367 0.461 0.03 0.0696 
1 0.7033 0.4666 0.0367 0.0808 
1 0.7592 0.4958 0.0183 0.0501 
1 0.9675 0.3774 0.025 0.0474 
1 0.9533 0.3788 0.0233 0.0501 
