1 0.0172 0.3203 0.0304 0.0622 
1 0.0558 0.3392 0.0467 0.0784 
1 0.0446 0.4378 0.0852 0.1297 
1 0.144 0.3662 0.0609 0.0946 
1 0.1836 0.6081 0.1156 0.1946 
1 0.2769 0.4446 0.0669 0.1108 
1 0.4625 0.5419 0.1014 0.1432 
1 0.1511 0.2986 0.0304 0.0568 
1 0.2039 0.3081 0.0426 0.0595 
1 0.2465 0.2892 0.0304 0.0595 
1 0.3103 0.3338 0.0446 0.0622 
1 0.3205 0.2959 0.0406 0.0568 
1 0.4199 0.3676 0.0487 0.0757 
1 0.4037 0.3189 0.0365 0.0595 
1 0.4929 0.3108 0.0406 0.0541 
1 0.5811 0.4162 0.0629 0.0919 
1 0.5538 0.3662 0.0446 0.0784 
1 0.5751 0.3095 0.0304 0.0622 
1 0.5963 0.3338 0.0365 0.0568 
1 0.6897 0.3392 0.0284 0.0622 
1 0.712 0.4135 0.0487 0.0865 
1 0.7657 0.3824 0.0467 0.0676 
1 0.7343 0.3257 0.0325 0.0514 
1 0.7901 0.3189 0.0304 0.0432 
1 0.8357 0.3514 0.0406 0.0649 
1 0.8529 0.327 0.0345 0.0486 
1 0.8753 0.4919 0.0872 0.1297 
1 0.9513 0.4216 0.0568 0.0811 
1 0.9239 0.3405 0.0345 0.0486 
