1 0.5144 0.281 0.0138 0.0282 
1 0.4675 0.2942 0.0125 0.0207 
1 0.4512 0.2942 0.015 0.0244 
1 0.4231 0.3092 0.0112 0.0207 
1 0.4244 0.281 0.0138 0.0207 
1 0.3981 0.2932 0.0138 0.0226 
1 0.3756 0.2942 0.0138 0.0244 
1 0.3738 0.313 0.015 0.032 
1 0.3588 0.3318 0.0175 0.0244 
1 0.3444 0.297 0.0187 0.0263 
1 0.3281 0.2641 0.0138 0.0244 
1 0.2981 0.2669 0.0138 0.0263 
1 0.2731 0.2726 0.0112 0.0226 
1 0.2794 0.3233 0.0213 0.0338 
1 0.3987 0.3985 0.0225 0.0376 
1 0.3456 0.4878 0.0338 0.0583 
1 0.3394 0.3882 0.0213 0.0432 
1 0.3106 0.4577 0.0413 0.0771 
1 0.2787 0.4445 0.025 0.0508 
1 0.2706 0.3722 0.0187 0.0338 
1 0.2319 0.3365 0.0213 0.0376 
1 0.2194 0.4615 0.0362 0.0658 
1 0.2 0.4342 0.0225 0.0376 
1 0.165 0.4211 0.03 0.0451 
1 0.1381 0.3712 0.0262 0.0395 
1 0.1113 0.4164 0.025 0.0357 
1 0.0925 0.3092 0.02 0.032 
1 0.0575 0.4389 0.045 0.0545 
1 0.0581 0.5019 0.0488 0.0789 
1 0.1269 0.6203 0.0988 0.1241 
1 0.0169 0.3722 0.0288 0.0451 
1 0.0231 0.3534 0.0238 0.0338 
1 0.0094 0.2914 0.0163 0.0301 
1 0.0269 0.2331 0.0213 0.0376 
1 0.0425 0.2829 0.02 0.032 
1 0.0806 0.2265 0.0187 0.032 
1 0.0994 0.2575 0.0213 0.0338 
1 0.1231 0.2998 0.0213 0.032 
1 0.1425 0.2688 0.0175 0.0263 
1 0.17 0.2594 0.0175 0.0263 
1 0.205 0.2556 0.0175 0.0338 
1 0.205 0.2923 0.02 0.0282 
1 0.235 0.2782 0.0175 0.0301 
1 0.5887 0.3647 0.02 0.0376 
1 0.5875 0.4051 0.03 0.0508 
1 0.6231 0.4361 0.0312 0.0602 
1 0.6412 0.5085 0.0575 0.1071 
1 0.6375 0.3506 0.0225 0.0432 
1 0.6725 0.3872 0.025 0.0526 
1 0.6781 0.3496 0.0238 0.0338 
1 0.705 0.3252 0.02 0.0301 
1 0.7131 0.3459 0.0213 0.0338 
1 0.7294 0.3731 0.0262 0.047 
1 0.7431 0.4323 0.0413 0.0639 
1 0.8194 0.4464 0.0537 0.0959 
1 0.7544 0.3562 0.0213 0.0357 
1 0.7662 0.3355 0.02 0.0357 
1 0.7725 0.313 0.0175 0.032 
1 0.8756 0.3233 0.0288 0.0526 
1 0.9313 0.4023 0.0525 0.0827 
1 0.9688 0.3139 0.035 0.0564 
1 0.9775 0.3825 0.0375 0.0733 
