1 0.1845 0.4776 0.0446 0.0847 
1 0.3468 0.2616 0.018 0.0349 
1 0.3662 0.2616 0.019 0.0449 
1 0.4227 0.2184 0.018 0.0382 
1 0.4511 0.2359 0.0218 0.0332 
1 0.5261 0.1836 0.0161 0.0349 
1 0.4881 0.1927 0.0199 0.0399 
1 0.4521 0.1869 0.018 0.0316 
1 0.4578 0.1495 0.0104 0.0166 
1 0.4663 0.1603 0.018 0.0316 
1 0.4948 0.0955 0.0104 0.0216 
1 0.5342 0.0739 0.019 0.0249 
1 0.6338 0.0864 0.0209 0.0332 
1 0.6537 0.1063 0.019 0.0299 
1 0.6613 0.0839 0.0133 0.0249 
1 0.7016 0.0806 0.0142 0.0282 
1 0.7671 0.1038 0.0161 0.0349 
1 0.8833 0.2085 0.0171 0.0349 
1 0.5612 0.2816 0.0237 0.0482 
1 0.556 0.2317 0.0228 0.0382 
1 0.4905 0.3065 0.0304 0.0449 
1 0.4307 0.2716 0.0266 0.0449 
