1 0.2023 0.4877 0.046 0.0872 
1 0.3039 0.2442 0.0192 0.0345 
1 0.3413 0.2771 0.0211 0.0411 
1 0.4343 0.2821 0.023 0.0411 
1 0.3912 0.2072 0.0153 0.0329 
1 0.4329 0.2179 0.0144 0.0345 
1 0.4535 0.2237 0.0173 0.0362 
1 0.4554 0.19 0.0173 0.0312 
1 0.4372 0.1735 0.0153 0.0312 
1 0.4842 0.1933 0.0153 0.028 
1 0.4626 0.1587 0.0125 0.028 
1 0.4808 0.1579 0.0144 0.0296 
1 0.5101 0.1678 0.0134 0.0329 
1 0.4942 0.1357 0.0125 0.0247 
1 0.5681 0.1505 0.0125 0.0247 
1 0.5911 0.1595 0.0163 0.0296 
1 0.5441 0.1472 0.0125 0.028 
1 0.5513 0.1266 0.0134 0.0263 
1 0.5729 0.1266 0.0163 0.0197 
1 0.6069 0.0617 0.0115 0.0214 
1 0.6496 0.06 0.0125 0.028 
1 0.6328 0.1184 0.0153 0.0263 
1 0.6222 0.1439 0.0115 0.0247 
1 0.6007 0.125 0.0125 0.023 
1 0.4899 0.3265 0.0249 0.0444 
1 0.5681 0.3035 0.0278 0.051 
1 0.5733 0.2492 0.0211 0.0378 
1 0.617 0.2508 0.0182 0.0378 
1 0.6314 0.3035 0.0259 0.0543 
1 0.675 0.264 0.0211 0.051 
1 0.6342 0.199 0.0221 0.0362 
1 0.6798 0.2105 0.0211 0.0329 
1 0.7181 0.2031 0.0173 0.0411 
1 0.7013 0.1612 0.0163 0.0329 
1 0.7081 0.1069 0.0144 0.0296 
1 0.7306 0.1464 0.0134 0.0263 
1 0.7421 0.1801 0.0134 0.0312 
1 0.7627 0.1916 0.0182 0.028 
1 0.7718 0.153 0.0134 0.0263 
1 0.7541 0.1201 0.0144 0.0296 
1 0.7704 0.1143 0.0125 0.0312 
1 0.7761 0.1826 0.0125 0.0263 
1 0.8183 0.1908 0.0201 0.0395 
1 0.8327 0.134 0.0125 0.0214 
1 0.8504 0.1538 0.0134 0.028 
1 0.8715 0.1875 0.0153 0.0296 
1 0.8955 0.2344 0.0173 0.0312 
1 0.9089 0.1949 0.0153 0.0411 
1 0.9453 0.1998 0.0173 0.0345 
1 0.7934 0.3166 0.0221 0.0477 
1 0.7344 0.2845 0.0211 0.0526 
1 0.4799 0.2163 0.0201 0.0378 
