1 0.1732 0.4921 0.0481 0.0873 
1 0.2566 0.2723 0.0226 0.0384 
1 0.2826 0.2539 0.0196 0.0436 
1 0.3901 0.2635 0.0226 0.0384 
1 0.3759 0.1815 0.0177 0.0384 
1 0.3518 0.2461 0.0206 0.0384 
1 0.3989 0.2234 0.0167 0.0384 
1 0.4048 0.1736 0.0147 0.0262 
1 0.4318 0.2312 0.0196 0.0436 
1 0.4431 0.2016 0.0186 0.0332 
1 0.4534 0.1501 0.0157 0.0279 
1 0.4774 0.1475 0.0147 0.0332 
1 0.4789 0.1841 0.0177 0.0366 
1 0.502 0.1841 0.0186 0.0401 
1 0.5108 0.1248 0.0128 0.0227 
1 0.5368 0.1239 0.0157 0.0244 
1 0.5466 0.1955 0.0216 0.0384 
1 0.578 0.1736 0.0236 0.0401 
1 0.5859 0.1422 0.0157 0.0332 
1 0.6178 0.1466 0.0186 0.0314 
1 0.5662 0.0689 0.0157 0.0366 
1 0.6546 0.1457 0.0177 0.0366 
1 0.6506 0.1126 0.0137 0.0262 
1 0.657 0.0489 0.0128 0.0244 
1 0.6992 0.0602 0.0186 0.0366 
1 0.6963 0.1911 0.0226 0.0436 
1 0.6629 0.219 0.0265 0.0471 
1 0.6124 0.2644 0.0255 0.0541 
1 0.5594 0.26 0.0236 0.0524 
1 0.5427 0.3237 0.0275 0.0541 
1 0.4912 0.3168 0.0363 0.0611 
1 0.6811 0.3202 0.0373 0.0681 
1 0.7198 0.2731 0.0285 0.0681 
1 0.7478 0.2347 0.0216 0.0506 
1 0.735 0.1859 0.0236 0.0506 
1 0.7866 0.1937 0.0226 0.0524 
1 0.8145 0.2373 0.0236 0.0489 
1 0.7807 0.288 0.0265 0.0489 
1 0.7635 0.3176 0.0314 0.0733 
1 0.8027 0.4092 0.0353 0.0785 
1 0.8018 0.1344 0.0157 0.0349 
1 0.8332 0.1387 0.0177 0.0366 
1 0.8479 0.1283 0.0137 0.0297 
1 0.8754 0.13 0.0157 0.0332 
1 0.8342 0.2042 0.0216 0.0558 
1 0.8356 0.3063 0.0363 0.0681 
1 0.9004 0.3761 0.0442 0.089 
1 0.9092 0.3176 0.0324 0.0733 
1 0.871 0.2522 0.0226 0.0576 
1 0.8798 0.2129 0.0186 0.0489 
1 0.9249 0.2208 0.0245 0.0541 
1 0.923 0.2836 0.0285 0.0611 
1 0.9097 0.1449 0.0177 0.0314 
1 0.9362 0.1553 0.0157 0.0419 
