1 0.3216 0.1998 0.0179 0.0319 
1 0.3679 0.1989 0.0137 0.0263 
1 0.3737 0.1811 0.0126 0.0244 
1 0.41 0.1745 0.0137 0.03 
1 0.4289 0.1792 0.0137 0.0281 
1 0.4521 0.228 0.0158 0.0319 
1 0.4584 0.1707 0.0116 0.0225 
1 0.45 0.1529 0.0116 0.0244 
1 0.4384 0.1463 0.0116 0.03 
1 0.4721 0.1332 0.0095 0.0188 
1 0.4711 0.1604 0.0116 0.0244 
1 0.5042 0.1857 0.0126 0.03 
1 0.4921 0.1764 0.0095 0.03 
1 0.4937 0.1323 0.0105 0.0206 
1 0.5074 0.1323 0.0105 0.0244 
1 0.5163 0.1642 0.0116 0.0319 
1 0.5416 0.1417 0.0116 0.0281 
1 0.5689 0.1445 0.0116 0.0188 
1 0.5742 0.1257 0.0137 0.0225 
1 0.5926 0.1567 0.0126 0.0281 
1 0.59 0.1313 0.0116 0.0225 
1 0.5542 0.0619 0.0095 0.0188 
1 0.6153 0.1079 0.0095 0.0206 
1 0.6284 0.1341 0.0105 0.0169 
1 0.6253 0.1604 0.0105 0.0206 
1 0.6532 0.1116 0.0095 0.0169 
1 0.67 0.1135 0.0116 0.0281 
1 0.6789 0.1304 0.0084 0.0281 
1 0.6984 0.1238 0.0095 0.0225 
1 0.5642 0.2402 0.0189 0.045 
1 0.5505 0.1857 0.0126 0.0225 
1 0.63 0.2017 0.0158 0.0469 
1 0.6442 0.1895 0.0147 0.0338 
1 0.6637 0.2158 0.0158 0.0375 
1 0.7068 0.2355 0.0179 0.0432 
1 0.7063 0.1951 0.0147 0.0338 
1 0.6905 0.1801 0.0126 0.0338 
1 0.7653 0.3189 0.0337 0.0713 
1 0.7326 0.1764 0.0168 0.0338 
1 0.7247 0.1473 0.0116 0.0244 
1 0.7505 0.1398 0.0105 0.0169 
1 0.7616 0.1323 0.0095 0.0169 
1 0.7684 0.1735 0.0126 0.0319 
1 0.7863 0.1651 0.0105 0.0263 
1 0.8053 0.1585 0.0147 0.0319 
1 0.8168 0.137 0.0126 0.03 
1 0.7926 0.212 0.0147 0.0413 
1 0.8137 0.1923 0.0126 0.0394 
1 0.8274 0.1717 0.0105 0.0319 
1 0.8521 0.1379 0.0116 0.0281 
1 0.8826 0.152 0.0116 0.0263 
1 0.8537 0.1989 0.0126 0.0375 
1 0.8784 0.2298 0.0137 0.0432 
1 0.8868 0.2045 0.0137 0.0225 
1 0.9147 0.1829 0.0105 0.0244 
1 0.9311 0.228 0.0158 0.0432 
1 0.9358 0.1707 0.0126 0.0225 
1 0.8721 0.272 0.0179 0.045 
