1 0.058 0.3665 0.076 0.108 
1 0.203 0.3651 0.05 0.0881 
1 0.332 0.3295 0.04 0.0795 
1 0.41 0.321 0.04 0.0625 
1 0.466 0.3125 0.028 0.0568 
1 0.484 0.3139 0.02 0.0426 
1 0.537 0.3153 0.03 0.0568 
1 0.516 0.304 0.02 0.0398 
1 0.609 0.3182 0.026 0.0511 
1 0.705 0.2216 0.046 0.0795 
1 0.778 0.2273 0.04 0.0852 
1 0.808 0.2486 0.036 0.0597 
1 0.772 0.4034 0.076 0.0966 
1 0.786 0.4815 0.076 0.0938 
1 0.737 0.5554 0.07 0.0938 
1 0.102 0.2017 0.04 0.0455 
1 0.093 0.2344 0.022 0.0312 
1 0.084 0.267 0.028 0.0341 
1 0.033 0.2457 0.03 0.0369 
1 0.014 0.2713 0.024 0.0483 
1 0.027 0.1946 0.026 0.0426 
1 0.061 0.1918 0.022 0.0256 
1 0.148 0.2003 0.02 0.0199 
1 0.149 0.2415 0.022 0.0284 
1 0.155 0.2301 0.014 0.0227 
1 0.148 0.179 0.02 0.0284 
1 0.193 0.2017 0.018 0.0284 
1 0.236 0.2443 0.02 0.0341 
1 0.206 0.2614 0.024 0.0341 
1 0.199 0.2969 0.022 0.0426 
1 0.296 0.2358 0.032 0.0511 
1 0.265 0.2472 0.022 0.0227 
1 0.263 0.1889 0.022 0.0312 
1 0.228 0.2145 0.012 0.0199 
1 0.338 0.2145 0.012 0.0256 
1 0.416 0.2102 0.024 0.0398 
1 0.491 0.2528 0.022 0.0341 
1 0.451 0.2372 0.022 0.0369 
1 0.444 0.2017 0.016 0.0227 
1 0.498 0.2173 0.012 0.0312 
1 0.478 0.2259 0.012 0.0256 
1 0.568 0.2287 0.02 0.0312 
1 0.538 0.2344 0.016 0.0256 
1 0.521 0.2472 0.014 0.0227 
1 0.588 0.2344 0.02 0.0256 
1 0.649 0.2401 0.014 0.0256 
1 0.621 0.2372 0.014 0.0256 
1 0.633 0.2969 0.014 0.0312 
1 0.609 0.2827 0.014 0.0199 
1 0.361 0.2401 0.022 0.0312 
1 0.364 0.206 0.012 0.0256 
1 0.378 0.1932 0.012 0.0227 
1 0.395 0.1989 0.01 0.0227 
