1 0.1956 0.4653 0.0481 0.1074 
1 0.2545 0.4364 0.0452 0.1025 
1 0.3172 0.2835 0.0217 0.0446 
1 0.3728 0.2595 0.0198 0.043 
1 0.4171 0.2388 0.0198 0.038 
1 0.4317 0.2785 0.0245 0.038 
1 0.4477 0.2314 0.0226 0.043 
1 0.4548 0.1934 0.0179 0.043 
1 0.4788 0.2 0.0189 0.0397 
1 0.4623 0.0909 0.0179 0.0298 
1 0.467 0.1562 0.016 0.0314 
1 0.4783 0.1579 0.0141 0.0314 
1 0.5273 0.1628 0.0179 0.0314 
1 0.5377 0.1413 0.016 0.0347 
1 0.5556 0.1554 0.0179 0.0364 
1 0.5815 0.1562 0.0189 0.0413 
1 0.5424 0.2025 0.0179 0.0347 
1 0.4811 0.3281 0.0311 0.0612 
1 0.6621 0.2628 0.0292 0.0529 
1 0.722 0.286 0.0283 0.0628 
1 0.697 0.1554 0.0217 0.043 
1 0.7267 0.1322 0.017 0.0331 
1 0.7347 0.1579 0.0179 0.0347 
1 0.7512 0.1281 0.0151 0.038 
1 0.7681 0.1661 0.0207 0.0446 
1 0.7856 0.2694 0.0292 0.0562 
1 0.8077 0.1934 0.0226 0.043 
1 0.8761 0.2182 0.0217 0.0463 
1 0.8214 0.1339 0.0141 0.0331 
