1 0.065 0.3979 0.038 0.0691 
1 0.126 0.4024 0.04 0.0661 
1 0.167 0.509 0.038 0.0691 
1 0.213 0.3994 0.038 0.0661 
1 0.251 0.512 0.034 0.0631 
1 0.282 0.4084 0.036 0.0541 
1 0.326 0.4174 0.036 0.0661 
1 0.346 0.512 0.04 0.0691 
1 0.387 0.4129 0.034 0.0571 
1 0.427 0.506 0.042 0.0691 
1 0.466 0.4099 0.036 0.0631 
1 0.512 0.5 0.04 0.0751 
1 0.494 0.3994 0.028 0.048 
1 0.537 0.4099 0.03 0.0631 
1 0.568 0.4039 0.032 0.0631 
1 0.607 0.515 0.046 0.0871 
1 0.6 0.3964 0.036 0.0661 
1 0.663 0.4069 0.038 0.0631 
1 0.673 0.503 0.038 0.0691 
1 0.734 0.4054 0.04 0.0721 
1 0.766 0.521 0.04 0.0691 
1 0.806 0.4009 0.044 0.0691 
1 0.842 0.4054 0.04 0.0721 
